0 0.48359375 0.64375 0.0484375 0.184375
0 0.81953125 0.06484375 0.0734375 0.128125
0 0.6828125 0.04765625 0.0640625 0.0953125
0 0.94140625 0.1265625 0.065625 0.21875
0 0.728125 0.13671875 0.0625 0.2109375
0 0.60546875 0.11015625 0.065625 0.209375
0 0.48203125 0.0625 0.0703125 0.125
0 0.296875 0.08359375 0.0640625 0.1671875
0 0.15703125 0.07734375 0.065625 0.1546875
0 0.96328125 0.2625 0.0546875 0.1875
0 0.871875 0.2609375 0.0640625 0.215625
0 0.6546875 0.26796875 0.059375 0.21875
0 0.5421875 0.21953125 0.0640625 0.190625
0 0.39765625 0.1640625 0.0671875 0.209375
0 0.2375 0.1703125 0.059375 0.2
0 0.07578125 0.20546875 0.084375 0.253125
0 0.178125 0.24921875 0.0609375 0.203125
0 0.34140625 0.275 0.065625 0.190625
0 0.46640625 0.31015625 0.05 0.18125
0 0.590625 0.3375 0.071875 0.1984375
0 0.796875 0.31484375 0.05625 0.1890625
0 0.89296875 0.3390625 0.059375 0.1984375
0 0.96875 0.4125 0.059375 0.1859375
0 0.83046875 0.4296875 0.046875 0.1875
0 0.7328125 0.41796875 0.06875 0.190625
0 0.546875 0.43203125 0.0484375 0.178125
0 0.4125 0.37734375 0.06875 0.20625
0 0.27890625 0.375 0.071875 0.20625
0 0.13203125 0.36796875 0.0640625 0.1640625
0 0.028125 0.32578125 0.05625 0.203125
0 0.05390625 0.45703125 0.06875 0.2125
0 0.209375 0.465625 0.05 0.178125
0 0.37265625 0.45234375 0.040625 0.165625
0 0.46875 0.4890625 0.071875 0.184375
0 0.675 0.46875 0.08125 0.1765625
0 0.7640625 0.47265625 0.059375 0.1515625
0 0.9015625 0.49609375 0.0671875 0.14375
0 0.94140625 0.590625 0.071875 0.184375
0 0.81796875 0.5640625 0.0515625 0.1875
0 0.7 0.559375 0.05625 0.128125
0 0.61484375 0.540625 0.0671875 0.178125
0 0.31875 0.50546875 0.06875 0.184375
0 0.16171875 0.509375 0.0875 0.171875
0 0.27890625 0.56796875 0.0625 0.1640625
0 0.125 0.5984375 0.05625 0.178125
0 0.23515625 0.63671875 0.0640625 0.196875
0 0.1953125 0.6828125 0.053125 0.1859375
0 0.153125 0.7515625 0.0609375 0.18125
0 0.08515625 0.6828125 0.04375 0.2
0 0.0359375 0.75 0.071875 0.190625
0 0.11015625 0.82265625 0.053125 0.140625
0 0.0703125 0.86171875 0.059375 0.1625
0 0.04453125 0.9140625 0.0578125 0.171875
0 0.35859375 0.6234375 0.06875 0.190625
0 0.31015625 0.7078125 0.065625 0.184375
0 0.259375 0.75390625 0.078125 0.190625
0 0.21484375 0.80859375 0.071875 0.165625
0 0.16640625 0.87890625 0.059375 0.1390625
0 0.13046875 0.9125 0.0484375 0.128125
0 0.09140625 0.93125 0.053125 0.1375
0 0.54296875 0.6 0.059375 0.14375
0 0.4515625 0.62578125 0.071875 0.146875
0 0.42578125 0.73984375 0.0625 0.14375
0 0.38515625 0.77265625 0.0671875 0.1375
0 0.328125 0.86328125 0.05625 0.1515625
0 0.26328125 0.91015625 0.0625 0.1765625
0 0.215625 0.9375 0.046875 0.125
0 0.64921875 0.6109375 0.05 0.1390625
0 0.57421875 0.66953125 0.0609375 0.1640625
0 0.51875 0.76328125 0.059375 0.153125
0 0.4703125 0.8171875 0.059375 0.1875
0 0.41875 0.87578125 0.0484375 0.153125
0 0.35390625 0.93203125 0.04375 0.1359375
0 0.75 0.6265625 0.0625 0.2
0 0.68671875 0.68671875 0.05625 0.159375
0 0.62421875 0.734375 0.053125 0.146875
0 0.584375 0.82109375 0.059375 0.1375
0 0.53671875 0.85625 0.0546875 0.1484375
0 0.490625 0.9125 0.05 0.125
0 0.45234375 0.9390625 0.0546875 0.121875
0 0.41015625 0.95234375 0.034375 0.0953125
0 0.87734375 0.64453125 0.05625 0.128125
0 0.82421875 0.6984375 0.053125 0.1140625
0 0.75625 0.75703125 0.053125 0.1109375
0 0.68046875 0.83125 0.05 0.121875
0 0.628125 0.87265625 0.053125 0.11875
0 0.58125 0.9171875 0.0453125 0.11875
0 0.53984375 0.95078125 0.0453125 0.0984375
0 0.96796875 0.68046875 0.0640625 0.13125
0 0.93203125 0.73203125 0.059375 0.134375
0 0.85390625 0.79140625 0.046875 0.121875
0 0.80078125 0.859375 0.0515625 0.121875
0 0.75625 0.89453125 0.0484375 0.125
0 0.67109375 0.9265625 0.046875 0.096875
0 0.91015625 0.82109375 0.05 0.11875
0 0.97734375 0.77421875 0.0453125 0.09375
0 0.9328125 0.934375 0.0453125 0.09375
0 0.85703125 0.89296875 0.0390625 0.103125
0 0.81015625 0.934375 0.046875 0.1109375
0 0.7328125 0.95546875 0.04375 0.0890625
0 0.97578125 0.87734375 0.0484375 0.1484375