0 0.7625 0.1234375 0.475 0.140625
0 0.6046875 0.23125 0.10625 0.0875
0 0.47890625 0.16015625 0.221875 0.13125
0 0.453125 0.26484375 0.2375 0.1640625
0 0.7453125 0.30390625 0.509375 0.09375
0 0.51796875 0.353125 0.1625 0.075
0 0.4546875 0.39140625 0.1 0.084375
0 0.734375 0.39453125 0.53125 0.128125
0 0.74921875 0.4625 0.5015625 0.1375
0 0.384375 0.47109375 0.1859375 0.08125
0 0.4421875 0.50625 0.146875 0.0625
0 0.73046875 0.5796875 0.496875 0.14375
0 0.475 0.5953125 0.184375 0.121875
0 0.39375 0.6171875 0.1875 0.08125
0 0.3671875 0.671875 0.290625 0.10625
0 0.38046875 0.75078125 0.265625 0.1328125
0 0.68828125 0.9203125 0.6125 0.159375
0 0.69296875 0.80078125 0.6140625 0.1640625
0 0.43984375 0.64375 0.040625 0.01875
0 0.68671875 0.690625 0.496875 0.1453125
0 0.7265625 0.57890625 0.546875 0.1515625