0 0.0796875 0.078125 0.115625 0.15625
0 0.415625 0.259375 0.08984375 0.25
0 0.61328125 0.27734375 0.0640625 0.1875
0 0.3328125 0.571875 0.09375 0.165625
0 0.5828125 0.565625 0.09296875 0.15546875
0 0.6703125 0.15625 0.0734375 0.17890625
0 0.671875 0.4265625 0.06484375 0.18359375
0 0.7046875 0.5734375 0.10078125 0.203125
0 0.78125 0.50625 0.07734375 0.134375
0 0.8109375 0.43828125 0.0796875 0.13203125
0 0.81015625 0.10078125 0.0953125 0.2015625
0 0.1046875 0.3765625 0.13125 0.153125
0 0.0703125 0.72109375 0.115625 0.19140625
0 0.6265625 0.734375 0.10625 0.16796875
0 0.8890625 0.8640625 0.15234375 0.15
0 0.85 0.315625 0.1140625 0.1609375
0 0.89609375 0.3859375 0.1046875 0.16953125
0 0.934375 0.53515625 0.13125 0.184375
0 0.0515625 0.50234375 0.10234375 0.19609375
0 0.3421875 0.0703125 0.08984375 0.140625