0 0.734375 0.44765625 0.08125 0.234375
0 0.65625 0.321875 0.078125 0.096875
0 0.484375 0.37421875 0.075 0.190625
0 0.4515625 0.4765625 0.0703125 0.178125
0 0.3671875 0.484375 0.084375 0.1609375
0 0.3359375 0.43828125 0.0625 0.1875
0 0.22734375 0.496875 0.1015625 0.178125
0 0.23125 0.4140625 0.0953125 0.171875
0 0.2703125 0.3359375 0.0765625 0.1859375
0 0.2421875 0.23515625 0.078125 0.171875
0 0.3015625 0.16015625 0.1046875 0.20625
0 0.18125 0.15234375 0.078125 0.215625
0 0.7484375 0.1046875 0.1 0.209375
0 0.84375 0.0703125 0.115625 0.140625
0 0.790625 0.609375 0.096875 0.165625
0 0.56875 0.58515625 0.08125 0.1625
0 0.92421875 0.865625 0.1078125 0.15
0 0.9046875 0.659375 0.08125 0.078125
0 0.5171875 0.7 0.0875 0.16875