0 0.3484375 0.20078125 0.1 0.2078125
0 0.559375 0.48359375 0.08125 0.1875
0 0.73828125 0.8125 0.078125 0.20625
0 0.92890625 0.6578125 0.0875 0.221875
0 0.79296875 0.5390625 0.0796875 0.19375
0 0.940625 0.1671875 0.0828125 0.18125
0 0.30859375 0.55546875 0.0875 0.20625
0 0.09140625 0.56796875 0.09375 0.196875
0 0.240625 0.88359375 0.084375 0.2
0 0.33984375 0.8625 0.0875 0.225
0 0.3953125 0.52421875 0.071875 0.2265625
0 0.2 0.14765625 0.075 0.203125
0 0.63125 0.08671875 0.096875 0.1734375
0 0.884375 0.4046875 0.084375 0.2453125
0 0.8609375 0.90234375 0.071875 0.1953125
0 0.44140625 0.678125 0.0625 0.153125
0 0.1296875 0.7765625 0.0875 0.209375
0 0.665625 0.409375 0.075 0.20625
0 0.0859375 0.29375 0.075 0.103125