0 0.159375 0.11484375 0.275 0.084375
0 0.29609375 0.08359375 0.11875 0.05
0 0.3328125 0.125 0.1515625 0.075
0 0.1875 0.22890625 0.25625 0.0703125
0 0.37890625 0.2359375 0.20625 0.09375
0 0.57890625 0.0734375 0.25625 0.059375
0 0.65546875 0.04453125 0.203125 0.0484375
0 0.5640625 0.178125 0.228125 0.075
0 0.60234375 0.24375 0.2234375 0.071875
0 0.459375 0.29921875 0.346875 0.08125
0 0.15234375 0.3015625 0.19375 0.0859375
0 0.06015625 0.2953125 0.1203125 0.1
0 0.20078125 0.35390625 0.296875 0.090625
0 0.2515625 0.4578125 0.24375 0.090625
0 0.1421875 0.46484375 0.1484375 0.075
0 0.05546875 0.46015625 0.1109375 0.090625
0 0.3125 0.5765625 0.215625 0.0640625
0 0.40234375 0.4765625 0.140625 0.08125
0 0.45234375 0.3984375 0.15625 0.0796875
0 0.37578125 0.35703125 0.140625 0.065625
0 0.7046875 0.16015625 0.14375 0.059375
0 0.7109375 0.221875 0.140625 0.05625
0 0.7296875 0.275 0.14375 0.0625
0 0.79140625 0.04296875 0.11875 0.05625
0 0.77734375 0.18203125 0.125 0.053125
0 0.85703125 0.29765625 0.153125 0.05625
0 0.81328125 0.27578125 0.1375 0.053125
0 0.91015625 0.203125 0.140625 0.0625
0 0.9109375 0.35390625 0.13125 0.0453125
0 0.95546875 0.30703125 0.084375 0.0453125
0 0.86640625 0.38203125 0.11875 0.059375
0 0.90625 0.40234375 0.128125 0.053125
0 0.7765625 0.3796875 0.1359375 0.065625
0 0.75859375 0.353125 0.0984375 0.046875
0 0.671875 0.34375 0.134375 0.0640625
0 0.63359375 0.4 0.1625 0.0484375
0 0.7359375 0.4171875 0.103125 0.028125
0 0.78125 0.45234375 0.140625 0.053125
0 0.64921875 0.46640625 0.175 0.06875
0 0.521875 0.425 0.153125 0.053125
0 0.4640625 0.51484375 0.128125 0.0453125
0 0.44609375 0.5640625 0.1515625 0.065625
0 0.51953125 0.60703125 0.1671875 0.0578125
0 0.56953125 0.54921875 0.1375 0.06875
0 0.65390625 0.56484375 0.0875 0.05
0 0.703125 0.53828125 0.1171875 0.053125
0 0.73125 0.57421875 0.103125 0.046875
0 0.7609375 0.496875 0.10625 0.059375
0 0.80390625 0.578125 0.1125 0.0484375
0 0.846875 0.54296875 0.109375 0.05625
0 0.89140625 0.571875 0.096875 0.040625
0 0.9109375 0.55234375 0.109375 0.040625
0 0.89140625 0.46015625 0.08125 0.053125
0 0.8484375 0.46171875 0.1 0.0546875
0 0.95234375 0.45546875 0.08125 0.046875
0 0.92265625 0.65625 0.13125 0.0421875
0 0.9078125 0.6703125 0.0921875 0.0375
0 0.91796875 0.7 0.10625 0.0515625
0 0.8 0.67734375 0.159375 0.053125
0 0.71484375 0.7109375 0.196875 0.0625
0 0.67109375 0.66171875 0.1328125 0.0671875
0 0.59765625 0.6640625 0.14375 0.0453125
0 0.54609375 0.6984375 0.14375 0.05625
0 0.37890625 0.6359375 0.19375 0.06875
0 0.209375 0.61015625 0.2453125 0.071875
0 0.071875 0.62109375 0.14375 0.0953125
0 0.3953125 0.71640625 0.165625 0.065625
0 0.490625 0.7125 0.0953125 0.0515625
0 0.54453125 0.75625 0.234375 0.0625
0 0.240625 0.7328125 0.1875 0.065625
0 0.14140625 0.78984375 0.2 0.08125
0 0.44453125 0.8375 0.203125 0.08125
0 0.56953125 0.81953125 0.1546875 0.065625
0 0.67109375 0.8171875 0.125 0.0703125
0 0.80703125 0.7453125 0.209375 0.06875
0 0.88359375 0.78671875 0.159375 0.0609375
0 0.61953125 0.92421875 0.234375 0.0625
0 0.5 0.953125 0.196875 0.059375
0 0.3203125 0.8515625 0.184375 0.078125
0 0.2671875 0.91796875 0.1625 0.09375
0 0.12734375 0.9015625 0.2546875 0.08125
0 0.053125 0.7953125 0.10625 0.096875
0 0.83515625 0.10078125 0.259375 0.071875