0 0.746875 0.46171875 0.50625 0.16875
0 0.8125 0.76015625 0.375 0.2265625
0 0.70859375 0.709375 0.428125 0.175
0 0.57890625 0.8 0.275 0.1296875
0 0.53828125 0.9640625 0.390625 0.0703125
0 0.48359375 0.6953125 0.303125 0.1375
0 0.76875 0.15 0.4625 0.20625
0 0.66796875 0.259375 0.4296875 0.184375
0 0.70546875 0.06796875 0.5890625 0.1359375
0 0.63671875 0.5671875 0.45625 0.13125
0 0.39453125 0.60546875 0.2171875 0.109375
0 0.46015625 0.525 0.2328125 0.096875
0 0.48125 0.4109375 0.253125 0.1
0 0.6859375 0.9109375 0.590625 0.1109375
0 0.41640625 0.30859375 0.203125 0.10625
0 0.49296875 0.16484375 0.20625 0.125
0 0.37890625 0.2265625 0.140625 0.096875
0 0.39765625 0.4609375 0.196875 0.115625
0 0.37109375 0.36484375 0.1546875 0.078125
0 0.27734375 0.4109375 0.146875 0.115625
0 0.3578125 0.78203125 0.184375 0.0921875
0 0.390625 0.853125 0.153125 0.1
0 0.3515625 0.12265625 0.1296875 0.075
0 0.2671875 0.22734375 0.178125 0.109375
0 0.29140625 0.315625 0.128125 0.0796875
0 0.17109375 0.678125 0.1625 0.08125
0 0.23515625 0.71328125 0.140625 0.08125
0 0.25390625 0.759375 0.1359375 0.0765625
0 0.2328125 0.81953125 0.153125 0.0796875
0 0.33984375 0.92109375 0.234375 0.0953125
0 0.1828125 0.52109375 0.1265625 0.071875
0 0.2953125 0.54609375 0.1359375 0.071875
0 0.3265625 0.51640625 0.125 0.0625
0 0.253125 0.615625 0.1640625 0.0703125
0 0.215625 0.35625 0.159375 0.075
0 0.3265625 0.02421875 0.15 0.0484375
0 0.30234375 0.08203125 0.125 0.071875
0 0.21171875 0.90078125 0.1546875 0.078125