0 0.26796875 0.084375 0.5359375 0.16875
0 0.4390625 0.1640625 0.3625 0.15625
0 0.56640625 0.0734375 0.19375 0.103125
0 0.253125 0.28046875 0.50625 0.153125
0 0.259375 0.40390625 0.51875 0.2140625
0 0.24453125 0.6484375 0.4890625 0.20625
0 0.4078125 0.72109375 0.33125 0.11875
0 0.29375 0.86328125 0.5875 0.2046875
0 0.4734375 0.57265625 0.365625 0.134375
0 0.50078125 0.44140625 0.3125 0.1671875
0 0.52734375 0.29375 0.25 0.1296875
0 0.55078125 0.35625 0.19375 0.10625
0 0.60546875 0.4828125 0.23125 0.096875
0 0.60234375 0.65390625 0.259375 0.1
0 0.590625 0.72890625 0.24375 0.1
0 0.53359375 0.7859375 0.2328125 0.084375
0 0.5359375 0.896875 0.309375 0.1921875
0 0.73828125 0.1671875 0.275 0.084375
0 0.74609375 0.04921875 0.315625 0.09375
0 0.75078125 0.31796875 0.2921875 0.0921875
0 0.765625 0.5546875 0.2625 0.0734375
0 0.7640625 0.8328125 0.30625 0.065625
0 0.7484375 0.9 0.340625 0.08125
0 0.78515625 0.965625 0.296875 0.06875
0 0.8390625 0.45390625 0.26875 0.065625
0 0.79765625 0.125 0.2953125 0.084375