0 0.7640625 0.35078125 0.390625 0.190625
0 0.61484375 0.7578125 0.434375 0.21875
0 0.52578125 0.56640625 0.209375 0.1375
0 0.53125 0.32578125 0.1828125 0.1046875
0 0.421875 0.18984375 0.2796875 0.11875
0 0.37265625 0.08203125 0.271875 0.109375
0 0.33359375 0.2921875 0.23125 0.0734375
0 0.35546875 0.3640625 0.203125 0.0734375
0 0.3671875 0.453125 0.24375 0.0859375
0 0.3671875 0.55546875 0.190625 0.109375
0 0.3515625 0.6734375 0.215625 0.09375
0 0.3828125 0.76640625 0.215625 0.1203125
0 0.2234375 0.1609375 0.121875 0.071875
0 0.2265625 0.2296875 0.1015625 0.0546875
0 0.2234375 0.33515625 0.1375 0.06875