0 0.51640625 0.35625 0.0484375 0.18515625
0 0.18046875 0.93515625 0.0734375 0.128125
0 0.3171875 0.95234375 0.0640625 0.0953125
0 0.05859375 0.8734375 0.06484375 0.21796875
0 0.271875 0.86328125 0.06328125 0.2109375
0 0.39453125 0.88984375 0.06484375 0.21015625
0 0.51796875 0.9375 0.0703125 0.12421875
0 0.703125 0.91640625 0.0640625 0.1671875
0 0.84296875 0.92265625 0.06484375 0.1546875
0 0.03671875 0.7375 0.0546875 0.1875
0 0.128125 0.7390625 0.0640625 0.21640625
0 0.3453125 0.73203125 0.05859375 0.21796875
0 0.4578125 0.78046875 0.0640625 0.190625
0 0.60234375 0.8359375 0.0671875 0.21015625
0 0.7625 0.8296875 0.05859375 0.2
0 0.92421875 0.79453125 0.08359375 0.253125
0 0.821875 0.75078125 0.0609375 0.203125
0 0.65859375 0.725 0.06484375 0.190625
0 0.53359375 0.68984375 0.04921875 0.18203125
0 0.409375 0.6625 0.071875 0.1984375
0 0.203125 0.68515625 0.05546875 0.1890625
0 0.10703125 0.6609375 0.05859375 0.1984375
0 0.03125 0.5875 0.05859375 0.1859375
0 0.16953125 0.5703125 0.04765625 0.1875
0 0.2671875 0.58203125 0.06796875 0.19140625
0 0.453125 0.56796875 0.0484375 0.17890625
0 0.5875 0.62265625 0.06796875 0.20546875
0 0.72109375 0.625 0.071875 0.20703125
0 0.86796875 0.63203125 0.0640625 0.1640625
0 0.971875 0.67421875 0.05546875 0.20390625
0 0.94609375 0.54296875 0.06875 0.2125
0 0.790625 0.534375 0.05078125 0.17890625
0 0.62734375 0.54765625 0.04140625 0.16640625
0 0.53125 0.5109375 0.07109375 0.18515625
0 0.325 0.53125 0.08046875 0.1765625
0 0.2359375 0.52734375 0.05859375 0.1515625
0 0.0984375 0.50390625 0.0671875 0.14296875
0 0.05859375 0.409375 0.07265625 0.18515625
0 0.18203125 0.4359375 0.0515625 0.1875
0 0.3 0.440625 0.05625 0.128125
0 0.38515625 0.459375 0.0671875 0.17890625
0 0.68125 0.49453125 0.06796875 0.18359375
0 0.83828125 0.490625 0.08671875 0.17265625
0 0.72109375 0.43203125 0.06171875 0.1640625
0 0.875 0.4015625 0.05703125 0.178125
0 0.76484375 0.36328125 0.0640625 0.19609375
0 0.8046875 0.3171875 0.053125 0.1859375
0 0.846875 0.2484375 0.0609375 0.18046875
0 0.91484375 0.3171875 0.04453125 0.2
0 0.9640625 0.25 0.071875 0.19140625
0 0.88984375 0.17734375 0.05234375 0.14140625
0 0.9296875 0.13828125 0.06015625 0.1625
0 0.95546875 0.0859375 0.0578125 0.171875
0 0.64140625 0.3765625 0.06953125 0.19140625
0 0.68984375 0.2921875 0.065625 0.18359375
0 0.740625 0.24609375 0.07734375 0.19140625
0 0.78515625 0.19140625 0.071875 0.165625
0 0.83359375 0.12109375 0.06015625 0.1390625
0 0.86953125 0.0875 0.0484375 0.128125
0 0.90859375 0.06875 0.05234375 0.1375
0 0.45703125 0.4 0.05859375 0.14453125
0 0.5484375 0.37421875 0.071875 0.14609375
0 0.57421875 0.26015625 0.06171875 0.14453125
0 0.61484375 0.22734375 0.0671875 0.1375
0 0.671875 0.13671875 0.05625 0.1515625
0 0.73671875 0.08984375 0.06328125 0.1765625
0 0.784375 0.0625 0.04765625 0.12421875
0 0.35078125 0.3890625 0.04921875 0.1390625
0 0.42578125 0.33046875 0.0609375 0.1640625
0 0.48125 0.23671875 0.05859375 0.15390625
0 0.5296875 0.1828125 0.06015625 0.1875
0 0.58125 0.12421875 0.0484375 0.15390625
0 0.64609375 0.06796875 0.04296875 0.1359375
0 0.25 0.3734375 0.06328125 0.2
0 0.31328125 0.31328125 0.05703125 0.16015625
0 0.37578125 0.265625 0.053125 0.14765625
0 0.415625 0.17890625 0.059375 0.1375
0 0.46328125 0.14375 0.0546875 0.1484375
0 0.509375 0.0875 0.05078125 0.125
0 0.54765625 0.0609375 0.0546875 0.121875
0 0.58984375 0.04765625 0.03515625 0.0953125
0 0.12265625 0.35546875 0.05546875 0.128125
0 0.17578125 0.3015625 0.05234375 0.1140625
0 0.24375 0.24296875 0.05234375 0.1109375
0 0.31953125 0.16875 0.05078125 0.12109375
0 0.371875 0.12734375 0.053125 0.11796875
0 0.41875 0.0828125 0.0453125 0.11796875
0 0.46015625 0.04921875 0.0453125 0.0984375
0 0.03203125 0.31953125 0.0640625 0.13046875
0 0.06796875 0.26796875 0.05859375 0.13359375
0 0.14609375 0.20859375 0.04765625 0.12265625
0 0.19921875 0.140625 0.0515625 0.12265625
0 0.24375 0.10546875 0.0484375 0.125
0 0.32890625 0.0734375 0.04765625 0.09765625
0 0.08984375 0.17890625 0.04921875 0.11796875
0 0.02265625 0.22578125 0.0453125 0.09296875
0 0.0671875 0.065625 0.0453125 0.09296875
0 0.14296875 0.10703125 0.0390625 0.103125
0 0.18984375 0.065625 0.046875 0.1109375
0 0.2671875 0.04453125 0.04375 0.0890625
0 0.02421875 0.12265625 0.0484375 0.1484375