0 0.14921875 0.58828125 0.15234375 0.6046875
0 0.25390625 0.603125 0.134375 0.50390625
0 0.31484375 0.45078125 0.08046875 0.425
0 0.3796875 0.65703125 0.1328125 0.60546875
0 0.48359375 0.625 0.1203125 0.5515625
0 0.5796875 0.6046875 0.109375 0.55078125
0 0.6546875 0.565625 0.078125 0.65
0 0.596875 0.27109375 0.08046875 0.16875
0 0.5328125 0.33203125 0.06796875 0.12265625
0 0.44921875 0.30859375 0.08046875 0.13359375
0 0.38671875 0.2828125 0.090625 0.1484375
0 0.7859375 0.59140625 0.084375 0.67578125
0 0.9015625 0.60625 0.11875 0.6890625
0 0.72109375 0.3 0.10546875 0.15703125