0 0.134375 0.4609375 0.1125 0.4859375
0 0.246875 0.4703125 0.1 0.23203125
0 0.28046875 0.328125 0.08125 0.1296875
0 0.3546875 0.3296875 0.0890625 0.12578125
0 0.3484375 0.559375 0.11875 0.36796875
0 0.44375 0.39453125 0.109375 0.25546875
0 0.49296875 0.60859375 0.128125 0.51015625
0 0.61171875 0.6609375 0.16328125 0.20390625
0 0.69296875 0.525 0.0796875 0.2234375
0 0.86796875 0.47578125 0.140625 0.22890625
0 0.78984375 0.390625 0.07578125 0.20703125
0 0.70078125 0.37265625 0.10703125 0.12265625
0 0.59453125 0.41875 0.0953125 0.21796875