0 0.58828125 0.14921875 0.6046875 0.153125
0 0.603125 0.25390625 0.503125 0.134375
0 0.45078125 0.31484375 0.425 0.08125
0 0.65703125 0.3796875 0.60625 0.1328125
0 0.625 0.48359375 0.5515625 0.1203125
0 0.6046875 0.5796875 0.55 0.109375
0 0.565625 0.6546875 0.65 0.078125
0 0.27109375 0.596875 0.16875 0.08125
0 0.33203125 0.5328125 0.121875 0.06875
0 0.30859375 0.44921875 0.134375 0.08125
0 0.2828125 0.38671875 0.1484375 0.090625
0 0.59140625 0.7859375 0.675 0.084375
0 0.60625 0.9015625 0.6890625 0.11875
0 0.3 0.72109375 0.15625 0.10625