0 0.13046875 0.50234375 0.090625 0.52421875
0 0.26171875 0.48984375 0.09921875 0.515625
0 0.2046875 0.321875 0.1046875 0.23828125
0 0.3171875 0.30078125 0.06875 0.18046875
0 0.4203125 0.521875 0.1015625 0.5375
0 0.359375 0.32265625 0.07421875 0.16171875
0 0.525 0.4875 0.09921875 0.49453125
0 0.47265625 0.253125 0.053125 0.13359375
0 0.59375 0.253125 0.04609375 0.18984375
0 0.6375 0.503125 0.0890625 0.50390625
0 0.7359375 0.34609375 0.0765625 0.3421875
0 0.84609375 0.528125 0.1015625 0.625
0 0.896875 0.22578125 0.10078125 0.29609375