0 0.09609375 0.5953125 0.09921875 0.44453125
0 0.175 0.5640625 0.08984375 0.31640625
0 0.1828125 0.353125 0.11484375 0.2265625
0 0.2375 0.29765625 0.0578125 0.2421875
0 0.30390625 0.28125 0.065625 0.17109375
0 0.3515625 0.29296875 0.0625 0.1515625
0 0.41328125 0.271875 0.07109375 0.1375
0 0.471875 0.359375 0.06015625 0.16015625
0 0.57265625 0.25078125 0.0765625 0.1875
0 0.63203125 0.2671875 0.05234375 0.18125
0 0.6875 0.2734375 0.0765625 0.2421875
0 0.7484375 0.2703125 0.06953125 0.19765625
0 0.803125 0.284375 0.08984375 0.184375
0 0.86953125 0.3625 0.0828125 0.28125
0 0.2640625 0.5546875 0.08046875 0.17890625
0 0.34140625 0.7546875 0.13515625 0.371875
0 0.46171875 0.740625 0.11953125 0.32890625
0 0.6078125 0.7625 0.13125 0.33125
0 0.80390625 0.675 0.103125 0.4515625
0 0.79375 0.43203125 0.07578125 0.10234375
0 0.7296875 0.47421875 0.084375 0.22265625
0 0.68671875 0.61171875 0.09375 0.3328125
0 0.628125 0.43671875 0.07890625 0.153125
0 0.58515625 0.525 0.0828125 0.2
0 0.56484375 0.3640625 0.07734375 0.10859375
0 0.509375 0.48984375 0.07421875 0.20390625
0 0.42109375 0.48671875 0.0765625 0.215625
0 0.421875 0.3640625 0.06171875 0.08828125
0 0.34609375 0.46796875 0.075 0.215625
0 0.278125 0.434375 0.075 0.1484375