0 0.0859375 0.375 0.11796875 0.39921875
0 0.20078125 0.32890625 0.0984375 0.3453125
0 0.27421875 0.2578125 0.05859375 0.14609375
0 0.3421875 0.328125 0.08984375 0.34375
0 0.3734375 0.6625 0.15546875 0.37421875
0 0.22109375 0.70234375 0.13828125 0.4078125
0 0.0953125 0.72265625 0.13984375 0.40390625
0 0.415625 0.3375 0.10234375 0.25703125
0 0.4796875 0.4296875 0.103125 0.32734375
0 0.56640625 0.403125 0.09375 0.33515625
0 0.5296875 0.69609375 0.11171875 0.39609375
0 0.66640625 0.68984375 0.11484375 0.3125
0 0.75703125 0.7890625 0.1390625 0.34453125
0 0.9328125 0.7453125 0.134375 0.375
0 0.7921875 0.57734375 0.125 0.1859375
0 0.84140625 0.54296875 0.0859375 0.421875
0 0.84375 0.28828125 0.13046875 0.20625
0 0.78671875 0.421875 0.071875 0.24765625
0 0.71328125 0.41328125 0.0828125 0.325
0 0.64296875 0.4296875 0.0734375 0.3109375