0 0.23515625 0.7171875 0.1515625 0.4828125
0 0.37265625 0.69765625 0.125 0.490625
0 0.5234375 0.7328125 0.1640625 0.4890625
0 0.66484375 0.5546875 0.121875 0.60625
0 0.7546875 0.56796875 0.128125 0.63125
0 0.82265625 0.284375 0.134375 0.26875
0 0.61640625 0.253125 0.0625 0.175
0 0.559375 0.403125 0.115625 0.31875
0 0.48671875 0.35234375 0.0875 0.303125
0 0.36640625 0.33828125 0.1296875 0.321875
0 0.3078125 0.22734375 0.059375 0.140625
0 0.35546875 0.16796875 0.084375 0.1265625
0 0.496875 0.178125 0.1453125 0.0953125
0 0.23203125 0.21015625 0.140625 0.115625
0 0.23984375 0.38046875 0.1609375 0.2609375