0 0.14921875 0.57734375 0.13125 0.209375
0 0.06015625 0.3453125 0.1203125 0.1734375
0 0.03125 0.590625 0.0625 0.1171875
0 0.03125 0.4859375 0.0625 0.075
0 0.29140625 0.82578125 0.0671875 0.128125
0 0.3671875 0.86171875 0.04375 0.209375
0 0.346875 0.96015625 0.0421875 0.0796875
0 0.97578125 0.690625 0.0484375 0.2015625
0 0.91015625 0.41796875 0.103125 0.140625
0 0.93359375 0.32265625 0.109375 0.1125
0 0.92109375 0.18359375 0.125 0.125
0 0.94609375 0.05078125 0.08125 0.1015625
0 0.45625 0.96328125 0.0625 0.0734375