0 0.20390625 0.3984375 0.309375 0.1046875
0 0.234375 0.59921875 0.3328125 0.1125
0 0.1875 0.784375 0.296875 0.1296875
0 0.46953125 0.378125 0.3125 0.1203125
0 0.565625 0.19375 0.35625 0.121875
0 0.6140625 0.29609375 0.321875 0.125
0 0.63046875 0.3984375 0.24375 0.11875
0 0.684375 0.47421875 0.265625 0.0890625
0 0.60546875 0.50625 0.21875 0.125
0 0.703125 0.55625 0.20625 0.075
0 0.54140625 0.63203125 0.2734375 0.09375
0 0.634375 0.7296875 0.278125 0.09375
0 0.51015625 0.81875 0.24375 0.121875
0 0.63046875 0.875 0.3109375 0.1984375