0 0.3984375 0.79609375 0.1046875 0.30859375
0 0.59921875 0.765625 0.11328125 0.3328125
0 0.784375 0.8125 0.1296875 0.29765625
0 0.378125 0.53046875 0.1203125 0.3125
0 0.19375 0.434375 0.12265625 0.35546875
0 0.29609375 0.3859375 0.12578125 0.321875
0 0.3984375 0.36953125 0.11875 0.24375
0 0.47421875 0.315625 0.0890625 0.265625
0 0.50625 0.39453125 0.12578125 0.21953125
0 0.55625 0.296875 0.07421875 0.20625
0 0.63203125 0.45859375 0.09453125 0.2734375
0 0.7296875 0.365625 0.09453125 0.27734375
0 0.81875 0.48984375 0.12265625 0.24375
0 0.875 0.36953125 0.1984375 0.3109375