0 0.9078125 0.58515625 0.13125 0.6265625
0 0.76796875 0.54765625 0.1328125 0.4890625
0 0.68671875 0.46875 0.12265625 0.53203125
0 0.5390625 0.79140625 0.165625 0.40390625
0 0.36484375 0.75625 0.1296875 0.4875
0 0.2734375 0.709375 0.09765625 0.41484375
0 0.13359375 0.76953125 0.15234375 0.440625
0 0.14765625 0.46796875 0.10859375 0.4296875
0 0.25859375 0.36640625 0.115625 0.3609375
0 0.38046875 0.41171875 0.1078125 0.3109375
0 0.5015625 0.40546875 0.11015625 0.48359375
0 0.5859375 0.41484375 0.12265625 0.40546875