0 0.11328125 0.50390625 0.109375 0.59375
0 0.18515625 0.5671875 0.1234375 0.615625
0 0.2671875 0.3828125 0.1125 0.4328125
0 0.30859375 0.284375 0.0703125 0.115625
0 0.34609375 0.5359375 0.1125 0.66875
0 0.42109375 0.4375 0.0984375 0.5625
0 0.478125 0.2421875 0.075 0.153125
0 0.5171875 0.55234375 0.09375 0.6046875
0 0.64140625 0.5375 0.0625 0.64375
0 0.5796875 0.2421875 0.0875 0.1796875
0 0.728125 0.415625 0.0859375 0.4359375
0 0.81953125 0.55859375 0.109375 0.621875
0 0.8859375 0.446875 0.1203125 0.65
0 0.0203125 0.3375 0.040625 0.4265625
0 0.06640625 0.30625 0.0609375 0.1734375