0 0.0515625 0.84921875 0.06953125 0.25859375
0 0.109375 0.7890625 0.06796875 0.2640625
0 0.20859375 0.8296875 0.08203125 0.28671875
0 0.309375 0.83125 0.0640625 0.253125
0 0.4078125 0.8203125 0.05703125 0.24921875
0 0.5171875 0.84609375 0.07421875 0.26796875
0 0.61953125 0.83671875 0.04765625 0.2453125
0 0.70625 0.82421875 0.05 0.271875
0 0.79140625 0.828125 0.0625 0.26796875
0 0.90078125 0.7875 0.0875 0.3328125
0 0.81640625 0.5765625 0.06953125 0.17890625
0 0.73203125 0.59921875 0.05703125 0.17109375
0 0.646875 0.6171875 0.07421875 0.1859375
0 0.5046875 0.6140625 0.0796875 0.253125
0 0.30859375 0.6140625 0.08671875 0.26015625
0 0.19921875 0.5609375 0.103125 0.28828125
0 0.40234375 0.58046875 0.07109375 0.2234375
0 0.33984375 0.46484375 0.0546875 0.1078125
0 0.546875 0.53125 0.0390625 0.165625
0 0.60078125 0.496875 0.0515625 0.196875
0 0.67890625 0.540625 0.0546875 0.12109375
0 0.75390625 0.4984375 0.0515625 0.13046875
0 0.9203125 0.528125 0.06015625 0.25703125