0 0.215625 0.86875 0.18125 0.13125
0 0.3921875 0.82265625 0.2640625 0.159375
0 0.6640625 0.83828125 0.3421875 0.171875
0 0.56640625 0.68515625 0.38125 0.16875
0 0.3734375 0.546875 0.390625 0.1125
0 0.56953125 0.46796875 0.409375 0.15
0 0.609375 0.3515625 0.38125 0.134375
0 0.65703125 0.2203125 0.346875 0.15625
0 0.6921875 0.09453125 0.446875 0.165625
0 0.29921875 0.09765625 0.3125 0.19375
0 0.24140625 0.2203125 0.2953125 0.1046875
0 0.30390625 0.31328125 0.315625 0.15
0 0.27421875 0.45 0.2453125 0.109375
0 0.2921875 0.69375 0.196875 0.10625
0 0.25546875 0.6171875 0.221875 0.1