0 0.63203125 0.51796875 0.11171875 0.1984375
0 0.240625 0.76953125 0.09453125 0.1625
0 0.0734375 0.5140625 0.1046875 0.19453125
0 0.06875 0.40078125 0.059375 0.146875
0 0.1828125 0.403125 0.07734375 0.18671875
0 0.2140625 0.30078125 0.06796875 0.2203125
0 0.21015625 0.5859375 0.11171875 0.1484375
0 0.3 0.49140625 0.11953125 0.1921875
0 0.38671875 0.39453125 0.075 0.15859375
0 0.375 0.21640625 0.09609375 0.12734375
0 0.5890625 0.1515625 0.065625 0.2046875
0 0.434375 0.153125 0.0578125 0.14296875
0 0.33046875 0.0859375 0.0734375 0.15703125
0 0.83359375 0.6078125 0.12734375 0.1765625
0 0.9578125 0.4765625 0.08359375 0.15859375
0 0.94296875 0.775 0.1140625 0.146875