0 0.3546875 0.68046875 0.1171875 0.5953125
0 0.5125 0.54296875 0.146875 0.38828125
0 0.746875 0.6140625 0.1421875 0.60859375
0 0.9171875 0.64765625 0.165625 0.6359375
0 0.90234375 0.25 0.165625 0.21875
0 0.79140625 0.25703125 0.09296875 0.27265625
0 0.70546875 0.24140625 0.084375 0.16875
0 0.6328125 0.2203125 0.09609375 0.2125
0 0.58046875 0.30390625 0.10703125 0.2890625
0 0.48671875 0.259375 0.11328125 0.21875
0 0.4703125 0.11171875 0.10859375 0.12265625
0 0.3578125 0.14765625 0.0921875 0.0984375
0 0.221875 0.20703125 0.11328125 0.14609375
0 0.1421875 0.253125 0.09609375 0.1421875
0 0.0453125 0.55390625 0.08984375 0.78828125
0 0.16796875 0.58828125 0.10546875 0.525
0 0.275 0.56015625 0.090625 0.5421875
0 0.3890625 0.26875 0.11796875 0.20625
0 0.31171875 0.2375 0.0765625 0.15234375
0 0.20390625 0.30625 0.0796875 0.1234375