0 0.15390625 0.54765625 0.153125 0.7828125
0 0.28828125 0.55234375 0.15 0.64140625
0 0.41484375 0.53046875 0.14765625 0.759375
0 0.528125 0.6046875 0.1234375 0.70078125
0 0.640625 0.63125 0.14140625 0.73671875
0 0.75859375 0.65078125 0.1453125 0.6984375
0 0.72421875 0.23828125 0.10546875 0.17734375
0 0.59609375 0.22890625 0.1015625 0.18828125
0 0.371875 0.1625 0.04296875 0.10703125
0 0.25078125 0.21953125 0.06640625 0.13828125
0 0.153125 0.12890625 0.0609375 0.0875
0 0.0515625 0.14453125 0.07578125 0.15625
0 0.0734375 0.25390625 0.06171875 0.15
0 0.9703125 0.36953125 0.059375 0.3453125