0 0.06953125 0.4171875 0.1265625 0.47265625
0 0.2015625 0.3453125 0.14609375 0.2875
0 0.215625 0.59765625 0.184375 0.42265625
0 0.39921875 0.54921875 0.1421875 0.40859375
0 0.35625 0.26171875 0.1078125 0.29921875
0 0.44140625 0.24296875 0.08359375 0.18203125
0 0.28359375 0.20546875 0.08984375 0.184375
0 0.4984375 0.39765625 0.09453125 0.4671875
0 0.55 0.2015625 0.0875 0.203125
0 0.61015625 0.2796875 0.10078125 0.2203125
0 0.57265625 0.53125 0.13203125 0.33359375
0 0.7 0.57890625 0.14140625 0.33828125
0 0.83203125 0.65546875 0.18671875 0.465625
0 0.90390625 0.409375 0.1765625 0.31953125
0 0.9375 0.20546875 0.12421875 0.221875
0 0.80390625 0.3171875 0.078125 0.20078125
0 0.72890625 0.34609375 0.10078125 0.2171875
0 0.67109375 0.2296875 0.08359375 0.17265625
0 0.75078125 0.221875 0.0828125 0.165625