0 0.06953125 0.4171875 0.1265625 0.471875
0 0.2015625 0.3453125 0.146875 0.2875
0 0.215625 0.59765625 0.184375 0.421875
0 0.39921875 0.54921875 0.1421875 0.409375
0 0.35625 0.26171875 0.1078125 0.3
0 0.44140625 0.24296875 0.084375 0.18125
0 0.28359375 0.20546875 0.090625 0.184375
0 0.4984375 0.39765625 0.09375 0.4671875
0 0.55 0.2015625 0.0875 0.203125
0 0.61015625 0.2796875 0.1 0.2203125
0 0.57265625 0.53125 0.13125 0.334375
0 0.7 0.57890625 0.140625 0.3375
0 0.83203125 0.65546875 0.1875 0.465625
0 0.90390625 0.409375 0.1765625 0.31875
0 0.9375 0.20546875 0.125 0.221875
0 0.80390625 0.3171875 0.078125 0.2
0 0.72890625 0.34609375 0.1 0.2171875
0 0.67109375 0.2296875 0.084375 0.171875
0 0.75078125 0.221875 0.0828125 0.165625