0 0.228125 0.0546875 0.284375 0.075
0 0.24296875 0.14921875 0.315625 0.06875
0 0.21796875 0.24375 0.253125 0.075
0 0.0890625 0.20703125 0.178125 0.08125
0 0.0828125 0.34375 0.165625 0.071875
0 0.071875 0.453125 0.14375 0.0875
0 0.06953125 0.55078125 0.1390625 0.10625
0 0.053125 0.68203125 0.10625 0.096875
0 0.1421875 0.95 0.284375 0.090625
0 0.33125 0.98515625 0.2515625 0.0296875
0 0.26953125 0.8578125 0.2984375 0.05625
0 0.284375 0.76171875 0.309375 0.0640625
0 0.21484375 0.70546875 0.3375 0.078125
0 0.2703125 0.58984375 0.278125 0.08125
0 0.259375 0.47890625 0.359375 0.1
0 0.25703125 0.36640625 0.2484375 0.0625
0 0.3765625 0.38046875 0.109375 0.053125
0 0.26796875 0.290625 0.271875 0.071875
0 0.40390625 0.134375 0.2109375 0.05625
0 0.4046875 0.05625 0.246875 0.065625
0 0.496875 0.0796875 0.13125 0.040625
0 0.55078125 0.05390625 0.0796875 0.0375
0 0.61171875 0.05546875 0.084375 0.040625
0 0.503125 0.13828125 0.0875 0.0375
0 0.60078125 0.1515625 0.13125 0.034375
0 0.5640625 0.1828125 0.134375 0.05625
0 0.515625 0.20703125 0.134375 0.046875
0 0.44609375 0.2234375 0.215625 0.06875
0 0.503125 0.2578125 0.0875 0.0375
0 0.44375 0.28671875 0.090625 0.05625
0 0.4796875 0.31171875 0.096875 0.053125
0 0.51875 0.334375 0.10625 0.028125
0 0.4984375 0.3703125 0.1109375 0.04375
0 0.48984375 0.4046875 0.0796875 0.05625
0 0.4484375 0.39921875 0.1109375 0.04375
0 0.471875 0.44453125 0.11875 0.0625
0 0.44921875 0.49921875 0.09375 0.05
0 0.4484375 0.57734375 0.09375 0.065625
0 0.49921875 0.55703125 0.115625 0.034375
0 0.48515625 0.68515625 0.1484375 0.04375
0 0.5140625 0.76171875 0.053125 0.053125
0 0.47421875 0.796875 0.178125 0.05
0 0.4390625 0.81953125 0.165625 0.05625
0 0.42421875 0.89453125 0.1703125 0.05
0 0.53671875 0.90234375 0.078125 0.034375
0 0.5703125 0.71484375 0.14375 0.04375
0 0.58828125 0.7640625 0.128125 0.0375
0 0.58671875 0.8328125 0.096875 0.05
0 0.63359375 0.840625 0.075 0.03125
0 0.60546875 0.8953125 0.084375 0.0265625
0 0.51015625 0.96640625 0.2015625 0.0515625
0 0.60390625 0.95546875 0.05625 0.0390625
0 0.62109375 0.93046875 0.065625 0.0375
0 0.6390625 0.96015625 0.0375 0.025
0 0.66015625 0.9109375 0.046875 0.028125
0 0.69375 0.93359375 0.065625 0.0265625
0 0.66484375 0.953125 0.0484375 0.028125
0 0.7203125 0.95 0.065625 0.0328125
0 0.7328125 0.97109375 0.06875 0.025
0 0.77421875 0.97109375 0.04375 0.0328125
0 0.6171875 0.87421875 0.1640625 0.034375
0 0.725 0.84453125 0.053125 0.025
0 0.69765625 0.85078125 0.0453125 0.03125
0 0.7515625 0.87265625 0.0875 0.025
0 0.76953125 0.93828125 0.040625 0.01875
0 0.6578125 0.80703125 0.103125 0.0375
0 0.66953125 0.82890625 0.0625 0.028125
0 0.69375 0.82734375 0.05 0.025
0 0.61875 0.77421875 0.075 0.0203125
0 0.64375 0.75234375 0.103125 0.05
0 0.6328125 0.7234375 0.071875 0.040625
0 0.49140625 0.63671875 0.19375 0.04375
0 0.76484375 0.83046875 0.134375 0.021875
0 0.81875 0.84453125 0.084375 0.021875
0 0.790625 0.79296875 0.059375 0.0328125
0 0.7359375 0.80390625 0.06875 0.028125
0 0.69609375 0.7765625 0.0890625 0.040625
0 0.7515625 0.76875 0.0859375 0.028125
0 0.7828125 0.74921875 0.046875 0.025
0 0.76171875 0.740625 0.065625 0.028125
0 0.72578125 0.75234375 0.0625 0.025
0 0.7390625 0.72734375 0.04375 0.021875
0 0.70078125 0.72734375 0.0625 0.03125
0 0.7296875 0.70859375 0.0703125 0.01875
0 0.80390625 0.7078125 0.06875 0.028125
0 0.74296875 0.6890625 0.0765625 0.028125
0 0.79375 0.68203125 0.0484375 0.0203125
0 0.6625 0.68671875 0.0890625 0.0359375
0 0.634375 0.66640625 0.11875 0.0328125
0 0.65078125 0.6453125 0.090625 0.025
0 0.6890625 0.634375 0.0546875 0.015625
0 0.709375 0.63828125 0.04375 0.028125
0 0.73125 0.6328125 0.04375 0.0296875
0 0.74296875 0.61015625 0.06875 0.025
0 0.79609375 0.60859375 0.0546875 0.021875
0 0.796875 0.590625 0.090625 0.028125
0 0.79609375 0.56796875 0.0859375 0.025
0 0.75625 0.58359375 0.0375 0.0265625
0 0.72109375 0.5859375 0.0375 0.015625
0 0.6859375 0.60859375 0.059375 0.028125
0 0.58984375 0.6109375 0.06875 0.034375
0 0.578125 0.56875 0.0890625 0.059375
0 0.640625 0.56328125 0.096875 0.028125
0 0.64375 0.5859375 0.0859375 0.021875
0 0.69296875 0.56875 0.0453125 0.0265625
0 0.6671875 0.5421875 0.1109375 0.0328125
0 0.7046875 0.528125 0.075 0.01875
0 0.7234375 0.51171875 0.09375 0.0328125
0 0.740625 0.4765625 0.090625 0.034375
0 0.73359375 0.43671875 0.1078125 0.028125
0 0.71640625 0.4609375 0.08125 0.0375
0 0.71015625 0.40625 0.096875 0.025
0 0.6421875 0.35703125 0.0984375 0.028125
0 0.65 0.33828125 0.053125 0.021875
0 0.63515625 0.321875 0.040625 0.03125
0 0.6546875 0.278125 0.059375 0.021875
0 0.671875 0.2296875 0.1328125 0.0375
0 0.603125 0.24765625 0.10625 0.025
0 0.58671875 0.27265625 0.1171875 0.0375
0 0.5734375 0.303125 0.09375 0.0359375
0 0.70546875 0.34609375 0.046875 0.0296875
0 0.65703125 0.38671875 0.084375 0.028125
0 0.63203125 0.40078125 0.065625 0.04375
0 0.5734375 0.36875 0.05625 0.025
0 0.56796875 0.3890625 0.06875 0.021875
0 0.56875 0.4296875 0.146875 0.0359375
0 0.64921875 0.434375 0.0890625 0.0375
0 0.640625 0.465625 0.0796875 0.04375
0 0.609375 0.49140625 0.096875 0.0328125
0 0.5796875 0.478125 0.0984375 0.046875
0 0.515625 0.48359375 0.10625 0.04375
0 0.53515625 0.5140625 0.1109375 0.0375
0 0.7609375 0.54921875 0.08125 0.034375