0 0.07734375 0.571875 0.1546875 0.50234375
0 0.2046875 0.34296875 0.11796875 0.23828125
0 0.25234375 0.478125 0.1765625 0.43359375
0 0.196875 0.8328125 0.1375 0.334375
0 0.36875 0.809375 0.16875 0.38125
0 0.5328125 0.83984375 0.12421875 0.3203125
0 0.646875 0.77890625 0.1375 0.4421875
0 0.790625 0.76640625 0.18125 0.4671875
0 0.90546875 0.6171875 0.1890625 0.765625
0 0.7828125 0.4421875 0.1546875 0.26875
0 0.66953125 0.4296875 0.11796875 0.26328125
0 0.58046875 0.46015625 0.1140625 0.3140625
0 0.46015625 0.4640625 0.12578125 0.40234375
0 0.3765625 0.4046875 0.10546875 0.2921875