0 0.21796875 0.12890625 0.315625 0.115625
0 0.28125 0.23125 0.221875 0.0875
0 0.33125 0.29296875 0.2 0.0703125
0 0.31484375 0.36015625 0.19375 0.096875
0 0.33203125 0.45078125 0.18125 0.078125
0 0.396875 0.5125 0.2421875 0.06875
0 0.32890625 0.58671875 0.19375 0.0796875
0 0.29375 0.6625 0.31875 0.071875
0 0.328125 0.734375 0.30625 0.090625
0 0.3828125 0.80859375 0.3375 0.0703125
0 0.36328125 0.87734375 0.40625 0.078125
0 0.51796875 0.92109375 0.19375 0.090625
0 0.5609375 0.846875 0.109375 0.0625
0 0.55859375 0.79375 0.075 0.053125
0 0.546875 0.7484375 0.090625 0.05
0 0.49765625 0.72109375 0.165625 0.0828125
0 0.52578125 0.66015625 0.1140625 0.0625
0 0.50078125 0.6109375 0.175 0.078125
0 0.540625 0.53125 0.121875 0.0671875
0 0.48046875 0.4640625 0.13125 0.071875
0 0.51484375 0.42890625 0.1 0.06875
0 0.48125 0.37109375 0.1546875 0.05625
0 0.47421875 0.31796875 0.15625 0.071875
0 0.50546875 0.26171875 0.1453125 0.053125
0 0.42890625 0.21875 0.125 0.1078125
0 0.46640625 0.15078125 0.14375 0.0796875
0 0.440625 0.09296875 0.190625 0.0984375
0 0.49375 0.0375 0.14375 0.075
0 0.525 0.1796875 0.13125 0.0640625