0 0.03125 0.2125 0.0625 0.13828125
0 0.08671875 0.240625 0.0859375 0.14296875
0 0.1671875 0.2203125 0.075 0.13046875
0 0.24453125 0.1703125 0.0734375 0.115625
0 0.26328125 0.2578125 0.0890625 0.13515625
0 0.4046875 0.2875 0.0984375 0.15078125
0 0.3953125 0.17578125 0.07109375 0.1015625
0 0.5015625 0.2671875 0.1 0.1421875
0 0.5953125 0.3 0.084375 0.1265625
0 0.68203125 0.30390625 0.0734375 0.11328125
0 0.6828125 0.19375 0.1 0.10390625
0 0.85234375 0.22734375 0.0984375 0.1390625
0 0.80390625 0.35 0.1296875 0.14453125