0 0.9546875 0.62890625 0.090625 0.6421875
0 0.8546875 0.5875 0.0890625 0.5203125
0 0.8796875 0.325 0.0609375 0.1515625
0 0.80703125 0.26640625 0.065625 0.1125
0 0.78359375 0.45859375 0.06875 0.340625
0 0.7203125 0.61328125 0.0828125 0.578125
0 0.6734375 0.36875 0.059375 0.140625
0 0.65390625 0.30703125 0.05 0.0921875
0 0.621875 0.2671875 0.053125 0.109375
0 0.7234375 0.26953125 0.084375 0.1375
0 0.61484375 0.56484375 0.08125 0.5515625
0 0.51484375 0.64375 0.115625 0.453125
0 0.5 0.3953125 0.0859375 0.175
0 0.5609375 0.37578125 0.0625 0.2328125
0 0.53671875 0.25859375 0.0671875 0.1375
0 0.4625 0.3109375 0.05625 0.0875
0 0.42734375 0.6109375 0.0671875 0.559375
0 0.38984375 0.3484375 0.0609375 0.13125
0 0.37421875 0.275 0.0578125 0.10625
0 0.43984375 0.28359375 0.046875 0.096875
0 0.33046875 0.590625 0.1015625 0.590625
0 0.26640625 0.41484375 0.075 0.2015625
0 0.203125 0.62421875 0.09375 0.6203125
0 0.071875 0.61640625 0.10625 0.6140625
0 0.14296875 0.38203125 0.0828125 0.3234375
0 0.19609375 0.28046875 0.0765625 0.1296875
0 0.28359375 0.2453125 0.065625 0.140625
0 0.3078125 0.29453125 0.071875 0.103125