0 0.221875 0.771875 0.05 0.3125
0 0.29140625 0.71171875 0.071875 0.26875
0 0.09453125 0.521875 0.0484375 0.334375
0 0.13203125 0.46875 0.0390625 0.1875
0 0.175 0.4171875 0.0484375 0.121875
0 0.19375 0.334375 0.059375 0.0875
0 0.22578125 0.4203125 0.06875 0.1640625
0 0.2625 0.35859375 0.0546875 0.1
0 0.3015625 0.3828125 0.040625 0.0859375
0 0.3328125 0.346875 0.046875 0.0765625
0 0.3703125 0.3859375 0.0515625 0.10625
0 0.41484375 0.36484375 0.053125 0.0875
0 0.45390625 0.3890625 0.0375 0.0859375
0 0.37578125 0.31484375 0.01875 0.06875
0 0.4015625 0.31328125 0.0203125 0.06875
0 0.434375 0.31875 0.0328125 0.0546875
0 0.46328125 0.33515625 0.03125 0.0609375
0 0.4890625 0.30703125 0.0375 0.053125
0 0.50546875 0.359375 0.040625 0.090625
0 0.53046875 0.31328125 0.028125 0.0609375
0 0.5609375 0.29921875 0.034375 0.08125
0 0.5515625 0.3921875 0.03125 0.090625
0 0.54375 0.4625 0.053125 0.1125
0 0.61796875 0.4515625 0.04375 0.121875
0 0.5828125 0.3859375 0.0625 0.115625
0 0.62890625 0.3765625 0.03125 0.0546875
0 0.65859375 0.4125 0.0375 0.096875
0 0.61953125 0.334375 0.0265625 0.05625
0 0.665625 0.3515625 0.046875 0.0625
0 0.67890625 0.36875 0.0375 0.075
0 0.69921875 0.37734375 0.03125 0.0875
0 0.73515625 0.35234375 0.0390625 0.0953125
0 0.771875 0.3796875 0.04375 0.090625
0 0.80234375 0.40625 0.046875 0.1
0 0.83359375 0.4203125 0.0578125 0.1171875
0 0.92109375 0.459375 0.0625 0.2375
0 0.75859375 0.446875 0.059375 0.11875
0 0.60859375 0.63515625 0.0609375 0.159375
0 0.3953125 0.6453125 0.071875 0.13125
0 0.4578125 0.63046875 0.0625 0.11875
0 0.659375 0.57109375 0.0625 0.1109375
0 0.7171875 0.6640625 0.0625 0.159375
0 0.78828125 0.64375 0.078125 0.1546875