0 0.46640625 0.4 0.146875 0.090625
0 0.6109375 0.62265625 0.1703125 0.09375
0 0.74375 0.60078125 0.1984375 0.065625
0 0.8015625 0.54609375 0.203125 0.0875
0 0.9 0.46953125 0.1875 0.075
0 0.81640625 0.39765625 0.228125 0.05625
0 0.871875 0.6828125 0.228125 0.1046875
0 0.66484375 0.78671875 0.203125 0.121875
0 0.5765625 0.815625 0.196875 0.11875
0 0.5734375 0.93828125 0.128125 0.1234375
0 0.503125 0.93125 0.1484375 0.1375
0 0.40078125 0.79765625 0.15 0.125
0 0.496875 0.734375 0.18125 0.075
0 0.24609375 0.728125 0.1546875 0.109375
0 0.37265625 0.19140625 0.175 0.10625
0 0.5171875 0.09140625 0.16875 0.134375
0 0.21640625 0.103125 0.1625 0.140625