0 0.9078125 0.56953125 0.184375 0.8609375
0 0.1171875 0.64453125 0.234375 0.7078125
0 0.76640625 0.43984375 0.14609375 0.55078125
0 0.23046875 0.53125 0.1578125 0.4140625
0 0.31171875 0.44375 0.12890625 0.421875
0 0.6765625 0.41796875 0.096875 0.3484375
0 0.6375 0.465625 0.11484375 0.3015625
0 0.59453125 0.4015625 0.09921875 0.278125
0 0.54296875 0.40078125 0.12109375 0.26875
0 0.490625 0.41875 0.09609375 0.16796875
0 0.37578125 0.42109375 0.0890625 0.2046875
0 0.38671875 0.44921875 0.10234375 0.2265625