0 0.34296875 0.72421875 0.0734375 0.12265625
0 0.4171875 0.703125 0.059375 0.12421875
0 0.53671875 0.7359375 0.06640625 0.11171875
0 0.6078125 0.68203125 0.07578125 0.140625
0 0.69296875 0.7015625 0.08359375 0.11015625
0 0.515625 0.540625 0.08046875 0.1140625
0 0.58359375 0.5140625 0.0671875 0.1171875
0 0.6625 0.51640625 0.0703125 0.11875
0 0.728125 0.5171875 0.071875 0.10859375
0 0.74296875 0.4046875 0.06171875 0.09140625
0 0.909375 0.38203125 0.0890625 0.1015625
0 0.81171875 0.3484375 0.08671875 0.1125
0 0.74765625 0.2953125 0.06484375 0.0953125
0 0.67421875 0.32734375 0.059375 0.09375
0 0.6421875 0.36640625 0.07890625 0.10703125
0 0.5875 0.3390625 0.06171875 0.09140625
0 0.5375 0.3875 0.0671875 0.11015625
0 0.49453125 0.33671875 0.05859375 0.09375
0 0.403125 0.32421875 0.0703125 0.0953125
0 0.434375 0.4046875 0.06640625 0.1
0 0.3421875 0.384375 0.0609375 0.08828125
0 0.32890625 0.4546875 0.06328125 0.10546875
0 0.3734375 0.53203125 0.0828125 0.121875
0 0.2984375 0.55234375 0.084375 0.10390625
0 0.26328125 0.39296875 0.075 0.10859375
0 0.1828125 0.39453125 0.06171875 0.11171875
0 0.1125 0.36328125 0.0671875 0.11015625
0 0.0484375 0.40546875 0.0828125 0.12265625