0 0.55234375 0.9109375 0.19375 0.1109375
0 0.45859375 0.8328125 0.13125 0.071875
0 0.60234375 0.7984375 0.18125 0.078125
0 0.61328125 0.7140625 0.125 0.0765625
0 0.4640625 0.7546875 0.14375 0.0671875
0 0.44765625 0.67421875 0.115625 0.0734375
0 0.45078125 0.5921875 0.1140625 0.075
0 0.5828125 0.615625 0.13125 0.071875
0 0.44765625 0.52265625 0.121875 0.071875
0 0.44765625 0.43515625 0.134375 0.065625
0 0.56015625 0.45546875 0.1390625 0.0828125
0 0.56015625 0.31953125 0.15625 0.0875
0 0.4453125 0.375 0.1109375 0.065625
0 0.40703125 0.3265625 0.134375 0.0703125
0 0.40859375 0.24921875 0.13125 0.084375
0 0.38984375 0.1484375 0.134375 0.0953125