0 0.2578125 0.41875 0.203125 0.078125
0 0.2015625 0.46328125 0.1921875 0.06875
0 0.17578125 0.6140625 0.209375 0.071875
0 0.09765625 0.52265625 0.1953125 0.0671875
0 0.1390625 0.2921875 0.209375 0.1
0 0.33046875 0.2 0.184375 0.115625
0 0.421875 0.175 0.1875 0.1140625
0 0.50703125 0.25625 0.18125 0.09375
0 0.375 0.34609375 0.1703125 0.084375
0 0.584375 0.18515625 0.14375 0.121875
0 0.73125 0.2859375 0.171875 0.1125
0 0.5234375 0.5890625 0.146875 0.078125
0 0.62109375 0.7859375 0.175 0.1171875
0 0.4765625 0.9015625 0.165625 0.115625
0 0.65546875 0.9375 0.16875 0.125
0 0.78671875 0.871875 0.16875 0.1640625
0 0.42734375 0.0546875 0.1390625 0.109375
0 0.49375 0.0640625 0.171875 0.128125