0 0.11171875 0.26015625 0.084375 0.2078125
0 0.10625 0.09921875 0.071875 0.10625
0 0.01796875 0.45234375 0.0359375 0.1640625
0 0.18984375 0.4859375 0.04375 0.153125
0 0.2203125 0.46484375 0.0421875 0.15
0 0.25078125 0.4828125 0.034375 0.1375
0 0.2265625 0.53671875 0.0296875 0.0671875
0 0.31328125 0.5546875 0.0671875 0.146875
0 0.30859375 0.659375 0.040625 0.109375
0 0.37421875 0.5984375 0.0546875 0.165625
0 0.40546875 0.7109375 0.04375 0.15
0 0.06328125 0.8296875 0.05625 0.1171875
0 0.06875 0.903125 0.04375 0.115625
0 0.1375 0.96484375 0.0453125 0.0703125
0 0.23125 0.971875 0.0421875 0.05625
0 0.38125 0.87578125 0.0453125 0.140625
0 0.425 0.9015625 0.034375 0.13125
0 0.459375 0.890625 0.0265625 0.1203125
0 0.48359375 0.92109375 0.0359375 0.1390625
0 0.51015625 0.946875 0.028125 0.10625
0 0.4921875 0.65234375 0.046875 0.15625
0 0.5375 0.7375 0.0546875 0.16875
0 0.621875 0.65703125 0.0609375 0.15625
0 0.5875 0.8109375 0.04375 0.128125
0 0.60625 0.91328125 0.0296875 0.1390625
0 0.63046875 0.9375 0.025 0.1140625
0 0.66328125 0.9328125 0.025 0.08125
0 0.671875 0.96328125 0.03125 0.071875
0 0.703125 0.94453125 0.03125 0.1109375
0 0.73359375 0.90546875 0.0359375 0.146875
0 0.8671875 0.90625 0.0234375 0.1296875
0 0.88515625 0.90703125 0.0203125 0.13125
0 0.90859375 0.8609375 0.0375 0.153125
0 0.93125 0.7609375 0.0390625 0.15
0 0.94453125 0.6703125 0.046875 0.165625
0 0.98515625 0.6703125 0.028125 0.165625
0 0.98515625 0.80078125 0.0296875 0.115625
0 0.90234375 0.53046875 0.046875 0.1796875
0 0.8515625 0.37578125 0.059375 0.171875
0 0.8671875 0.19921875 0.0796875 0.18125
0 0.5734375 0.3859375 0.059375 0.184375
0 0.546875 0.146875 0.053125 0.19375
0 0.61484375 0.19765625 0.06875 0.1734375