0 0.07890625 0.52890625 0.15078125 0.571875
0 0.16875 0.85390625 0.1125 0.2921875
0 0.32578125 0.8640625 0.13125 0.23359375
0 0.4265625 0.72109375 0.10859375 0.4765625
0 0.61484375 0.8640625 0.1546875 0.2
0 0.671875 0.6328125 0.09921875 0.38828125
0 0.75546875 0.64609375 0.084375 0.5015625
0 0.8328125 0.3796875 0.1296875 0.371875
0 0.7484375 0.303125 0.07890625 0.19375
0 0.66171875 0.3765625 0.09375 0.17265625
0 0.5984375 0.34296875 0.1015625 0.30234375
0 0.52734375 0.2796875 0.10625 0.22890625
0 0.478125 0.45234375 0.1046875 0.309375
0 0.55546875 0.61171875 0.134375 0.4125
0 0.403125 0.42890625 0.08125 0.18125
0 0.3953125 0.31640625 0.06328125 0.10234375
0 0.34140625 0.27890625 0.071875 0.1265625
0 0.30546875 0.37109375 0.084375 0.13046875
0 0.24765625 0.5828125 0.09140625 0.46484375
0 0.33984375 0.590625 0.10859375 0.36796875