0 0.321875 0.2015625 0.08203125 0.14765625
0 0.28359375 0.315625 0.07890625 0.12421875
0 0.2765625 0.6109375 0.1015625 0.15078125
0 0.40859375 0.3265625 0.06328125 0.1203125
0 0.45390625 0.1765625 0.0765625 0.1453125
0 0.45078125 0.61796875 0.07890625 0.14375
0 0.521875 0.45859375 0.0625 0.10234375
0 0.5421875 0.32265625 0.0703125 0.1421875
0 0.5265625 0.18515625 0.06328125 0.11875
0 0.68828125 0.1203125 0.09765625 0.140625
0 0.653125 0.28515625 0.0796875 0.115625
0 0.6125 0.40078125 0.059375 0.10234375
0 0.67109375 0.48125 0.09765625 0.17734375
0 0.57265625 0.6875 0.075 0.1390625