0 0.09296875 0.4046875 0.09140625 0.12421875
0 0.134375 0.18125 0.0640625 0.10234375
0 0.2640625 0.1546875 0.0703125 0.1171875
0 0.38203125 0.24765625 0.06015625 0.11875
0 0.43671875 0.16953125 0.06875 0.1109375
0 0.54609375 0.2203125 0.06328125 0.1109375
0 0.62734375 0.16484375 0.065625 0.12578125
0 0.7390625 0.203125 0.0625 0.115625
0 0.8578125 0.20390625 0.06640625 0.1203125
0 0.8546875 0.50703125 0.06015625 0.1390625
0 0.95078125 0.384375 0.07109375 0.12890625
0 0.68125 0.51171875 0.0734375 0.09921875
0 0.6015625 0.49296875 0.0859375 0.09296875
0 0.4859375 0.4078125 0.0703125 0.1109375
0 0.35703125 0.440625 0.06640625 0.10234375
0 0.2359375 0.490625 0.0640625 0.0921875