0 0.409375 0.10234375 0.115625 0.078125
0 0.4421875 0.20390625 0.109375 0.0671875
0 0.61015625 0.11640625 0.121875 0.0875
0 0.60546875 0.25625 0.1125 0.078125
0 0.47890625 0.28125 0.10625 0.0671875
0 0.4625 0.3796875 0.109375 0.0671875
0 0.60703125 0.3609375 0.1140625 0.0953125
0 0.5875 0.4625 0.109375 0.06875
0 0.40546875 0.45546875 0.10625 0.0640625
0 0.40078125 0.578125 0.1125 0.071875
0 0.58671875 0.56953125 0.096875 0.059375
0 0.603125 0.62265625 0.10625 0.0625
0 0.43671875 0.6625 0.10625 0.053125
0 0.42734375 0.75 0.109375 0.0640625
0 0.60625 0.7234375 0.115625 0.071875
0 0.57109375 0.8625 0.1203125 0.0828125
0 0.453125 0.82734375 0.103125 0.0578125
0 0.4453125 0.90234375 0.10625 0.0703125