0 0.27578125 0.1953125 0.08359375 0.1390625
0 0.359375 0.2 0.06640625 0.134375
0 0.2046875 0.5125 0.10234375 0.1515625
0 0.36328125 0.56484375 0.0890625 0.134375
0 0.47734375 0.53515625 0.06953125 0.115625
0 0.55625 0.5125 0.10234375 0.13203125
0 0.63203125 0.5125 0.0640625 0.12734375
0 0.71796875 0.49921875 0.0671875 0.11015625
0 0.7734375 0.51953125 0.06484375 0.1125
0 0.840625 0.50703125 0.0640625 0.09375
0 0.5078125 0.1890625 0.0609375 0.1203125
0 0.56015625 0.21796875 0.0640625 0.11171875
0 0.634375 0.265625 0.06875 0.10859375
0 0.721875 0.27421875 0.07734375 0.10234375
0 0.81796875 0.24296875 0.0609375 0.08984375