0 0.2203125 0.58125 0.103125 0.178125
0 0.3046875 0.546875 0.084375 0.225
0 0.34140625 0.61328125 0.04375 0.0890625
0 0.37265625 0.62421875 0.05 0.103125
0 0.4046875 0.6140625 0.05625 0.103125
0 0.45 0.5796875 0.0625 0.1
0 0.459375 0.6546875 0.0515625 0.053125
0 0.52734375 0.62421875 0.053125 0.053125
0 0.51484375 0.57578125 0.0671875 0.08125
0 0.5859375 0.5328125 0.0640625 0.190625
0 0.64921875 0.34765625 0.1109375 0.4625
0 0.66640625 0.5734375 0.071875 0.15
0 0.74375 0.37890625 0.1125 0.53125
0 0.4984375 0.29296875 0.109375 0.334375
0 0.40390625 0.25859375 0.0828125 0.2546875
0 0.3171875 0.2734375 0.1 0.284375
0 0.22421875 0.28671875 0.125 0.3515625