0 0.92890625 0.37421875 0.084375 0.1375
0 0.8125 0.3796875 0.0890625 0.1375
0 0.709375 0.40625 0.0703125 0.11875
0 0.6296875 0.403125 0.0734375 0.125
0 0.5625 0.41875 0.0703125 0.10625
0 0.5015625 0.434375 0.075 0.103125
0 0.44140625 0.40625 0.0625 0.115625
0 0.38671875 0.415625 0.0828125 0.1203125
0 0.3453125 0.3703125 0.0828125 0.103125
0 0.2265625 0.375 0.0875 0.1328125
0 0.12890625 0.37890625 0.09375 0.121875
0 0.08828125 0.54453125 0.0984375 0.103125
0 0.2015625 0.51640625 0.0859375 0.115625
0 0.3046875 0.5125 0.0734375 0.103125
0 0.421875 0.54375 0.071875 0.103125
0 0.55078125 0.528125 0.075 0.1125
0 0.64453125 0.56015625 0.09375 0.128125