0 0.21953125 0.5515625 0.13828125 0.32109375
0 0.3953125 0.65390625 0.09609375 0.12890625
0 0.41875 0.771875 0.0828125 0.13515625
0 0.34609375 0.90078125 0.24765625 0.1984375
0 0.846875 0.665625 0.15859375 0.21640625
0 0.71015625 0.42265625 0.0828125 0.14296875
0 0.70390625 0.28359375 0.08671875 0.15859375
0 0.63984375 0.19765625 0.065625 0.22421875
0 0.6609375 0.07421875 0.06015625 0.12890625
0 0.846875 0.06640625 0.10390625 0.1328125
0 0.9328125 0.1484375 0.065625 0.221875
0 0.984375 0.0796875 0.03125 0.11484375