0 0.109375 0.5828125 0.159375 0.6609375
0 0.228125 0.5578125 0.1078125 0.64140625
0 0.340625 0.6234375 0.1 0.67421875
0 0.309375 0.20859375 0.12734375 0.2125
0 0.42109375 0.325 0.0953125 0.26328125
0 0.4921875 0.61953125 0.1125 0.525
0 0.50859375 0.3328125 0.13671875 0.1890625
0 0.51484375 0.21796875 0.1 0.16953125
0 0.60234375 0.50234375 0.14296875 0.76953125
0 0.6734375 0.184375 0.12890625 0.22265625
0 0.728125 0.52109375 0.11640625 0.715625
0 0.8703125 0.48828125 0.0984375 0.6796875
0 0.8078125 0.50859375 0.08203125 0.69921875
0 0.9546875 0.4875 0.08984375 0.6796875