0 0.1953125 0.32421875 0.196875 0.6484375
0 0.18046875 0.709375 0.103125 0.19375
0 0.25390625 0.62109375 0.0890625 0.11875
0 0.27421875 0.69375 0.1 0.2203125
0 0.39609375 0.7078125 0.09375 0.2234375
0 0.328125 0.57890625 0.121875 0.203125
0 0.48203125 0.6984375 0.121875 0.2125
0 0.4703125 0.5578125 0.078125 0.15
0 0.55546875 0.55390625 0.103125 0.221875
0 0.62265625 0.64765625 0.078125 0.1046875
0 0.66875 0.6421875 0.0890625 0.1
0 0.64765625 0.51015625 0.0875 0.2453125
0 0.68203125 0.30390625 0.2609375 0.6078125
0 0.82890625 0.4984375 0.13125 0.2296875
0 0.76328125 0.615625 0.075 0.109375
0 0.828125 0.63984375 0.071875 0.0984375
0 0.9234375 0.63671875 0.078125 0.109375