0 0.33515625 0.62265625 0.09375 0.1625
0 0.42890625 0.74296875 0.0625 0.1875
0 0.471875 0.8125 0.0625 0.196875
0 0.6265625 0.8203125 0.1046875 0.209375
0 0.51015625 0.90390625 0.071875 0.1921875
0 0.29609375 0.92421875 0.1 0.15
0 0.26015625 0.86328125 0.103125 0.221875
0 0.18828125 0.6703125 0.1296875 0.1875
0 0.1546875 0.59140625 0.115625 0.175
0 0.2421875 0.4953125 0.1171875 0.18125
0 0.2921875 0.3203125 0.09375 0.171875
0 0.15234375 0.421875 0.13125 0.184375
0 0.04921875 0.546875 0.0984375 0.240625
0 0.0359375 0.6015625 0.071875 0.103125
0 0.56640625 0.48046875 0.06875 0.159375
0 0.7734375 0.375 0.1203125 0.165625
0 0.88203125 0.51796875 0.125 0.1953125
0 0.9359375 0.36015625 0.125 0.1765625
0 0.85546875 0.20546875 0.153125 0.16875
0 0.5828125 0.05 0.090625 0.1