0 0.7609375 0.90546875 0.21875 0.090625
0 0.65625 0.70390625 0.175 0.0546875
0 0.6734375 0.6125 0.209375 0.071875
0 0.51171875 0.709375 0.15 0.04375
0 0.50078125 0.8109375 0.153125 0.0390625
0 0.521875 0.7796875 0.159375 0.040625
0 0.5125 0.7515625 0.134375 0.034375
0 0.4453125 0.77890625 0.0578125 0.0234375
0 0.5421875 0.5125 0.18125 0.05
0 0.54921875 0.4515625 0.178125 0.03125
0 0.5953125 0.3390625 0.196875 0.053125
0 0.41796875 0.49375 0.1625 0.046875
0 0.39140625 0.4296875 0.1625 0.0359375
0 0.3296875 0.3921875 0.140625 0.040625
0 0.1984375 0.3859375 0.125 0.04375
0 0.19140625 0.5109375 0.146875 0.0375
0 0.21640625 0.63125 0.140625 0.040625
0 0.1421875 0.6140625 0.13125 0.0421875
0 0.07890625 0.571875 0.134375 0.034375
0 0.07890625 0.546875 0.1359375 0.0265625
0 0.071875 0.80234375 0.103125 0.040625
0 0.065625 0.8734375 0.125 0.04375
0 0.15625 0.94296875 0.125 0.0421875
0 0.0875 0.26953125 0.13125 0.0359375
0 0.2859375 0.1625 0.165625 0.046875
0 0.0328125 0.6234375 0.065625 0.028125
0 0.02421875 0.50078125 0.0484375 0.0171875
0 0.4296875 0.05 0.1703125 0.04375
0 0.2453125 0.0875 0.15625 0.040625
0 0.04296875 0.33671875 0.0859375 0.0328125
0 0.04375 0.36640625 0.075 0.015625
0 0.14140625 0.08203125 0.103125 0.028125
0 0.14765625 0.059375 0.13125 0.03125