0 0.49453125 0.11328125 0.55625 0.078125
0 0.615625 0.23828125 0.290625 0.059375
0 0.3734375 0.271875 0.35 0.071875
0 0.3828125 0.41875 0.321875 0.1078125
0 0.61328125 0.3421875 0.1984375 0.053125
0 0.6 0.38828125 0.175 0.06875
0 0.38515625 0.5484375 0.278125 0.08125
0 0.59609375 0.5140625 0.221875 0.06875
0 0.7859375 0.53671875 0.1609375 0.0671875
0 0.62265625 0.6203125 0.2515625 0.071875
0 0.81640625 0.6359375 0.171875 0.0484375
0 0.83359375 0.74296875 0.159375 0.0625
0 0.49609375 0.71015625 0.428125 0.084375
0 0.56875 0.8015625 0.4859375 0.084375
0 0.575 0.91953125 0.490625 0.0984375