0 0.18359375 0.76796875 0.1953125 0.37890625
0 0.11953125 0.54453125 0.11484375 0.25625
0 0.25078125 0.50390625 0.11640625 0.32109375
0 0.36015625 0.475 0.14296875 0.3
0 0.50078125 0.51171875 0.16171875 0.315625
0 0.62890625 0.478125 0.115625 0.2234375
0 0.74140625 0.7234375 0.1625 0.53984375
0 0.61953125 0.77578125 0.209375 0.4484375
0 0.38515625 0.77578125 0.22109375 0.4484375
0 0.18671875 0.3546875 0.125 0.25625
0 0.2953125 0.31953125 0.11640625 0.2640625
0 0.425 0.3484375 0.1578125 0.39609375
0 0.546875 0.32578125 0.10390625 0.21796875
0 0.640625 0.3375 0.10390625 0.2578125
0 0.74609375 0.39609375 0.1296875 0.33359375