0 0.8078125 0.43984375 0.140625 0.3890625
0 0.7828125 0.66328125 0.16875 0.396875
0 0.65546875 0.70625 0.1796875 0.49375
0 0.684375 0.3859375 0.10625 0.3
0 0.59453125 0.42109375 0.1375 0.315625
0 0.553125 0.45390625 0.159375 0.325
0 0.5328125 0.74765625 0.18125 0.428125
0 0.40078125 0.66328125 0.209375 0.55625
0 0.40703125 0.43984375 0.13125 0.2875
0 0.47421875 0.3890625 0.13125 0.2359375
0 0.34296875 0.4453125 0.1671875 0.3953125
0 0.1890625 0.57578125 0.084375 0.296875
0 0.15546875 0.58359375 0.1125 0.246875