0 0.29296875 0.50390625 0.1515625 0.53359375
0 0.39453125 0.409375 0.19453125 0.51796875
0 0.48046875 0.4375 0.12890625 0.4125
0 0.58828125 0.46015625 0.14140625 0.51484375
0 0.69140625 0.478125 0.1890625 0.5046875
0 0.3359375 0.73359375 0.2546875 0.43125
0 0.49296875 0.7078125 0.159375 0.45859375
0 0.67421875 0.75546875 0.18984375 0.3359375
0 0.965625 0.3890625 0.06875 0.190625
0 0.89375 0.35625 0.021875 0.096875
0 0.86953125 0.3609375 0.025 0.08515625
0 0.928125 0.3453125 0.02578125 0.0734375
0 0.940625 0.3359375 0.02578125 0.08984375
0 0.74296875 0.35 0.04453125 0.0953125
0 0.7578125 0.346875 0.03125 0.10234375