0 0.29453125 0.1828125 0.459375 0.18125
0 0.61640625 0.24296875 0.5671875 0.209375
0 0.23203125 0.28359375 0.228125 0.08125
0 0.1546875 0.34375 0.178125 0.0859375
0 0.13671875 0.4078125 0.165625 0.128125
0 0.3 0.3828125 0.3015625 0.11875
0 0.22109375 0.44453125 0.20625 0.09375
0 0.25390625 0.49296875 0.146875 0.05
0 0.11875 0.5546875 0.125 0.121875
0 0.353125 0.53125 0.3546875 0.1125
0 0.24453125 0.6296875 0.2578125 0.11875
0 0.23359375 0.7015625 0.20625 0.0796875
0 0.17421875 0.73828125 0.10625 0.0625
0 0.13359375 0.79609375 0.13125 0.096875
0 0.31171875 0.86015625 0.425 0.125
0 0.30390625 0.76796875 0.271875 0.0828125
0 0.6625 0.80234375 0.621875 0.1671875
0 0.634375 0.65 0.66875 0.171875
0 0.66640625 0.43984375 0.6546875 0.175