0 0.540625 0.66171875 0.03359375 0.090625
0 0.56328125 0.6765625 0.021875 0.071875
0 0.55 0.7640625 0.02890625 0.071875
0 0.52265625 0.93671875 0.025 0.1109375
0 0.54453125 0.93203125 0.028125 0.08671875
0 0.45546875 0.96171875 0.034375 0.07578125
0 0.46171875 0.9234375 0.02265625 0.06875
0 0.4015625 0.953125 0.034375 0.07578125
0 0.36171875 0.95625 0.03125 0.06875
0 0.3421875 0.91875 0.015625 0.0484375
0 0.36171875 0.896875 0.01875 0.0390625
0 0.37734375 0.91875 0.01953125 0.04453125
0 0.5921875 0.9671875 0.0375 0.065625
0 0.50703125 0.928125 0.01796875 0.1109375
0 0.23046875 0.975 0.02265625 0.05
0 0.20234375 0.96640625 0.03515625 0.06640625
0 0.228125 0.86640625 0.03359375 0.08515625
0 0.24921875 0.921875 0.02421875 0.05546875
0 0.31875 0.690625 0.02890625 0.13359375
0 0.26171875 0.54296875 0.01875 0.1
0 0.28125 0.52109375 0.02109375 0.09453125
0 0.3015625 0.5234375 0.021875 0.09453125
0 0.31796875 0.521875 0.021875 0.06640625
0 0.35859375 0.55078125 0.02109375 0.0390625
0 0.13828125 0.68828125 0.0375 0.13515625
0 0.26953125 0.9859375 0.028125 0.028125
0 0.06640625 0.96640625 0.04296875 0.06640625
0 0.08203125 0.68984375 0.03125 0.15
0 0.10390625 0.66953125 0.03203125 0.128125
0 0.01171875 0.71171875 0.0234375 0.1609375
0 0.04609375 0.57578125 0.02265625 0.0515625
0 0.025 0.575 0.025 0.05390625
0 0.0171875 0.5015625 0.02421875 0.09296875
0 0.03984375 0.4765625 0.02421875 0.0984375
0 0.059375 0.459375 0.01484375 0.059375
0 0.07734375 0.46171875 0.01484375 0.07578125
0 0.10859375 0.42109375 0.021875 0.07578125
0 0.1015625 0.4703125 0.01953125 0.059375
0 0.11953125 0.4796875 0.025 0.06328125
0 0.146875 0.4765625 0.02890625 0.05703125
0 0.090625 0.553125 0.025 0.08359375
0 0.109375 0.54921875 0.02109375 0.05703125
0 0.13125 0.53984375 0.02265625 0.10546875
0 0.1578125 0.5453125 0.01953125 0.04296875
0 0.17421875 0.5609375 0.028125 0.06640625
0 0.18515625 0.496875 0.02578125 0.06484375
0 0.21953125 0.509375 0.025 0.10703125
0 0.2328125 0.41015625 0.02578125 0.07578125
0 0.25234375 0.41796875 0.021875 0.09453125
0 0.2921875 0.4453125 0.02421875 0.06484375
0 0.30546875 0.4265625 0.02109375 0.07578125
0 0.32578125 0.42421875 0.01953125 0.059375
0 0.3703125 0.4703125 0.028125 0.078125
0 0.11484375 0.33515625 0.02890625 0.07421875
0 0.07734375 0.35390625 0.025 0.059375
0 0.0609375 0.3546875 0.01328125 0.02421875
0 0.04140625 0.3609375 0.034375 0.03671875
0 0.41015625 0.50546875 0.02421875 0.1109375
0 0.4234375 0.4984375 0.02421875 0.07421875
0 0.4515625 0.521875 0.02421875 0.07421875
0 0.48203125 0.5234375 0.025 0.07578125
0 0.53125 0.5484375 0.02265625 0.06640625
0 0.55546875 0.56484375 0.025 0.09296875
0 0.58984375 0.55625 0.03125 0.05
0 0.59140625 0.5265625 0.025 0.03515625
0 0.72109375 0.521875 0.02421875 0.06328125
0 0.74140625 0.521875 0.02265625 0.059375
0 0.77890625 0.54140625 0.01953125 0.05703125
0 0.784375 0.52890625 0.02109375 0.05
0 0.72578125 0.63671875 0.034375 0.04453125
0 0.58671875 0.73203125 0.02421875 0.04296875
0 0.79921875 0.659375 0.021875 0.0484375
0 0.81953125 0.671875 0.03359375 0.09296875
0 0.915625 0.71953125 0.02265625 0.08671875
0 0.94140625 0.72890625 0.02578125 0.090625