0 0.271875 0.8875 0.078125 0.0546875
0 0.2359375 0.86328125 0.05625 0.034375
0 0.51796875 0.8390625 0.5484375 0.06875
0 0.29609375 0.7921875 0.078125 0.053125
0 0.5390625 0.7421875 0.509375 0.103125
0 0.2453125 0.73515625 0.075 0.053125
0 0.26796875 0.69609375 0.059375 0.04375
0 0.26171875 0.66171875 0.10625 0.059375
0 0.56015625 0.61953125 0.509375 0.1265625
0 0.63359375 0.62890625 0.3515625 0.1125
0 0.271875 0.62265625 0.0671875 0.046875
0 0.2328125 0.60078125 0.0625 0.034375
0 0.22109375 0.56953125 0.08125 0.0515625
0 0.3984375 0.575 0.278125 0.0625
0 0.39609375 0.48828125 0.2640625 0.1140625
0 0.65390625 0.43984375 0.365625 0.1375
0 0.6609375 0.31953125 0.340625 0.1140625
0 0.6453125 0.18125 0.3796875 0.159375
0 0.41171875 0.26328125 0.2734375 0.09375
0 0.35234375 0.20703125 0.1875 0.0625
0 0.28828125 0.16015625 0.134375 0.05625
0 0.4671875 0.08359375 0.49375 0.0921875
0 0.3875 0.3734375 0.221875 0.084375
0 0.30078125 0.43203125 0.0765625 0.05
0 0.24921875 0.51640625 0.05625 0.0546875
0 0.25234375 0.47265625 0.0765625 0.04375
0 0.2796875 0.40703125 0.0625 0.05
0 0.25078125 0.38046875 0.059375 0.0359375
0 0.2390625 0.34296875 0.0625 0.0390625
0 0.284375 0.3078125 0.0671875 0.0390625
0 0.240625 0.2734375 0.0765625 0.0625
0 0.28984375 0.33828125 0.08125 0.0375