0 0.54296875 0.83984375 0.3625 0.0890625
0 0.56015625 0.684375 0.365625 0.08125
0 0.66875 0.759375 0.209375 0.1
0 0.77578125 0.74296875 0.140625 0.08125
0 0.690625 0.646875 0.09375 0.0640625
0 0.671875 0.61796875 0.2625 0.078125
0 0.61796875 0.525 0.221875 0.0875
0 0.7375 0.553125 0.115625 0.04375
0 0.70390625 0.48203125 0.1453125 0.0765625
0 0.63515625 0.38359375 0.215625 0.059375
0 0.64375 0.3328125 0.1359375 0.053125
0 0.60625 0.26015625 0.1359375 0.0546875
0 0.5515625 0.18359375 0.171875 0.06875
0 0.66796875 0.1890625 0.140625 0.05
0 0.69921875 0.2875 0.128125 0.065625
0 0.75390625 0.31796875 0.103125 0.0625
0 0.78984375 0.3875 0.103125 0.075