0 0.54453125 0.6703125 0.03046875 0.08125
0 0.5484375 0.76953125 0.040625 0.1015625
0 0.61953125 0.6953125 0.03984375 0.08671875
0 0.56015625 0.5515625 0.01953125 0.08515625
0 0.5828125 0.55390625 0.01796875 0.0703125
0 0.59765625 0.53828125 0.02421875 0.06875
0 0.53515625 0.53515625 0.02109375 0.05546875
0 0.47734375 0.51953125 0.03046875 0.06875
0 0.45234375 0.51328125 0.02265625 0.05546875
0 0.42578125 0.50859375 0.02265625 0.06875
0 0.41328125 0.5 0.03046875 0.1
0 0.37578125 0.45859375 0.02421875 0.0984375
0 0.32734375 0.425 0.01796875 0.07578125
0 0.30859375 0.4109375 0.02578125 0.02578125
0 0.2953125 0.44296875 0.03671875 0.05546875
0 0.25390625 0.42421875 0.02890625 0.09296875
0 0.22890625 0.40546875 0.01953125 0.06328125
0 0.3171875 0.52890625 0.02421875 0.05703125
0 0.36171875 0.559375 0.028125 0.03671875
0 0.290625 0.559375 0.01640625 0.0890625
0 0.29140625 0.51015625 0.02265625 0.05390625
0 0.2640625 0.54453125 0.028125 0.10390625
0 0.5484375 0.91796875 0.028125 0.05390625
0 0.534375 0.95078125 0.03359375 0.0796875
0 0.525 0.8890625 0.02109375 0.04453125
0 0.4875 0.91953125 0.02890625 0.11640625
0 0.44375 0.978125 0.025 0.04375
0 0.45859375 0.953125 0.03125 0.0390625
0 0.4546875 0.91015625 0.02578125 0.04609375
0 0.42109375 0.965625 0.034375 0.06875
0 0.39453125 0.9609375 0.02578125 0.03671875
0 0.37734375 0.91875 0.01796875 0.0515625
0 0.36171875 0.90078125 0.01875 0.03125
0 0.34140625 0.89609375 0.01875 0.0515625
0 0.3390625 0.9234375 0.015625 0.04609375
0 0.36640625 0.95859375 0.02265625 0.07578125
0 0.3375 0.9796875 0.02890625 0.03359375
0 0.28515625 0.98125 0.021875 0.03671875
0 0.2609375 0.9703125 0.02578125 0.059375
0 0.2546875 0.921875 0.028125 0.03359375
0 0.22734375 0.96484375 0.040625 0.059375
0 0.2390625 0.8640625 0.040625 0.06875
0 0.16015625 0.9234375 0.04765625 0.14296875
0 0.1125 0.94609375 0.04765625 0.10703125
0 0.065625 0.978125 0.034375 0.04375
0 0.08984375 0.70703125 0.02890625 0.1515625
0 0.1125 0.68046875 0.025 0.13125
0 0.14609375 0.71171875 0.03359375 0.13515625
0 0.178125 0.55859375 0.0375 0.071875
0 0.178125 0.49609375 0.02734375 0.0703125
0 0.21484375 0.51171875 0.03046875 0.11328125
0 0.1265625 0.525 0.021875 0.109375
0 0.1125 0.5453125 0.02109375 0.04609375
0 0.08828125 0.5515625 0.02265625 0.06640625
0 0.16171875 0.54296875 0.025 0.059375
0 0.15078125 0.48515625 0.02734375 0.07421875
0 0.13203125 0.44453125 0.01796875 0.05546875
0 0.1109375 0.428125 0.034375 0.08515625
0 0.09921875 0.46953125 0.025 0.05390625
0 0.0765625 0.44375 0.02578125 0.05390625
0 0.07109375 0.5046875 0.03515625 0.11328125
0 0.05625 0.45859375 0.03515625 0.06875
0 0.04921875 0.58125 0.03515625 0.06640625
0 0.0296875 0.58359375 0.02578125 0.0703125
0 0.046875 0.37109375 0.01640625 0.0390625
0 0.059375 0.36171875 0.02109375 0.0609375
0 0.07421875 0.35625 0.02734375 0.06875
0 0.1171875 0.33671875 0.03046875 0.0890625
0 0.0078125 0.51328125 0.009375 0.09296875
0 0.32109375 0.70703125 0.03359375 0.15546875
0 0.7203125 0.5234375 0.01796875 0.05390625
0 0.73203125 0.509375 0.01796875 0.059375
0 0.74375 0.53203125 0.02265625 0.07578125
0 0.77734375 0.54453125 0.02421875 0.05546875
0 0.7875 0.53359375 0.02734375 0.059375
0 0.79765625 0.653125 0.03359375 0.04609375
0 0.815625 0.653125 0.01875 0.05703125
0 0.73046875 0.6484375 0.05 0.059375
0 0.88515625 0.70078125 0.02421875 0.0984375
0 0.9421875 0.734375 0.02421875 0.0609375
0 0.959375 0.73125 0.02265625 0.059375
0 0.709375 0.5640625 0.02265625 0.04296875
0 0.69140625 0.571875 0.02265625 0.040625