0 0.91015625 0.4015625 0.134375 0.4296875
0 0.84765625 0.30546875 0.0875 0.1625
0 0.796875 0.27578125 0.0625 0.1125
0 0.77890625 0.4015625 0.08125 0.278125
0 0.70703125 0.34765625 0.09375 0.2796875
0 0.6609375 0.284375 0.084375 0.1625
0 0.6078125 0.3484375 0.121875 0.2140625
0 0.54609375 0.2359375 0.08125 0.125
0 0.51875 0.36171875 0.084375 0.225
0 0.46328125 0.33359375 0.0765625 0.1859375
0 0.41953125 0.36328125 0.115625 0.2875
0 0.37890625 0.303125 0.078125 0.10625
0 0.31640625 0.2515625 0.09375 0.121875
0 0.33359375 0.38984375 0.1203125 0.21875
0 0.23046875 0.3359375 0.10625 0.1890625
0 0.1859375 0.3015625 0.1078125 0.1203125
0 0.08359375 0.4046875 0.1296875 0.3328125
0 0.14453125 0.721875 0.1171875 0.478125
0 0.20078125 0.51640625 0.1078125 0.2625
0 0.29921875 0.70546875 0.1484375 0.478125
0 0.4046875 0.58828125 0.09375 0.24375
0 0.48125 0.76875 0.1234375 0.4625
0 0.5 0.525 0.0625 0.121875
0 0.56171875 0.528125 0.08125 0.15625
0 0.621875 0.47265625 0.0609375 0.115625
0 0.6734375 0.52734375 0.071875 0.1375
0 0.85234375 0.69140625 0.1546875 0.425
0 0.73515625 0.69921875 0.109375 0.4484375
0 0.61640625 0.76640625 0.115625 0.3984375