0 0.5984375 0.91015625 0.4296875 0.134375
0 0.69453125 0.84765625 0.1625 0.0875
0 0.72421875 0.796875 0.1125 0.0625
0 0.5984375 0.77890625 0.278125 0.08125
0 0.65234375 0.70703125 0.2796875 0.09375
0 0.715625 0.6609375 0.1625 0.084375
0 0.6515625 0.6078125 0.2140625 0.121875
0 0.7640625 0.54609375 0.125 0.08125
0 0.63828125 0.51875 0.225 0.084375
0 0.66640625 0.46328125 0.1859375 0.0765625
0 0.63671875 0.41953125 0.2875 0.115625
0 0.696875 0.37890625 0.10625 0.078125
0 0.7484375 0.31640625 0.121875 0.09375
0 0.61015625 0.33359375 0.21875 0.1203125
0 0.6640625 0.23046875 0.1890625 0.10625
0 0.6984375 0.1859375 0.1203125 0.1078125
0 0.5953125 0.08359375 0.33125 0.128125
0 0.278125 0.14453125 0.478125 0.115625
0 0.48359375 0.20078125 0.2625 0.1078125
0 0.29453125 0.29921875 0.478125 0.1484375
0 0.41171875 0.4046875 0.24375 0.09375
0 0.23125 0.48125 0.4625 0.1234375
0 0.475 0.5 0.121875 0.0625
0 0.471875 0.56171875 0.15625 0.08125
0 0.52734375 0.621875 0.115625 0.0609375
0 0.47265625 0.6734375 0.1375 0.071875
0 0.30859375 0.85234375 0.425 0.1546875
0 0.30078125 0.73515625 0.4484375 0.109375
0 0.23359375 0.61640625 0.3984375 0.115625