0 0.1609375 0.6390625 0.16640625 0.721875
0 0.2578125 0.38828125 0.15234375 0.28125
0 0.36171875 0.4609375 0.11328125 0.38671875
0 0.4328125 0.35859375 0.15078125 0.278125
0 0.53359375 0.3765625 0.1046875 0.1625
0 0.64140625 0.3484375 0.16640625 0.20546875
0 0.74921875 0.37109375 0.109375 0.17734375
0 0.83046875 0.41796875 0.15625 0.2015625
0 0.8515625 0.68125 0.296875 0.52734375
0 0.68359375 0.640625 0.14921875 0.4375
0 0.58984375 0.64609375 0.15703125 0.50234375
0 0.44296875 0.7171875 0.2015625 0.565625