0 0.421875 0.81484375 0.7625 0.1546875
0 0.603125 0.75 0.246875 0.1046875
0 0.3328125 0.66796875 0.659375 0.125
0 0.71015625 0.65078125 0.190625 0.1109375
0 0.3859375 0.56953125 0.584375 0.1359375
0 0.72734375 0.5140625 0.16875 0.1078125
0 0.359375 0.478125 0.71875 0.10625
0 0.684375 0.43359375 0.1765625 0.075
0 0.36796875 0.38828125 0.7359375 0.10625
0 0.6390625 0.33125 0.2 0.078125
0 0.378125 0.28359375 0.6359375 0.1171875
0 0.36953125 0.2125 0.7390625 0.06875
0 0.3765625 0.12109375 0.71875 0.1296875