0 0.9609375 0.16640625 0.05 0.1484375
0 0.88046875 0.17890625 0.065625 0.171875
0 0.61875 0.334375 0.06875 0.190625
0 0.51015625 0.3953125 0.053125 0.1640625
0 0.74296875 0.87734375 0.078125 0.165625
0 0.8734375 0.90234375 0.071875 0.109375
0 0.5984375 0.71796875 0.065625 0.2140625
0 0.45390625 0.778125 0.071875 0.2046875
0 0.81171875 0.490625 0.04375 0.15
0 0.78203125 0.5109375 0.040625 0.159375
0 0.7515625 0.5015625 0.040625 0.134375
0 0.76875 0.44140625 0.01875 0.053125
0 0.45390625 0.25390625 0.0359375 0.13125
0 0.3484375 0.67265625 0.0703125 0.175
0 0.05859375 0.46640625 0.0640625 0.203125
0 0.3359375 0.22578125 0.0703125 0.165625
0 0.4296875 0.1484375 0.046875 0.1359375
0 0.5 0.09765625 0.040625 0.13125
0 0.471875 0.09765625 0.0265625 0.1140625
0 0.6265625 0.0671875 0.034375 0.096875
0 0.403125 0.046875 0.01875 0.0671875
0 0.35859375 0.03359375 0.021875 0.0671875
0 0.3328125 0.0484375 0.0296875 0.09375
0 0.27265625 0.07578125 0.034375 0.14375
0 0.21875 0.0796875 0.0375 0.15
0 0.034375 0.1703125 0.0390625 0.134375
0 0.0234375 0.25625 0.0359375 0.13125
0 0.009375 0.1453125 0.01875 0.084375
0 0.01796875 0.10078125 0.021875 0.046875
0 0.3890625 0.034375 0.021875 0.06875
0 0.5046875 0.0296875 0.028125 0.059375