0 0.309375 0.8875 0.4625 0.1984375
0 0.51875 0.82734375 0.1140625 0.096875
0 0.7078125 0.89765625 0.2640625 0.115625
0 0.71015625 0.7671875 0.3125 0.1453125
0 0.7515625 0.60546875 0.196875 0.090625
0 0.37578125 0.634375 0.490625 0.128125
0 0.590625 0.5078125 0.190625 0.115625
0 0.78515625 0.478125 0.165625 0.109375
0 0.253125 0.4453125 0.44375 0.246875
0 0.57578125 0.3765625 0.209375 0.125
0 0.79453125 0.34140625 0.184375 0.10625
0 0.78671875 0.21484375 0.18125 0.1390625
0 0.39921875 0.2328125 0.515625 0.128125
0 0.36171875 0.0984375 0.553125 0.15