0 0.821875 0.24921875 0.040625 0.14375
0 0.84453125 0.325 0.0375 0.075
0 0.73984375 0.459375 0.034375 0.10625
0 0.70859375 0.48046875 0.028125 0.04375
0 0.69609375 0.446875 0.025 0.071875
0 0.6796875 0.4546875 0.01875 0.053125
0 0.63515625 0.43984375 0.034375 0.05625
0 0.68828125 0.26953125 0.046875 0.1015625
0 0.76171875 0.13984375 0.040625 0.075
0 0.75078125 0.08203125 0.0375 0.04375
0 0.734375 0.02578125 0.028125 0.0515625
0 0.771875 0.02890625 0.034375 0.05625
0 0.75390625 0.0484375 0.028125 0.0515625
0 0.675 0.11640625 0.034375 0.0515625
0 0.65859375 0.08046875 0.03125 0.034375
0 0.63828125 0.10859375 0.021875 0.034375
0 0.62890625 0.08671875 0.025 0.0515625
0 0.61015625 0.05078125 0.028125 0.05625
0 0.58359375 0.046875 0.028125 0.05625
0 0.55703125 0.02578125 0.021875 0.0375
0 0.53828125 0.053125 0.028125 0.053125
0 0.51875 0.1203125 0.009375 0.040625
0 0.50703125 0.1453125 0.015625 0.053125
0 0.503125 0.11015625 0.015625 0.05625
0 0.48984375 0.0765625 0.0125 0.14375
0 0.4765625 0.075 0.01875 0.1125
0 0.45859375 0.07109375 0.015625 0.084375
0 0.4453125 0.2203125 0.025 0.1
0 0.45546875 0.33125 0.021875 0.084375
0 0.45546875 0.38046875 0.021875 0.034375
0 0.44453125 0.43671875 0.01875 0.0890625
0 0.41484375 0.4453125 0.03125 0.075
0 0.4625 0.45390625 0.025 0.08125
0 0.52109375 0.48125 0.028125 0.078125
0 0.54375 0.48046875 0.025 0.0796875
0 0.5890625 0.490625 0.01875 0.10625
0 0.575 0.49609375 0.028125 0.084375
0 0.62734375 0.5484375 0.034375 0.08125
0 0.6625 0.56875 0.025 0.059375
0 0.69140625 0.571875 0.0375 0.05625
0 0.70078125 0.5515625 0.0375 0.059375
0 0.74453125 0.57890625 0.03125 0.090625
0 0.77265625 0.58828125 0.025 0.0875
0 0.78046875 0.49140625 0.028125 0.128125
0 0.81640625 0.50078125 0.025 0.0609375
0 0.821875 0.4359375 0.03125 0.075
0 0.8375 0.4609375 0.01875 0.040625
0 0.87109375 0.45390625 0.0375 0.096875
0 0.89140625 0.453125 0.025 0.04375
0 0.90390625 0.45078125 0.028125 0.0609375
0 0.8765625 0.52109375 0.025 0.053125
0 0.85 0.52421875 0.034375 0.0515625
0 0.890625 0.584375 0.034375 0.065625
0 0.89453125 0.521875 0.03125 0.0515625
0 0.92109375 0.54609375 0.021875 0.0703125
0 0.94453125 0.540625 0.025 0.065625
0 0.94765625 0.42109375 0.04375 0.071875
0 0.96328125 0.41484375 0.03125 0.0703125
0 0.97578125 0.48203125 0.034375 0.05625
0 0.9859375 0.50859375 0.025 0.04375
0 0.95390625 0.63125 0.03125 0.0375
0 0.94140625 0.640625 0.021875 0.0375
0 0.9265625 0.6484375 0.028125 0.04375
0 0.88515625 0.66328125 0.03125 0.075
0 0.89921875 0.23828125 0.0375 0.153125
0 0.88828125 0.0953125 0.05 0.1796875
0 0.975 0.08203125 0.04375 0.1640625
0 0.928125 0.02265625 0.040625 0.0453125
0 0.35078125 0.325 0.03125 0.090625
0 0.275 0.46953125 0.021875 0.0609375
0 0.275 0.48828125 0.01875 0.065625
0 0.25546875 0.48125 0.015625 0.059375
0 0.22421875 0.45703125 0.015625 0.05625
0 0.215625 0.4765625 0.021875 0.084375