0 0.72890625 0.209375 0.05625 0.134375
0 0.76796875 0.12109375 0.0375 0.115625
0 0.740625 0.065625 0.034375 0.05
0 0.78671875 0.02890625 0.053125 0.05
0 0.83203125 0.01953125 0.03125 0.0390625
0 0.87109375 0.10546875 0.040625 0.159375
0 0.88203125 0.23515625 0.028125 0.09375
0 0.85234375 0.2765625 0.053125 0.1609375
0 0.94609375 0.18984375 0.046875 0.153125
0 0.98203125 0.159375 0.03125 0.1
0 0.975 0.065625 0.03125 0.125
0 0.93203125 0.01953125 0.03125 0.0390625
0 0.73203125 0.02109375 0.04375 0.034375
0 0.67734375 0.11171875 0.028125 0.0609375
0 0.65859375 0.07890625 0.028125 0.053125
0 0.64453125 0.10390625 0.015625 0.040625
0 0.62578125 0.08984375 0.028125 0.0390625
0 0.63984375 0.06328125 0.03125 0.025
0 0.6578125 0.021875 0.034375 0.040625
0 0.60078125 0.0359375 0.046875 0.071875
0 0.5546875 0.02109375 0.028125 0.0390625
0 0.53828125 0.03515625 0.03125 0.059375
0 0.51640625 0.08046875 0.021875 0.1015625
0 0.49453125 0.0796875 0.015625 0.125
0 0.47734375 0.06484375 0.025 0.11875
0 0.45078125 0.06015625 0.03125 0.1015625
0 0.47265625 0.15859375 0.028125 0.0796875
0 0.465625 0.19296875 0.021875 0.0484375
0 0.446875 0.23046875 0.034375 0.0984375
0 0.45390625 0.328125 0.021875 0.0890625
0 0.46953125 0.36953125 0.015625 0.05625
0 0.44296875 0.44296875 0.01875 0.084375
0 0.41484375 0.44453125 0.034375 0.059375
0 0.46328125 0.465625 0.021875 0.053125
0 0.52265625 0.48203125 0.01875 0.0609375
0 0.54609375 0.484375 0.01875 0.075
0 0.57421875 0.503125 0.01875 0.065625
0 0.59453125 0.49296875 0.028125 0.103125
0 0.6265625 0.5515625 0.028125 0.08125
0 0.63828125 0.44921875 0.03125 0.04375
0 0.67265625 0.45546875 0.025 0.0515625
0 0.69609375 0.44453125 0.021875 0.0625
0 0.69453125 0.48515625 0.015625 0.04375
0 0.7375 0.4515625 0.034375 0.10625
0 0.70234375 0.56328125 0.028125 0.0515625
0 0.69375 0.5859375 0.009375 0.053125
0 0.66953125 0.57421875 0.03125 0.04375
0 0.78203125 0.48828125 0.0375 0.1015625
0 0.74921875 0.58203125 0.021875 0.084375
0 0.77109375 0.5953125 0.01875 0.06875
0 0.8203125 0.5046875 0.03125 0.053125
0 0.825 0.44453125 0.034375 0.078125
0 0.84296875 0.46640625 0.021875 0.04375
0 0.86796875 0.45625 0.040625 0.0796875
0 0.890625 0.453125 0.028125 0.046875
0 0.90703125 0.4609375 0.03125 0.0484375
0 0.9515625 0.41640625 0.034375 0.078125
0 0.97109375 0.4203125 0.025 0.0515625
0 0.9921875 0.43671875 0.015625 0.115625
0 0.9859375 0.50703125 0.025 0.05625
0 0.94140625 0.54375 0.021875 0.05625
0 0.921875 0.55390625 0.015625 0.05625
0 0.89921875 0.52890625 0.028125 0.06875
0 0.86953125 0.525 0.03125 0.046875
0 0.85078125 0.521875 0.028125 0.05625
0 0.8828125 0.5859375 0.034375 0.04375
0 0.8828125 0.6640625 0.025 0.06875
0 0.925 0.64921875 0.021875 0.05
0 0.9421875 0.6359375 0.021875 0.028125
0 0.29609375 0.36171875 0.0265625 0.0875
0 0.27890625 0.475 0.015625 0.06875
0 0.26640625 0.50078125 0.021875 0.0390625
0 0.253125 0.49296875 0.028125 0.065625
0 0.22265625 0.45703125 0.028125 0.0625
0 0.1671875 0.34375 0.025 0.0609375
0 0.19296875 0.3453125 0.03125 0.05625
0 0.05546875 0.27109375 0.03125 0.084375
0 0.03984375 0.290625 0.021875 0.0515625