0 0.653125 0.059375 0.303125 0.11875
0 0.73671875 0.13125 0.178125 0.103125
0 0.38828125 0.14296875 0.6234375 0.146875
0 0.6859375 0.20703125 0.184375 0.0875
0 0.7234375 0.29140625 0.1484375 0.059375
0 0.37734375 0.27890625 0.7546875 0.140625
0 0.7375 0.3640625 0.10625 0.08125
0 0.678125 0.33984375 0.1125 0.078125
0 0.38984375 0.41953125 0.7796875 0.1640625
0 0.728125 0.49140625 0.121875 0.0796875
0 0.365625 0.54296875 0.73125 0.1390625
0 0.70078125 0.59765625 0.125 0.071875
0 0.63046875 0.66328125 0.24375 0.0859375
0 0.371875 0.72734375 0.74375 0.1375
0 0.68671875 0.77734375 0.1265625 0.05
0 0.67890625 0.81875 0.2671875 0.1375
0 0.4 0.90234375 0.8 0.175