0 0.075 0.7171875 0.15 0.56484375
0 0.12734375 0.3828125 0.1125 0.3328125
0 0.20703125 0.34765625 0.084375 0.19453125
0 0.3015625 0.371875 0.178125 0.278125
0 0.4328125 0.35078125 0.159375 0.20546875
0 0.58046875 0.3015625 0.12265625 0.16953125
0 0.790625 0.36171875 0.10234375 0.19921875
0 0.91484375 0.61171875 0.1578125 0.7765625
0 0.76640625 0.6359375 0.2546875 0.728125
0 0.5890625 0.57578125 0.18984375 0.54921875
0 0.37421875 0.58671875 0.10390625 0.415625
0 0.26953125 0.7328125 0.20234375 0.53359375
0 0.45 0.78515625 0.16796875 0.4296875