0 0.0546875 0.60625 0.0671875 0.103125
0 0.11171875 0.65078125 0.0671875 0.08125
0 0.1375 0.5296875 0.0265625 0.1046875
0 0.16484375 0.5265625 0.0359375 0.06875
0 0.21015625 0.534375 0.03125 0.075
0 0.1875 0.59765625 0.0515625 0.08125
0 0.25078125 0.54140625 0.04375 0.090625
0 0.2828125 0.55546875 0.0484375 0.125
0 0.3640625 0.55078125 0.0640625 0.1
0 0.4 0.44609375 0.078125 0.1046875
0 0.43671875 0.59140625 0.0671875 0.203125
0 0.46953125 0.49140625 0.046875 0.0734375
0 0.496875 0.49140625 0.028125 0.0484375
0 0.5375 0.5328125 0.05 0.2703125
0 0.60078125 0.56015625 0.065625 0.2375
0 0.628125 0.45859375 0.05625 0.146875
0 0.70234375 0.5046875 0.0546875 0.2265625
0 0.74296875 0.42421875 0.0296875 0.1109375
0 0.81484375 0.4296875 0.0390625 0.1
0 0.85 0.5484375 0.071875 0.296875
0 0.7734375 0.58125 0.096875 0.2453125
0 0.92109375 0.54140625 0.0625 0.35