0 0.9359375 0.4296875 0.128125 0.853125
0 0.81640625 0.4359375 0.1109375 0.871875
0 0.759375 0.79921875 0.078125 0.225
0 0.7 0.81015625 0.0984375 0.134375
0 0.64375 0.86640625 0.084375 0.19375
0 0.5625 0.8265625 0.075 0.1703125
0 0.49140625 0.89609375 0.103125 0.134375
0 0.6046875 0.7 0.1296875 0.253125
0 0.690625 0.6578125 0.090625 0.234375
0 0.65078125 0.28125 0.171875 0.5625
0 0.5234375 0.35 0.121875 0.521875
0 0.51953125 0.69765625 0.10625 0.3
0 0.40390625 0.821875 0.103125 0.221875
0 0.33671875 0.71875 0.1765625 0.359375
0 0.23671875 0.7765625 0.13125 0.275
0 0.11953125 0.703125 0.10625 0.296875
0 0.08359375 0.3703125 0.125 0.396875
0 0.20078125 0.55390625 0.103125 0.21875
0 0.25703125 0.359375 0.20625 0.4859375
0 0.39453125 0.35 0.15 0.509375