0 0.08671875 0.09453125 0.165625 0.125
0 0.18046875 0.6203125 0.078125 0.09375
0 0.19453125 0.52578125 0.0890625 0.11875
0 0.0578125 0.7890625 0.1140625 0.184375
0 0.2625 0.73125 0.071875 0.128125
0 0.3203125 0.834375 0.05625 0.125
0 0.33515625 0.69375 0.084375 0.125
0 0.3015625 0.56875 0.0875 0.171875
0 0.38984375 0.45234375 0.059375 0.128125
0 0.4765625 0.57109375 0.084375 0.1625
0 0.57109375 0.6578125 0.078125 0.171875
0 0.44921875 0.8171875 0.0625 0.20625
0 0.51953125 0.91484375 0.06875 0.1625
0 0.81796875 0.51171875 0.090625 0.1984375
0 0.946875 0.32265625 0.10625 0.203125
0 0.965625 0.05625 0.06875 0.109375