0 0.09765625 0.4484375 0.13359375 0.5921875
0 0.1765625 0.57578125 0.09921875 0.678125
0 0.2359375 0.434375 0.07890625 0.4640625
0 0.2890625 0.5515625 0.06640625 0.54609375
0 0.32578125 0.29453125 0.09765625 0.17109375
0 0.3796875 0.5484375 0.159375 0.5625
0 0.459375 0.26328125 0.1 0.22265625
0 0.49296875 0.58671875 0.11875 0.625
0 0.5703125 0.2234375 0.08984375 0.15
0 0.61171875 0.5875 0.125 0.73125
0 0.6609375 0.2328125 0.08125 0.2
0 0.7375 0.52421875 0.11015625 0.63125
0 0.84375 0.52265625 0.0953125 0.6796875
0 0.9296875 0.534375 0.13359375 0.7203125