0 0.54453125 0.878125 0.575 0.20625
0 0.38046875 0.8171875 0.203125 0.140625
0 0.5390625 0.74921875 0.465625 0.1125
0 0.36484375 0.6859375 0.18125 0.09375
0 0.28359375 0.61796875 0.103125 0.06875
0 0.3546875 0.584375 0.14375 0.06875
0 0.653125 0.62890625 0.628125 0.13125
0 0.43125 0.5421875 0.3125 0.096875
0 0.3390625 0.49765625 0.1625 0.078125
0 0.41328125 0.45546875 0.253125 0.1171875
0 0.58671875 0.38046875 0.6578125 0.134375
0 0.4765625 0.29765625 0.4203125 0.1140625
0 0.65859375 0.23125 0.634375 0.184375