0 0.5515625 0.09765625 0.5921875 0.134375
0 0.42421875 0.1765625 0.678125 0.1
0 0.565625 0.2359375 0.4640625 0.078125
0 0.4484375 0.2890625 0.546875 0.065625
0 0.70546875 0.32578125 0.171875 0.096875
0 0.4515625 0.3796875 0.5625 0.159375
0 0.73671875 0.459375 0.221875 0.1
0 0.41328125 0.49296875 0.625 0.11875
0 0.7765625 0.5703125 0.15 0.090625
0 0.4125 0.61171875 0.73125 0.125
0 0.7671875 0.6609375 0.2 0.08125
0 0.47578125 0.7375 0.63125 0.109375
0 0.47734375 0.84375 0.6796875 0.0953125
0 0.465625 0.9296875 0.7203125 0.134375