0 0.62109375 0.04765625 0.146875 0.09375
0 0.52265625 0.1203125 0.0859375 0.0640625
0 0.49375 0.18359375 0.084375 0.06875
0 0.540625 0.225 0.0859375 0.08125
0 0.63125 0.11484375 0.128125 0.0796875
0 0.63203125 0.203125 0.14375 0.0953125
0 0.625 0.284375 0.128125 0.09375
0 0.48984375 0.31640625 0.1375 0.103125
0 0.546875 0.37890625 0.128125 0.1078125
0 0.6734375 0.36875 0.14375 0.084375
0 0.478125 0.4171875 0.0890625 0.08125
0 0.5578125 0.45546875 0.15625 0.090625
0 0.51015625 0.51484375 0.159375 0.09375
0 0.7375 0.43984375 0.2546875 0.10625
0 0.7359375 0.52265625 0.25 0.096875
0 0.7390625 0.590625 0.30625 0.075
0 0.54453125 0.55859375 0.18125 0.075
0 0.49765625 0.61484375 0.153125 0.0828125
0 0.54609375 0.65546875 0.153125 0.090625
0 0.71484375 0.67890625 0.34375 0.09375
0 0.70703125 0.7828125 0.315625 0.1125
0 0.6359375 0.90234375 0.3125 0.078125
0 0.5265625 0.83125 0.159375 0.0625
0 0.496875 0.78515625 0.121875 0.071875
0 0.575 0.740625 0.13125 0.096875
0 0.50390625 0.709375 0.115625 0.0875