0 0.1359375 0.571875 0.1015625 0.1296875
0 0.240625 0.50234375 0.09375 0.1296875
0 0.24375 0.59453125 0.0625 0.1015625
0 0.34140625 0.59375 0.075 0.128125
0 0.3921875 0.465625 0.09375 0.125
0 0.4671875 0.59609375 0.0875 0.153125
0 0.51484375 0.5046875 0.0875 0.1578125
0 0.58515625 0.56328125 0.065625 0.11875
0 0.63359375 0.49140625 0.090625 0.1546875
0 0.690625 0.54375 0.065625 0.14375
0 0.73203125 0.515625 0.08125 0.140625
0 0.80234375 0.53828125 0.071875 0.146875
0 0.89765625 0.5328125 0.0796875 0.1453125