0 0.19609375 0.21171875 0.19375 0.10625
0 0.33828125 0.16328125 0.215625 0.121875
0 0.60703125 0.0515625 0.1890625 0.103125
0 0.5453125 0.7890625 0.2171875 0.115625
0 0.33046875 0.9140625 0.2890625 0.128125
0 0.2328125 0.8234375 0.221875 0.11875
0 0.16875 0.74140625 0.184375 0.0984375
0 0.146875 0.67265625 0.15625 0.0671875
0 0.12421875 0.62109375 0.146875 0.065625
0 0.134375 0.58046875 0.10625 0.053125
0 0.1171875 0.52578125 0.0984375 0.059375
0 0.1125 0.4515625 0.096875 0.0625
0 0.128125 0.38671875 0.1 0.040625
0 0.14609375 0.35546875 0.115625 0.0484375
0 0.17265625 0.31328125 0.14375 0.065625
0 0.159375 0.26171875 0.140625 0.06875