0 0.74140625 0.759375 0.1046875 0.1625
0 0.7828125 0.6546875 0.1015625 0.121875
0 0.784375 0.52734375 0.1203125 0.1640625
0 0.653125 0.5890625 0.1046875 0.1578125
0 0.62578125 0.71484375 0.096875 0.146875
0 0.50078125 0.7203125 0.096875 0.1390625
0 0.540625 0.52265625 0.0984375 0.14375
0 0.42890625 0.55546875 0.096875 0.159375
0 0.3765625 0.6375 0.084375 0.1546875
0 0.23359375 0.55703125 0.090625 0.134375
0 0.36328125 0.46484375 0.1109375 0.15625
0 0.19609375 0.4203125 0.1328125 0.1765625
0 0.4234375 0.240625 0.128125 0.16875
0 0.55625 0.2515625 0.1125 0.1859375
0 0.675 0.2765625 0.1234375 0.2171875