0 0.165625 0.290625 0.09765625 0.146875
0 0.15625 0.50546875 0.08203125 0.13515625
0 0.2515625 0.46953125 0.1078125 0.15234375
0 0.28828125 0.2234375 0.09765625 0.14453125
0 0.38359375 0.2765625 0.09296875 0.1546875
0 0.47265625 0.284375 0.09375 0.15234375
0 0.4203125 0.4609375 0.10078125 0.14609375
0 0.51171875 0.453125 0.0875 0.14296875
0 0.6109375 0.45390625 0.1015625 0.1421875
0 0.59296875 0.2421875 0.09296875 0.15390625
0 0.740625 0.23671875 0.0890625 0.15390625
0 0.8609375 0.2875 0.0953125 0.1328125
0 0.8 0.39375 0.1015625 0.146875
0 0.7234375 0.42890625 0.096875 0.16015625