0 0.909375 0.6640625 0.084375 0.16875
0 0.79921875 0.65859375 0.071875 0.134375
0 0.74375 0.61328125 0.096875 0.15
0 0.765625 0.45703125 0.115625 0.16875
0 0.5921875 0.45859375 0.1 0.165625
0 0.6234375 0.5734375 0.084375 0.1203125
0 0.6390625 0.68828125 0.08125 0.140625
0 0.51015625 0.69453125 0.1 0.134375
0 0.51796875 0.57578125 0.125 0.128125
0 0.46171875 0.46875 0.103125 0.16875
0 0.396875 0.66328125 0.075 0.1203125
0 0.340625 0.6265625 0.090625 0.13125
0 0.27265625 0.64609375 0.071875 0.134375
0 0.209375 0.61328125 0.0890625 0.15
0 0.30234375 0.478125 0.1046875 0.1875
0 0.10703125 0.47421875 0.1265625 0.19375