0 0.04375 0.6171875 0.0875 0.45859375
0 0.15390625 0.6265625 0.10703125 0.396875
0 0.1609375 0.403125 0.04453125 0.0875
0 0.2375 0.5640625 0.10703125 0.3453125
0 0.3234375 0.55703125 0.084375 0.3609375
0 0.38359375 0.43984375 0.046875 0.0859375
0 0.425 0.5484375 0.0671875 0.259375
0 0.45625 0.43046875 0.03828125 0.08984375
0 0.52109375 0.42890625 0.03828125 0.08203125
0 0.578125 0.609375 0.07578125 0.48125
0 0.6484375 0.50234375 0.065625 0.221875
0 0.68671875 0.4109375 0.0359375 0.0875
0 0.74765625 0.66015625 0.0875 0.5328125
0 0.8109375 0.44140625 0.046875 0.06875
0 0.87578125 0.6859375 0.1 0.515625
0 0.9515625 0.653125 0.096875 0.471875