0 0.06640625 0.3921875 0.103125 0.15703125
0 0.23671875 0.396875 0.08828125 0.1265625
0 0.23515625 0.57109375 0.115625 0.16953125
0 0.40234375 0.5703125 0.09609375 0.15078125
0 0.371875 0.40546875 0.08515625 0.14921875
0 0.4515625 0.36953125 0.06328125 0.128125
0 0.5390625 0.334375 0.084375 0.1359375
0 0.584375 0.5 0.09375 0.165625
0 0.66328125 0.4890625 0.0859375 0.14140625
0 0.64140625 0.35078125 0.07265625 0.13359375
0 0.77578125 0.39765625 0.09375 0.14140625
0 0.7578125 0.51015625 0.08515625 0.1453125
0 0.8421875 0.51328125 0.1140625 0.17578125
0 0.9234375 0.39609375 0.103125 0.1625