0 0.484375 0.09609375 0.1328125 0.1359375
0 0.40078125 0.1265625 0.1046875 0.1484375
0 0.28046875 0.0703125 0.1265625 0.134375
0 0.2 0.3609375 0.1265625 0.1671875
0 0.41640625 0.3171875 0.1265625 0.16875
0 0.534375 0.278125 0.1375 0.1578125
0 0.4953125 0.39609375 0.1125 0.1265625
0 0.45234375 0.48046875 0.1265625 0.14375
0 0.24921875 0.61171875 0.1421875 0.175
0 0.459375 0.6984375 0.134375 0.109375
0 0.4796875 0.615625 0.121875 0.1078125
0 0.4796875 0.82578125 0.1140625 0.1125
0 0.43515625 0.884375 0.13125 0.140625
0 0.1953125 0.784375 0.146875 0.1578125
0 0.08359375 0.86484375 0.1625 0.1484375