0 0.09609375 0.515625 0.1359375 0.1328125
0 0.1265625 0.59921875 0.1484375 0.1046875
0 0.0703125 0.71953125 0.13359375 0.1265625
0 0.3609375 0.8 0.1671875 0.1265625
0 0.3171875 0.58359375 0.16953125 0.1265625
0 0.278125 0.465625 0.1578125 0.13671875
0 0.39609375 0.5046875 0.1265625 0.11171875
0 0.48046875 0.54765625 0.14296875 0.1265625
0 0.61171875 0.75078125 0.175 0.1421875
0 0.6984375 0.540625 0.109375 0.13515625
0 0.615625 0.5203125 0.1078125 0.12265625
0 0.82578125 0.5203125 0.11171875 0.1140625
0 0.884375 0.56484375 0.13984375 0.13125
0 0.784375 0.8046875 0.1578125 0.14765625
0 0.86484375 0.91640625 0.1484375 0.16171875