0 0.61953125 0.89921875 0.378125 0.1421875
0 0.48671875 0.8171875 0.315625 0.16875
0 0.6921875 0.753125 0.403125 0.1890625
0 0.38671875 0.66796875 0.290625 0.134375
0 0.1984375 0.55078125 0.171875 0.153125
0 0.38828125 0.571875 0.234375 0.0859375
0 0.37265625 0.50234375 0.246875 0.14375
0 0.39296875 0.4015625 0.315625 0.1125
0 0.34765625 0.3234375 0.19375 0.1125
0 0.7046875 0.20625 0.384375 0.178125
0 0.40234375 0.1890625 0.3984375 0.121875
0 0.253125 0.24296875 0.209375 0.10625
0 0.6828125 0.590625 0.4046875 0.1234375
0 0.69609375 0.4671875 0.4734375 0.134375
0 0.69453125 0.340625 0.409375 0.140625