0 0.1296875 0.69375 0.184375 0.478125
0 0.26640625 0.81484375 0.1625 0.290625
0 0.39375 0.74140625 0.1859375 0.328125
0 0.47578125 0.8734375 0.109375 0.16875
0 0.5625 0.72421875 0.1734375 0.30625
0 0.64140625 0.89609375 0.13125 0.128125
0 0.7453125 0.81328125 0.209375 0.3453125
0 0.88984375 0.72421875 0.165625 0.41875
0 0.80078125 0.62265625 0.15625 0.2890625
0 0.64765625 0.38203125 0.15 0.609375
0 0.815625 0.2578125 0.2359375 0.5
0 0.503125 0.365625 0.1578125 0.6203125
0 0.29765625 0.37734375 0.2484375 0.6328125
0 0.21953125 0.60546875 0.1765625 0.325