0 0.8296875 0.5140625 0.315625 0.4765625
0 0.95234375 0.50390625 0.09375 0.321875
0 0.77734375 0.28671875 0.0875 0.1125
0 0.67890625 0.27734375 0.1625 0.184375
0 0.63046875 0.3625 0.140625 0.2296875
0 0.5625 0.3609375 0.1375 0.221875
0 0.48046875 0.3125 0.1234375 0.2328125
0 0.4046875 0.2421875 0.1125 0.175
0 0.36953125 0.378125 0.1640625 0.146875
0 0.1796875 0.68125 0.359375 0.6375
0 0.37421875 0.5421875 0.125 0.259375
0 0.47578125 0.53515625 0.1125 0.275
0 0.57578125 0.5859375 0.115625 0.346875
0 0.70859375 0.64921875 0.1828125 0.403125