0 0.1703125 0.5140625 0.31484375 0.47578125
0 0.04765625 0.50390625 0.09453125 0.32109375
0 0.22265625 0.28671875 0.0875 0.11328125
0 0.32109375 0.27734375 0.16328125 0.184375
0 0.36953125 0.3625 0.140625 0.2296875
0 0.4375 0.3609375 0.13828125 0.221875
0 0.51953125 0.3125 0.1234375 0.2328125
0 0.5953125 0.2421875 0.11171875 0.175
0 0.63046875 0.378125 0.16328125 0.14609375
0 0.8203125 0.68125 0.359375 0.6375
0 0.62578125 0.5421875 0.125 0.25859375
0 0.52421875 0.53515625 0.1125 0.27578125
0 0.42421875 0.5859375 0.11484375 0.34609375
0 0.29140625 0.64921875 0.1828125 0.403125