0 0.8921875 0.42734375 0.20625 0.853125
0 0.73125 0.63203125 0.2 0.5
0 0.66015625 0.775 0.1515625 0.2328125
0 0.55703125 0.809375 0.13125 0.15
0 0.44453125 0.69921875 0.128125 0.3625
0 0.3046875 0.79765625 0.1234375 0.15625
0 0.3703125 0.60703125 0.1328125 0.359375
0 0.18125 0.7203125 0.1234375 0.225
0 0.24921875 0.7 0.15625 0.2125
0 0.29296875 0.5515625 0.2 0.25
0 0.0703125 0.56796875 0.115625 0.471875
0 0.14921875 0.284375 0.1734375 0.56875
0 0.34921875 0.19921875 0.1484375 0.3984375
0 0.4859375 0.20703125 0.1421875 0.4140625
0 0.690625 0.2546875 0.15625 0.509375
0 0.5984375 0.2546875 0.128125 0.509375
0 0.4421875 0.25234375 0.10625 0.465625
0 0.3234375 0.4046875 0.140625 0.209375