0 0.21875 0.52265625 0.1609375 0.60703125
0 0.3125 0.3515625 0.11484375 0.24453125
0 0.415625 0.36875 0.13671875 0.325
0 0.4703125 0.28046875 0.059375 0.1515625
0 0.52421875 0.35234375 0.1296875 0.2328125
0 0.30390625 0.646875 0.125 0.496875
0 0.425 0.6546875 0.11875 0.44609375
0 0.53359375 0.6625 0.121875 0.51171875
0 0.64609375 0.6390625 0.1375 0.52578125
0 0.6265625 0.3703125 0.0953125 0.23828125
0 0.67578125 0.29453125 0.09453125 0.18046875
0 0.74140625 0.296875 0.1078125 0.18515625
0 0.81484375 0.3046875 0.08203125 0.2171875
0 0.86171875 0.56875 0.10625 0.67578125
0 0.7484375 0.625 0.11640625 0.5375