0 0.60390625 0.86640625 0.390625 0.0765625
0 0.68828125 0.7953125 0.253125 0.0828125
0 0.409375 0.79765625 0.209375 0.08125
0 0.47578125 0.696875 0.325 0.09375
0 0.2171875 0.715625 0.184375 0.1
0 0.4953125 0.57421875 0.35625 0.1109375
0 0.2671875 0.6109375 0.2046875 0.0625
0 0.2890625 0.5296875 0.146875 0.071875
0 0.50546875 0.490625 0.3625 0.065625
0 0.2921875 0.475 0.11875 0.0515625
0 0.2609375 0.43828125 0.1375 0.090625
0 0.6015625 0.42421875 0.540625 0.08125
0 0.25078125 0.37109375 0.146875 0.1171875
0 0.57890625 0.346875 0.584375 0.1125
0 0.5296875 0.2484375 0.6203125 0.090625
0 0.6515625 0.12421875 0.696875 0.10625