0 0.08125 0.7015625 0.1625 0.596875
0 0.190625 0.57109375 0.2046875 0.6328125
0 0.275 0.425 0.1828125 0.4296875
0 0.7578125 0.4640625 0.178125 0.396875
0 0.85234375 0.52890625 0.15 0.3625
0 0.9125 0.72421875 0.175 0.5515625
0 0.43984375 0.271875 0.1 0.315625
0 0.16953125 0.2796875 0.1140625 0.24375
0 0.309375 0.1953125 0.0921875 0.1640625
0 0.5828125 0.2640625 0.1265625 0.2640625
0 0.690625 0.34375 0.1328125 0.2421875
0 0.740625 0.21328125 0.08125 0.15
0 0.871875 0.23984375 0.084375 0.2578125
0 0.96171875 0.26796875 0.0765625 0.2125