0 0.4375 0.0828125 0.559375 0.08125
0 0.47109375 0.17421875 0.421875 0.1375
0 0.64296875 0.25 0.2046875 0.0765625
0 0.55703125 0.31875 0.4203125 0.1078125
0 0.4625 0.4171875 0.5171875 0.08125
0 0.64453125 0.3765625 0.196875 0.071875
0 0.42265625 0.50859375 0.659375 0.084375
0 0.68671875 0.48828125 0.1359375 0.071875
0 0.48828125 0.60234375 0.490625 0.1
0 0.65859375 0.64140625 0.20625 0.084375
0 0.48046875 0.6953125 0.51875 0.084375
0 0.4421875 0.7859375 0.44375 0.0875
0 0.36953125 0.91796875 0.659375 0.103125
0 0.584375 0.871875 0.38125 0.0953125
0 0.66953125 0.7765625 0.221875 0.10625