0 0.4234375 0.34453125 0.3046875 0.10625
0 0.44453125 0.45234375 0.346875 0.14375
0 0.4609375 0.609375 0.315625 0.125
0 0.38125 0.753125 0.340625 0.1671875
0 0.6546875 0.75859375 0.296875 0.103125
0 0.8015625 0.85390625 0.259375 0.140625
0 0.8296875 0.7453125 0.2140625 0.1109375
0 0.77421875 0.62578125 0.2546875 0.1046875
0 0.6859375 0.5671875 0.1453125 0.0890625
0 0.659375 0.47890625 0.171875 0.09375
0 0.78984375 0.47578125 0.175 0.090625
0 0.678125 0.3953125 0.2046875 0.0796875
0 0.696875 0.30234375 0.18125 0.05625
0 0.79296875 0.26796875 0.2625 0.109375
0 0.6953125 0.17265625 0.215625 0.1
0 0.4578125 0.22421875 0.35625 0.240625