0 0.7 0.9140625 0.384375 0.06875
0 0.684375 0.7828125 0.290625 0.090625
0 0.5671875 0.8453125 0.2046875 0.06875
0 0.5765625 0.81328125 0.178125 0.084375
0 0.5015625 0.80703125 0.240625 0.0796875
0 0.64375 0.72265625 0.3046875 0.071875
0 0.48515625 0.7171875 0.171875 0.059375
0 0.6828125 0.63515625 0.296875 0.08125
0 0.48515625 0.63515625 0.2 0.071875
0 0.52109375 0.5515625 0.153125 0.0796875
0 0.66015625 0.5203125 0.19375 0.096875
0 0.51875 0.47109375 0.178125 0.084375
0 0.65390625 0.4578125 0.16875 0.071875
0 0.63671875 0.3828125 0.121875 0.05625
0 0.5125 0.390625 0.15 0.0640625
0 0.8140625 0.40546875 0.2921875 0.0890625
0 0.825 0.309375 0.30625 0.0625
0 0.7765625 0.23203125 0.3 0.1046875
0 0.60390625 0.29609375 0.146875 0.071875
0 0.52109375 0.3328125 0.190625 0.05625
0 0.53359375 0.23046875 0.153125 0.09375
0 0.4578125 0.190625 0.0859375 0.0640625
0 0.56484375 0.11953125 0.3625 0.078125
0 0.6390625 0.02890625 0.275 0.0578125
0 0.45390625 0.03984375 0.140625 0.078125
0 0.80703125 0.103125 0.278125 0.1421875