0 0.3 0.0859375 0.384375 0.06875
0 0.315625 0.2171875 0.290625 0.090625
0 0.4328125 0.1546875 0.2046875 0.06875
0 0.4234375 0.18671875 0.178125 0.084375
0 0.4984375 0.19296875 0.240625 0.0796875
0 0.35625 0.27734375 0.3046875 0.071875
0 0.51484375 0.2828125 0.171875 0.059375
0 0.3171875 0.36484375 0.296875 0.08125
0 0.51484375 0.36484375 0.2 0.071875
0 0.47890625 0.4484375 0.153125 0.0796875
0 0.33984375 0.4796875 0.19375 0.096875
0 0.48125 0.52890625 0.178125 0.084375
0 0.34609375 0.5421875 0.16875 0.071875
0 0.36328125 0.6171875 0.121875 0.05625
0 0.4875 0.609375 0.15 0.0640625
0 0.1859375 0.59453125 0.2921875 0.0890625
0 0.175 0.690625 0.30625 0.0625
0 0.2234375 0.76796875 0.3 0.1046875
0 0.39609375 0.70390625 0.146875 0.071875
0 0.47890625 0.6671875 0.190625 0.05625
0 0.46640625 0.76953125 0.153125 0.09375
0 0.5421875 0.809375 0.0859375 0.0640625
0 0.43515625 0.88046875 0.3625 0.078125
0 0.3609375 0.97109375 0.275 0.0578125
0 0.54609375 0.96015625 0.140625 0.0796875
0 0.19296875 0.896875 0.278125 0.1421875