0 0.3828125 0.415625 0.07578125 0.2046875
0 0.41796875 0.5703125 0.09296875 0.14453125
0 0.534375 0.27109375 0.0734375 0.20078125
0 0.590625 0.1703125 0.075 0.21796875
0 0.75078125 0.13125 0.08515625 0.24609375
0 0.74296875 0.46796875 0.10625 0.1828125
0 0.66328125 0.5921875 0.08515625 0.16484375
0 0.7796875 0.60625 0.1125 0.17265625
0 0.85546875 0.5453125 0.09453125 0.17421875
0 0.8859375 0.4671875 0.10703125 0.10546875
0 0.93515625 0.32421875 0.11796875 0.17265625
0 0.97421875 0.39296875 0.0515625 0.15078125
0 0.71484375 0.7828125 0.1125 0.1609375
0 0.42578125 0.9390625 0.0921875 0.121875
0 0.10703125 0.515625 0.11171875 0.19453125
0 0.17890625 0.36875 0.11640625 0.190625
0 0.10078125 0.1390625 0.16953125 0.21796875
0 0.06484375 0.2234375 0.125 0.18828125
0 0.06484375 0.32421875 0.1203125 0.1765625
0 0.05078125 0.403125 0.09921875 0.146875
0 0.04609375 0.565625 0.0921875 0.209375
0 0.4515625 0.0953125 0.05703125 0.190625