0 0.8890625 0.66796875 0.08671875 0.47265625
0 0.76328125 0.625 0.08359375 0.44296875
0 0.60625 0.625 0.1296875 0.47265625
0 0.4515625 0.6546875 0.11015625 0.48359375
0 0.2828125 0.63671875 0.08671875 0.45546875
0 0.13828125 0.58515625 0.15625 0.51875
0 0.3046875 0.41796875 0.09609375 0.2734375
0 0.4453125 0.43359375 0.0671875 0.271875
0 0.58046875 0.41484375 0.09765625 0.2421875
0 0.7390625 0.4203125 0.0625 0.196875
0 0.86171875 0.4015625 0.0546875 0.215625
0 0.8515625 0.2484375 0.0515625 0.29609375
0 0.71875 0.26796875 0.078125 0.3421875
0 0.59453125 0.240625 0.053125 0.38125
0 0.4671875 0.21796875 0.11171875 0.371875
0 0.321875 0.23984375 0.07265625 0.3828125