0 0.66328125 0.58515625 0.115625 0.41875
0 0.7875 0.60703125 0.1125 0.34296875
0 0.5609375 0.5625 0.14765625 0.36171875
0 0.4203125 0.64453125 0.140625 0.4109375
0 0.2765625 0.621875 0.140625 0.3234375
0 0.2625 0.4078125 0.1 0.253125
0 0.3609375 0.42578125 0.0953125 0.21640625
0 0.19140625 0.38359375 0.14765625 0.3671875
0 0.2671875 0.234375 0.1046875 0.35390625
0 0.33671875 0.2890625 0.0734375 0.16328125
0 0.51171875 0.38359375 0.0796875 0.17265625
0 0.60625 0.32734375 0.06484375 0.19296875
0 0.68984375 0.18984375 0.07578125 0.284375
0 0.62109375 0.16328125 0.071875 0.1984375
0 0.5296875 0.159375 0.0875 0.22734375
0 0.4828125 0.17890625 0.09609375 0.24765625
0 0.38671875 0.18203125 0.09921875 0.253125