0 0.58515625 0.33671875 0.41875 0.115625
0 0.60703125 0.2125 0.34375 0.1125
0 0.5625 0.4390625 0.3625 0.146875
0 0.64453125 0.5796875 0.4109375 0.140625
0 0.621875 0.7234375 0.3234375 0.140625
0 0.4078125 0.7375 0.253125 0.1
0 0.42578125 0.6390625 0.215625 0.0953125
0 0.38359375 0.80859375 0.3671875 0.146875
0 0.234375 0.7328125 0.353125 0.1046875
0 0.2890625 0.66328125 0.1625 0.0734375
0 0.38359375 0.48828125 0.171875 0.0796875
0 0.32734375 0.39375 0.19375 0.065625
0 0.18984375 0.31015625 0.284375 0.075
0 0.16328125 0.37890625 0.1984375 0.071875
0 0.159375 0.4703125 0.228125 0.0875
0 0.17890625 0.5171875 0.246875 0.096875
0 0.18203125 0.61328125 0.253125 0.1