0 0.16953125 0.70234375 0.1265625 0.5953125
0 0.24609375 0.5453125 0.11875 0.4609375
0 0.325 0.55859375 0.1 0.3703125
0 0.384375 0.484375 0.0890625 0.1953125
0 0.3984375 0.38203125 0.13125 0.221875
0 0.42578125 0.51171875 0.1015625 0.278125
0 0.43125 0.740625 0.171875 0.39375
0 0.54296875 0.61484375 0.1078125 0.30625
0 0.56796875 0.4234375 0.0515625 0.190625
0 0.48359375 0.41015625 0.0625 0.1765625
0 0.62578125 0.67890625 0.1 0.4015625
0 0.71015625 0.74296875 0.065625 0.4703125
0 0.88828125 0.63671875 0.125 0.61875
0 0.8078125 0.60390625 0.134375 0.659375
0 0.72734375 0.4203125 0.09375 0.23125
0 0.64453125 0.434375 0.0890625 0.2328125