0 0.6875 0.415625 0.0828125 0.15
0 0.56640625 0.81171875 0.078125 0.234375
0 0.434375 0.421875 0.06875 0.16875
0 0.4046875 0.26171875 0.078125 0.165625
0 0.334375 0.446875 0.0984375 0.178125
0 0.36796875 0.58828125 0.0859375 0.1875
0 0.3625 0.73203125 0.08125 0.171875
0 0.3 0.84296875 0.075 0.20625
0 0.36328125 0.9125 0.0671875 0.175
0 0.16640625 0.89609375 0.1015625 0.2078125
0 0.165625 0.67265625 0.0828125 0.171875
0 0.140625 0.609375 0.121875 0.165625
0 0.221875 0.56484375 0.084375 0.146875
0 0.25390625 0.48125 0.084375 0.165625
0 0.0953125 0.46328125 0.14375 0.1734375
0 0.13984375 0.109375 0.1125 0.15625
0 0.9015625 0.35234375 0.1078125 0.190625
0 0.80546875 0.43828125 0.0890625 0.0765625
0 0.9234375 0.625 0.121875 0.190625
0 0.95 0.86953125 0.1 0.203125