0 0.584375 0.6875 0.15 0.0828125
0 0.18828125 0.56640625 0.234375 0.078125
0 0.578125 0.434375 0.16875 0.06875
0 0.73828125 0.4046875 0.165625 0.078125
0 0.553125 0.334375 0.178125 0.0984375
0 0.41171875 0.36796875 0.1875 0.0859375
0 0.26796875 0.3625 0.171875 0.08125
0 0.15703125 0.3 0.20625 0.075
0 0.0875 0.36328125 0.175 0.0671875
0 0.10390625 0.16640625 0.2078125 0.1015625
0 0.32734375 0.165625 0.171875 0.0828125
0 0.390625 0.140625 0.165625 0.121875
0 0.43515625 0.221875 0.146875 0.084375
0 0.51875 0.25390625 0.165625 0.084375
0 0.53671875 0.0953125 0.1734375 0.14375
0 0.890625 0.13984375 0.15625 0.1125
0 0.64765625 0.9015625 0.190625 0.1078125
0 0.56171875 0.80546875 0.0765625 0.0890625
0 0.375 0.9234375 0.190625 0.121875
0 0.13046875 0.95 0.203125 0.1