0 0.446875 0.1171875 0.090625 0.221875
0 0.58671875 0.3921875 0.078125 0.1921875
0 0.621875 0.51953125 0.053125 0.178125
0 0.7015625 0.50078125 0.078125 0.1765625
0 0.7390625 0.41953125 0.0625 0.1125
0 0.68515625 0.26796875 0.084375 0.1875
0 0.653125 0.11015625 0.090625 0.2203125
0 0.74921875 0.15 0.071875 0.184375
0 0.84375 0.084375 0.071875 0.16875
0 0.78984375 0.315625 0.071875 0.165625
0 0.825 0.390625 0.109375 0.20625
0 0.8625 0.51875 0.1125 0.184375
0 0.54765625 0.7140625 0.090625 0.1625
0 0.5125 0.5671875 0.078125 0.1625
0 0.290625 0.5890625 0.1171875 0.1625
0 0.1484375 0.55390625 0.1 0.20625
0 0.29921875 0.09609375 0.090625 0.1921875
0 0.08203125 0.1046875 0.1484375 0.209375
0 0.05 0.38125 0.1 0.196875
0 0.059375 0.940625 0.11875 0.11875
0 0.8078125 0.9234375 0.1140625 0.14375