0 0.9078125 0.90390625 0.121875 0.190625
0 0.715625 0.90625 0.0875 0.1875
0 0.5484375 0.88515625 0.0796875 0.228125
0 0.328125 0.8734375 0.0875 0.246875
0 0.234375 0.86875 0.0625 0.19375
0 0.2953125 0.7328125 0.078125 0.184375
0 0.21796875 0.675 0.0796875 0.190625
0 0.18515625 0.615625 0.1078125 0.1765625
0 0.16640625 0.4875 0.125 0.1640625
0 0.278125 0.56640625 0.0671875 0.159375
0 0.3234375 0.49921875 0.090625 0.165625
0 0.396875 0.49609375 0.090625 0.1859375
0 0.42734375 0.62421875 0.0796875 0.184375
0 0.5046875 0.42265625 0.0796875 0.18125
0 0.46015625 0.29453125 0.0859375 0.16875
0 0.828125 0.48515625 0.0875 0.1984375
0 0.7453125 0.40625 0.109375 0.165625
0 0.71875 0.5390625 0.10625 0.103125
0 0.953125 0.61796875 0.09375 0.184375
0 0.940625 0.06640625 0.11875 0.103125
0 0.22734375 0.075 0.1375 0.15