0 0.49140625 0.51484375 0.06015625 0.35546875
0 0.7609375 0.59921875 0.0578125 0.35703125
0 0.83671875 0.5703125 0.0703125 0.3390625
0 0.95625 0.2359375 0.05234375 0.2421875
0 0.89140625 0.18359375 0.05234375 0.28359375
0 0.9625 0.35 0.05703125 0.153125
0 0.8234375 0.25703125 0.0421875 0.29921875
0 0.78828125 0.2875 0.0515625 0.28203125
0 0.70859375 0.45078125 0.06015625 0.28984375
0 0.68203125 0.34609375 0.04921875 0.2875
0 0.72734375 0.2109375 0.03671875 0.23984375
0 0.6609375 0.1703125 0.03984375 0.17890625
0 0.6265625 0.2796875 0.04609375 0.29765625
0 0.559375 0.33046875 0.05703125 0.3515625
0 0.4921875 0.26484375 0.05390625 0.16875
0 0.42109375 0.328125 0.06015625 0.31171875
0 0.25625 0.40078125 0.07265625 0.34140625
0 0.2234375 0.28671875 0.05546875 0.184375
0 0.19140625 0.44453125 0.075 0.3453125
0 0.32421875 0.2296875 0.0421875 0.19453125
0 0.2890625 0.14765625 0.03515625 0.271875
0 0.4046875 0.1609375 0.04140625 0.18046875
0 0.44921875 0.13046875 0.04140625 0.25625
0 0.48515625 0.11953125 0.04140625 0.2359375
0 0.6 0.10625 0.04296875 0.17109375
0 0.14609375 0.253125 0.0453125 0.2796875
0 0.21640625 0.1734375 0.03984375 0.153125
0 0.17265625 0.1421875 0.0390625 0.284375
0 0.025 0.4578125 0.05 0.34375
0 0.11640625 0.22578125 0.0359375 0.29140625