0 0.10546875 0.9140625 0.0890625 0.05
0 0.153125 0.94609375 0.0796875 0.0359375
0 0.17109375 0.87890625 0.0796875 0.05
0 0.23828125 0.878125 0.05625 0.04375
0 0.3109375 0.89453125 0.065625 0.034375
0 0.35 0.94140625 0.0515625 0.0296875
0 0.4265625 0.91953125 0.0796875 0.04375
0 0.403125 0.8546875 0.165625 0.046875
0 0.5265625 0.86953125 0.06875 0.028125
0 0.58671875 0.8734375 0.04375 0.021875
0 0.55546875 0.915625 0.134375 0.0359375
0 0.42578125 0.97109375 0.134375 0.034375
0 0.5265625 0.96640625 0.05 0.025
0 0.596875 0.97734375 0.071875 0.025
0 0.63046875 0.9390625 0.034375 0.01875
0 0.58046875 0.9390625 0.04375 0.021875
0 0.63359375 0.921875 0.0625 0.021875
0 0.675 0.90390625 0.0875 0.0296875
0 0.51484375 0.79921875 0.14375 0.0375
0 0.62421875 0.7828125 0.05625 0.01875
0 0.571875 0.76171875 0.09375 0.025
0 0.56015625 0.73125 0.084375 0.025
0 0.47109375 0.75 0.084375 0.03125
0 0.39609375 0.77578125 0.140625 0.028125
0 0.4015625 0.7390625 0.078125 0.03125
0 0.36015625 0.7140625 0.09375 0.04375
0 0.18203125 0.79296875 0.3390625 0.0625
0 0.290625 0.71796875 0.04375 0.028125
0 0.2 0.71328125 0.1296875 0.0578125
0 0.06484375 0.71015625 0.10625 0.05625
0 0.184375 0.60078125 0.190625 0.059375
0 0.03984375 0.59921875 0.0796875 0.0625
0 0.3484375 0.62109375 0.1296875 0.0625
0 0.43515625 0.60859375 0.0515625 0.046875
0 0.48828125 0.60625 0.046875 0.03125
0 0.5453125 0.61171875 0.04375 0.01875
0 0.48828125 0.66640625 0.2015625 0.040625
0 0.58828125 0.65859375 0.053125 0.028125
0 0.61875 0.63359375 0.115625 0.028125
0 0.66953125 0.65703125 0.0609375 0.03125
0 0.60078125 0.58828125 0.1125 0.034375
0 0.52421875 0.55390625 0.05625 0.028125
0 0.46015625 0.53359375 0.1015625 0.03125
0 0.35703125 0.5171875 0.0703125 0.040625
0 0.1984375 0.5328125 0.334375 0.0375
0 0.08125 0.43515625 0.159375 0.075
0 0.28203125 0.42890625 0.23125 0.08125
0 0.45 0.4171875 0.115625 0.040625
0 0.46796875 0.48359375 0.15 0.0375
0 0.54296875 0.4421875 0.065625 0.04375
0 0.609375 0.45703125 0.0703125 0.0375
0 0.5765625 0.53203125 0.06875 0.03125
0 0.615625 0.50546875 0.1015625 0.03125
0 0.65625 0.4828125 0.09375 0.025
0 0.684375 0.559375 0.1203125 0.028125
0 0.71015625 0.53203125 0.0796875 0.01875
0 0.715625 0.51015625 0.0796875 0.03125
0 0.68671875 0.60390625 0.05625 0.01875
0 0.734375 0.60234375 0.034375 0.01875
0 0.74375 0.58125 0.046875 0.021875
0 0.78359375 0.61015625 0.0515625 0.021875
0 0.7859375 0.57578125 0.034375 0.01875
0 0.75703125 0.55 0.0515625 0.015625
0 0.21953125 0.3234375 0.346875 0.05625
0 0.1203125 0.13203125 0.240625 0.1
0 0.31640625 0.09140625 0.19375 0.046875
0 0.43359375 0.1265625 0.096875 0.04375
0 0.36015625 0.18046875 0.25625 0.05625
0 0.40859375 0.24609375 0.234375 0.046875
0 0.36171875 0.28359375 0.134375 0.04375
0 0.46484375 0.29296875 0.08125 0.053125
0 0.49140625 0.3375 0.2015625 0.046875
0 0.6296875 0.35390625 0.059375 0.025
0 0.575 0.38203125 0.16875 0.034375
0 0.675 0.38984375 0.05625 0.025
0 0.6390625 0.42890625 0.134375 0.028125
0 0.71953125 0.39296875 0.0390625 0.01875
0 0.73359375 0.41015625 0.025 0.015625
0 0.728125 0.42734375 0.0375 0.01875
0 0.7234375 0.45859375 0.090625 0.025
0 0.803125 0.46640625 0.03125 0.028125
0 0.790625 0.4390625 0.05625 0.025
0 0.765625 0.40078125 0.034375 0.021875
0 0.80078125 0.39921875 0.046875 0.021875
0 0.43515625 0.01796875 0.2375 0.034375
0 0.50078125 0.07265625 0.109375 0.03125
0 0.51328125 0.13046875 0.0703125 0.034375
0 0.553125 0.140625 0.034375 0.01875
0 0.590625 0.15546875 0.059375 0.025
0 0.5546875 0.196875 0.1125 0.0375
0 0.65546875 0.21171875 0.0515625 0.03125
0 0.6796875 0.1875 0.0484375 0.028125
0 0.59375 0.278125 0.0875 0.040625
0 0.65625 0.28125 0.065625 0.028125
0 0.67109375 0.2515625 0.065625 0.03125
0 0.7265625 0.22265625 0.0609375 0.025
0 0.6640625 0.33515625 0.046875 0.025
0 0.68984375 0.32265625 0.0390625 0.028125
0 0.7296875 0.359375 0.0515625 0.034375
0 0.765625 0.35234375 0.034375 0.01875
0 0.8 0.36328125 0.04375 0.021875
0 0.79296875 0.34140625 0.0515625 0.021875
0 0.740625 0.32421875 0.040625 0.01875
0 0.77578125 0.3203125 0.025 0.01875
0 0.70546875 0.2875 0.0375 0.01875
0 0.759375 0.28828125 0.0375 0.01875
0 0.74453125 0.2546875 0.0515625 0.025
0 0.80546875 0.29765625 0.0484375 0.021875
0 0.79296875 0.253125 0.0484375 0.021875
0 0.771875 0.22578125 0.040625 0.021875
0 0.74140625 0.19296875 0.0390625 0.025
0 0.784375 0.21171875 0.04375 0.01875
0 0.83828125 0.24375 0.046875 0.021875
0 0.825 0.20546875 0.034375 0.01875
0 0.878125 0.20390625 0.08125 0.01875
0 0.90703125 0.1921875 0.05625 0.015625
0 0.840625 0.18046875 0.04375 0.015625
0 0.7953125 0.18046875 0.05 0.015625
0 0.83046875 0.16875 0.04375 0.0125
0 0.81171875 0.15546875 0.05625 0.021875
0 0.746875 0.12578125 0.1015625 0.025
0 0.77109375 0.16171875 0.05625 0.015625
0 0.746875 0.10703125 0.053125 0.015625
0 0.76796875 0.09453125 0.053125 0.01875
0 0.77890625 0.06796875 0.034375 0.021875
0 0.71796875 0.02734375 0.065625 0.025
0 0.71484375 0.07421875 0.0625 0.015625
0 0.6734375 0.040625 0.04375 0.021875
0 0.66171875 0.078125 0.090625 0.01875
0 0.66875 0.1203125 0.0625 0.0375
0 0.6046875 0.09921875 0.065625 0.03125
0 0.59375 0.0625 0.046875 0.03125
0 0.73515625 0.05390625 0.0484375 0.01875
0 0.76875 0.01796875 0.04375 0.015625