0 0.265625 0.44765625 0.08125 0.234375
0 0.34375 0.321875 0.078125 0.096875
0 0.515625 0.37421875 0.075 0.190625
0 0.5484375 0.4765625 0.0703125 0.178125
0 0.6328125 0.484375 0.084375 0.1609375
0 0.6640625 0.43828125 0.0625 0.1875
0 0.77265625 0.496875 0.1015625 0.178125
0 0.76875 0.4140625 0.0953125 0.171875
0 0.7296875 0.3359375 0.0765625 0.1859375
0 0.7578125 0.23515625 0.078125 0.171875
0 0.6984375 0.16015625 0.1046875 0.20625
0 0.81875 0.15234375 0.078125 0.215625
0 0.2515625 0.1046875 0.1 0.209375
0 0.15625 0.0703125 0.115625 0.140625
0 0.209375 0.609375 0.096875 0.165625
0 0.43125 0.58515625 0.08125 0.1625
0 0.07578125 0.865625 0.1078125 0.15
0 0.0953125 0.659375 0.08125 0.078125
0 0.4828125 0.7 0.0875 0.16875