0 0.678125 0.6640625 0.08125 0.215625
0 0.53359375 0.63125 0.040625 0.1828125
0 0.49453125 0.515625 0.0578125 0.1703125
0 0.403125 0.50859375 0.0671875 0.15625
0 0.36796875 0.5765625 0.0546875 0.153125
0 0.265625 0.4921875 0.0875 0.1546875
0 0.26640625 0.6140625 0.0859375 0.128125
0 0.29765625 0.68671875 0.05625 0.178125
0 0.26953125 0.82734375 0.084375 0.159375
0 0.196875 0.76484375 0.0625 0.2
0 0.328125 0.909375 0.0421875 0.18125
0 0.559375 0.3078125 0.08125 0.165625
0 0.61953125 0.4140625 0.090625 0.1484375
0 0.9125 0.2421875 0.096875 0.1109375
0 0.93125 0.82421875 0.078125 0.14375
0 0.95859375 0.92421875 0.0828125 0.13125
0 0.7875 0.87578125 0.071875 0.2046875