0 0.35 0.79296875 0.0890625 0.196875
0 0.49296875 0.88984375 0.075 0.209375
0 0.4828125 0.80546875 0.0859375 0.2
0 0.5359375 0.64140625 0.078125 0.1859375
0 0.4375 0.53984375 0.0921875 0.203125
0 0.3703125 0.4171875 0.109375 0.153125
0 0.2875 0.715625 0.075 0.20625
0 0.325 0.6484375 0.096875 0.203125
0 0.2875 0.56796875 0.090625 0.1890625
0 0.1828125 0.5671875 0.115625 0.146875
0 0.1796875 0.503125 0.11875 0.153125
0 0.76484375 0.48671875 0.0953125 0.1625
0 0.9171875 0.3265625 0.140625 0.18125
0 0.115625 0.10859375 0.14375 0.13125