0 0.20390625 0.86640625 0.0828125 0.2125
0 0.33125 0.703125 0.0671875 0.215625
0 0.4484375 0.62421875 0.053125 0.171875
0 0.490625 0.52578125 0.078125 0.190625
0 0.58125 0.50625 0.06875 0.15
0 0.4125 0.31640625 0.08125 0.171875
0 0.3578125 0.4015625 0.0625 0.165625
0 0.73359375 0.50390625 0.075 0.165625
0 0.615625 0.56875 0.046875 0.171875
0 0.721875 0.62890625 0.05625 0.14375
0 0.68828125 0.69140625 0.0625 0.16875
0 0.7421875 0.79921875 0.0703125 0.159375
0 0.81875 0.8046875 0.09375 0.1734375
0 0.8859375 0.8515625 0.05625 0.1796875
0 0.0921875 0.828125 0.0859375 0.171875
0 0.05546875 0.9375 0.0796875 0.1125
0 0.67578125 0.903125 0.0703125 0.19375
0 0.10859375 0.27265625 0.096875 0.109375
0 0.046875 0.36328125 0.0765625 0.1625