0 0.3375 0.27109375 0.07734375 0.24140625
0 0.4359375 0.38359375 0.07109375 0.178125
0 0.46640625 0.484375 0.065625 0.19140625
0 0.56640625 0.484375 0.0640625 0.16953125
0 0.6015625 0.421875 0.06640625 0.2234375
0 0.665625 0.3203125 0.07109375 0.1734375
0 0.6953125 0.38515625 0.0703125 0.17109375
0 0.7140625 0.5046875 0.08046875 0.15390625
0 0.746875 0.2484375 0.0828125 0.21640625
0 0.6828125 0.10234375 0.06328125 0.19609375
0 0.825 0.21328125 0.08203125 0.2375
0 0.8828125 0.17734375 0.0953125 0.23203125
0 0.0765625 0.59453125 0.1046875 0.15
0 0.1078125 0.69140625 0.11015625 0.146875
0 0.16640625 0.63828125 0.1171875 0.165625
0 0.3390625 0.6046875 0.09765625 0.17109375
0 0.39375 0.68125 0.1015625 0.16796875
0 0.2046875 0.14765625 0.1046875 0.209375
0 0.1046875 0.14453125 0.07734375 0.14453125
0 0.07890625 0.0828125 0.0984375 0.15390625