0 0.48984375 0.51171875 0.3625 0.06875
0 0.61953125 0.60078125 0.2875 0.05625
0 0.653125 0.2953125 0.1765625 0.05625
0 0.64375 0.2484375 0.2 0.05625
0 0.36875 0.2796875 0.371875 0.06875
0 0.678125 0.07109375 0.2046875 0.059375
0 0.575 0.04453125 0.0015625 0.00625
0 0.73359375 0.03515625 0.1671875 0.0453125
0 0.73203125 0.55390625 0.271875 0.0484375
0 0.8375 0.48671875 0.303125 0.059375
0 0.81015625 0.5296875 0.2609375 0.04375
0 0.79921875 0.6265625 0.290625 0.0453125
0 0.746875 0.7453125 0.30625 0.0578125
0 0.8390625 0.77890625 0.2875 0.04375
0 0.8875 0.66953125 0.225 0.0484375
0 0.79921875 0.88203125 0.190625 0.0453125
0 0.8578125 0.83984375 0.284375 0.053125