0 0.36796875 0.696875 0.05625 0.2125
0 0.05390625 0.834375 0.084375 0.2296875
0 0.14609375 0.478125 0.0671875 0.1890625
0 0.06328125 0.175 0.040625 0.128125
0 0.12109375 0.09609375 0.04375 0.1421875
0 0.31953125 0.321875 0.05625 0.1453125
0 0.30546875 0.2265625 0.046875 0.096875
0 0.3890625 0.29375 0.0421875 0.146875
0 0.40859375 0.49609375 0.05 0.171875
0 0.6125 0.5375 0.046875 0.1671875
0 0.7671875 0.73515625 0.078125 0.1859375
0 0.7828125 0.51484375 0.053125 0.1625
0 0.77109375 0.36484375 0.0734375 0.175
0 0.5015625 0.2234375 0.0375 0.146875
0 0.3890625 0.05390625 0.0296875 0.0921875
0 0.19765625 0.0828125 0.0375 0.1125
0 0.42890625 0.13203125 0.0296875 0.13125
0 0.5296875 0.1625 0.034375 0.134375
0 0.58203125 0.090625 0.0296875 0.1109375
0 0.47734375 0.13515625 0.021875 0.1171875
0 0.61796875 0.20078125 0.025 0.13125
0 0.6421875 0.19296875 0.0296875 0.1515625
0 0.89609375 0.2015625 0.05 0.134375
0 0.95625 0.19453125 0.046875 0.14375
0 0.8359375 0.0640625 0.021875 0.103125
0 0.8546875 0.0625 0.021875 0.1078125
0 0.7359375 0.115625 0.028125 0.1375
0 0.8875 0.06796875 0.028125 0.1328125