0 0.75703125 0.078125 0.0484375 0.0796875
0 0.290625 0.0984375 0.059375 0.11875
0 0.15234375 0.16796875 0.078125 0.103125
0 0.3265625 0.18984375 0.071875 0.084375
0 0.42265625 0.23125 0.071875 0.125
0 0.31640625 0.27265625 0.0734375 0.1
0 0.5859375 0.24921875 0.0609375 0.0734375
0 0.7609375 0.259375 0.065625 0.096875
0 0.684375 0.31796875 0.065625 0.1171875
0 0.625 0.3859375 0.05625 0.1
0 0.55078125 0.378125 0.053125 0.103125
0 0.125 0.33359375 0.10625 0.0953125
0 0.0828125 0.4234375 0.090625 0.1046875
0 0.41015625 0.5203125 0.05625 0.121875
0 0.48125 0.5453125 0.0671875 0.1
0 0.59765625 0.503125 0.0609375 0.109375
0 0.715625 0.50390625 0.04375 0.109375
0 0.96171875 0.515625 0.0609375 0.1
0 0.8796875 0.50625 0.071875 0.075
0 0.925 0.690625 0.06875 0.084375
0 0.85703125 0.6765625 0.05 0.053125
0 0.696875 0.7140625 0.071875 0.09375
0 0.26015625 0.65546875 0.053125 0.065625
0 0.1125 0.76015625 0.05 0.0859375
0 0.1703125 0.7578125 0.053125 0.08125
0 0.58671875 0.6875 0.0640625 0.0859375
0 0.42265625 0.6890625 0.071875 0.096875
0 0.35703125 0.67578125 0.0453125 0.115625
0 0.52265625 0.8171875 0.0578125 0.090625
0 0.42734375 0.8046875 0.0515625 0.1046875
0 0.67421875 0.884375 0.05625 0.08125
0 0.56640625 0.95546875 0.040625 0.0859375
0 0.50859375 0.94140625 0.05 0.0875
0 0.3890625 0.91953125 0.0546875 0.103125
0 0.11015625 0.953125 0.0609375 0.090625