0 0.190625 0.64453125 0.35625 0.7109375
0 0.29765625 0.44765625 0.22890625 0.36640625
0 0.33515625 0.30546875 0.14765625 0.22890625
0 0.4125 0.2546875 0.09296875 0.18203125
0 0.48046875 0.23828125 0.08828125 0.16328125
0 0.64140625 0.184375 0.0734375 0.2125
0 0.58828125 0.3390625 0.13046875 0.26484375
0 0.7 0.37109375 0.15859375 0.3140625
0 0.809375 0.4640625 0.15 0.3484375
0 0.875 0.56484375 0.25 0.4734375
0 0.33203125 0.146875 0.040625 0.08828125
0 0.15234375 0.23515625 0.06328125 0.140625
0 0.08046875 0.23359375 0.06640625 0.11328125
0 0.0296875 0.2859375 0.059375 0.20078125
0 0.890625 0.20546875 0.05234375 0.2125
0 0.79453125 0.19609375 0.05546875 0.13984375
0 0.71796875 0.175 0.04140625 0.1625
0 0.63515625 0.1796875 0.0390625 0.19609375
0 0.9828125 0.2203125 0.034375 0.1796875