0 0.6625 0.4734375 0.1203125 0.140625
0 0.12734375 0.478125 0.0875 0.140625
0 0.228125 0.4953125 0.0859375 0.121875
0 0.2953125 0.50859375 0.0859375 0.1375
0 0.17734375 0.78046875 0.128125 0.1828125
0 0.30625 0.784375 0.10625 0.16875
0 0.44296875 0.71875 0.09375 0.16875
0 0.52265625 0.73359375 0.109375 0.178125
0 0.646875 0.7 0.096875 0.1828125
0 0.74375 0.69765625 0.1109375 0.18125
0 0.8828125 0.6953125 0.115625 0.1875
0 0.77734375 0.5890625 0.0671875 0.096875
0 0.90625 0.22890625 0.065625 0.1296875
0 0.94765625 0.240625 0.065625 0.0875