0 0.2796875 0.66484375 0.0875 0.3296875
0 0.10703125 0.65546875 0.0546875 0.26015625
0 0.0859375 0.5640625 0.04140625 0.13671875
0 0.06328125 0.575 0.040625 0.1046875
0 0.025 0.559375 0.04296875 0.09453125
0 0.35 0.62421875 0.07109375 0.30546875
0 0.43828125 0.65703125 0.08125 0.33203125
0 0.5140625 0.69453125 0.06953125 0.36875
0 0.5859375 0.67109375 0.07890625 0.34375
0 0.6875 0.65703125 0.08046875 0.32421875
0 0.53515625 0.51015625 0.040625 0.10546875
0 0.4734375 0.53046875 0.04296875 0.1125
0 0.6234375 0.5390625 0.05390625 0.159375
0 0.74375 0.615625 0.0546875 0.3390625
0 0.83203125 0.66640625 0.078125 0.37109375
0 0.90859375 0.62734375 0.07890625 0.31015625
0 0.76953125 0.53828125 0.03515625 0.11640625
0 0.8796875 0.5 0.03984375 0.06796875
0 0.95546875 0.60859375 0.05234375 0.228125
0 0.98828125 0.63515625 0.0234375 0.21171875