0 0.6515625 0.8078125 0.246875 0.0609375
0 0.65 0.896875 0.196875 0.053125
0 0.8140625 0.9703125 0.259375 0.059375
0 0.86640625 0.90546875 0.21875 0.065625
0 0.81875 0.7125 0.215625 0.0578125
0 0.88046875 0.540625 0.2390625 0.065625
0 0.63828125 0.59140625 0.19375 0.053125
0 0.53046875 0.6125 0.20625 0.0484375
0 0.5140625 0.77890625 0.2 0.05
0 0.43828125 0.82734375 0.196875 0.04375
0 0.3984375 0.884375 0.1765625 0.05
0 0.453125 0.98046875 0.2046875 0.0390625
0 0.30390625 0.8765625 0.1125 0.0515625
0 0.23203125 0.7984375 0.1609375 0.0390625
0 0.1234375 0.8625 0.15 0.040625
0 0.07265625 0.89375 0.140625 0.028125
0 0.0765625 0.79609375 0.1328125 0.034375
0 0.19140625 0.75703125 0.10625 0.028125
0 0.1453125 0.75234375 0.11875 0.03125
0 0.29765625 0.74921875 0.1265625 0.04375
0 0.41484375 0.76171875 0.171875 0.05
0 0.384375 0.71328125 0.1875 0.040625
0 0.23984375 0.69921875 0.1609375 0.040625
0 0.4046875 0.675 0.175 0.0375
0 0.684375 0.52578125 0.1828125 0.05
0 0.42109375 0.59140625 0.1375 0.040625
0 0.93359375 0.64921875 0.1328125 0.0609375
0 0.85234375 0.459375 0.190625 0.05
0 0.896875 0.36328125 0.19375 0.065625
0 0.78203125 0.4265625 0.2 0.05
0 0.54609375 0.521875 0.140625 0.053125
0 0.4703125 0.5484375 0.1359375 0.0359375
0 0.74453125 0.353125 0.159375 0.0609375
0 0.79375 0.25078125 0.246875 0.0625
0 0.6359375 0.434375 0.128125 0.059375
0 0.4859375 0.4828125 0.184375 0.03125
0 0.36640625 0.54765625 0.125 0.04375
0 0.31484375 0.653125 0.13125 0.040625
0 0.75234375 0.12265625 0.196875 0.08125
0 0.91953125 0.1078125 0.1609375 0.09375
0 0.54375 0.26015625 0.1890625 0.0515625
0 0.4953125 0.31640625 0.175 0.04375
0 0.54140625 0.41171875 0.18125 0.0375
0 0.4453125 0.428125 0.1328125 0.0484375
0 0.25234375 0.5265625 0.15 0.0359375
0 0.26484375 0.56640625 0.13125 0.0375
0 0.253125 0.59921875 0.146875 0.0375
0 0.39609375 0.37109375 0.16875 0.05
0 0.378125 0.475 0.121875 0.04375
0 0.353125 0.42421875 0.090625 0.0453125
0 0.2703125 0.3859375 0.13125 0.0359375
0 0.25859375 0.334375 0.1546875 0.046875
0 0.2296875 0.290625 0.1359375 0.0421875
0 0.29296875 0.1390625 0.1609375 0.05
0 0.37890625 0.08203125 0.196875 0.05
0 0.54765625 0.08359375 0.165625 0.075
0 0.47265625 0.025 0.1609375 0.05
0 0.1828125 0.4 0.153125 0.0375
0 0.18828125 0.45390625 0.11875 0.03125
0 0.2578125 0.48359375 0.1359375 0.0359375
0 0.1453125 0.56953125 0.125 0.0375
0 0.14375 0.52265625 0.1109375 0.03125
0 0.15 0.4984375 0.0984375 0.034375
0 0.10859375 0.66328125 0.13125 0.0359375
0 0.10859375 0.6328125 0.1109375 0.0265625
0 0.09921875 0.61171875 0.1109375 0.03125
0 0.08515625 0.421875 0.125 0.028125
0 0.0546875 0.3390625 0.10625 0.03125
0 0.13203125 0.34765625 0.11875 0.0421875
0 0.1234375 0.29921875 0.11875 0.0421875
0 0.09921875 0.4734375 0.1125 0.03125
0 0.27734375 0.2390625 0.1765625 0.0375
0 0.253125 0.2125 0.171875 0.03125
0 0.25 0.434375 0.1125 0.034375
0 0.315625 0.42890625 0.11875 0.0375
0 0.06953125 0.578125 0.1296875 0.021875
0 0.10859375 0.559375 0.125 0.03125
0 0.09765625 0.53046875 0.09375 0.021875
0 0.05234375 0.5296875 0.096875 0.021875
0 0.05 0.62734375 0.09375 0.0203125
0 0.0484375 0.6546875 0.096875 0.028125
0 0.05859375 0.48515625 0.09375 0.0203125
0 0.1328125 0.38515625 0.125 0.021875
0 0.96171875 0.82734375 0.0765625 0.0859375
0 0.190625 0.65703125 0.075 0.028125