0 0.8078125 0.3484375 0.059375 0.246875
0 0.896875 0.35 0.053125 0.196875
0 0.9703125 0.1859375 0.059375 0.259375
0 0.90546875 0.13359375 0.065625 0.21875
0 0.7125 0.18125 0.0578125 0.215625
0 0.540625 0.11953125 0.065625 0.2390625
0 0.59140625 0.36171875 0.053125 0.19375
0 0.6125 0.46953125 0.0484375 0.20625
0 0.77890625 0.4859375 0.05 0.2
0 0.82734375 0.56171875 0.04375 0.196875
0 0.884375 0.6015625 0.05 0.1765625
0 0.98046875 0.546875 0.0375 0.2046875
0 0.8765625 0.69609375 0.05 0.1125
0 0.7984375 0.76796875 0.040625 0.1609375
0 0.8625 0.8765625 0.040625 0.15
0 0.89375 0.92734375 0.028125 0.140625
0 0.79609375 0.9234375 0.034375 0.1328125
0 0.75703125 0.80859375 0.028125 0.10625
0 0.75234375 0.8546875 0.03125 0.11875
0 0.74921875 0.70234375 0.04375 0.1265625
0 0.76171875 0.58515625 0.05 0.171875
0 0.71328125 0.615625 0.040625 0.1875
0 0.69921875 0.76015625 0.040625 0.1609375
0 0.675 0.5953125 0.0375 0.175
0 0.52578125 0.315625 0.05 0.1828125
0 0.59140625 0.57890625 0.040625 0.1375
0 0.64921875 0.06640625 0.0609375 0.1328125
0 0.459375 0.14765625 0.05 0.190625
0 0.36328125 0.103125 0.065625 0.19375
0 0.4265625 0.21796875 0.05 0.2
0 0.521875 0.45390625 0.053125 0.140625
0 0.5484375 0.5296875 0.0359375 0.1359375
0 0.353125 0.25546875 0.0609375 0.159375
0 0.25078125 0.20625 0.0640625 0.246875
0 0.434375 0.3640625 0.059375 0.128125
0 0.4828125 0.5140625 0.03125 0.184375
0 0.54765625 0.63359375 0.04375 0.125
0 0.653125 0.68515625 0.040625 0.13125
0 0.12265625 0.24765625 0.08125 0.196875
0 0.1078125 0.08046875 0.0953125 0.1609375
0 0.26015625 0.45625 0.0515625 0.1890625
0 0.31640625 0.5046875 0.04375 0.175
0 0.41171875 0.45859375 0.0375 0.18125
0 0.428125 0.5546875 0.0484375 0.1328125
0 0.5265625 0.74765625 0.0359375 0.15
0 0.56640625 0.73515625 0.0375 0.13125
0 0.59921875 0.746875 0.0375 0.146875
0 0.37109375 0.60390625 0.0515625 0.16875
0 0.475 0.621875 0.04375 0.121875
0 0.42421875 0.646875 0.0453125 0.090625
0 0.3859375 0.7296875 0.0359375 0.13125
0 0.334375 0.74140625 0.046875 0.1546875
0 0.290625 0.7703125 0.0421875 0.1359375
0 0.1390625 0.70703125 0.0515625 0.1609375
0 0.08203125 0.62109375 0.05 0.196875
0 0.08359375 0.45234375 0.075 0.165625
0 0.025 0.52734375 0.05 0.1609375
0 0.4 0.8171875 0.0375 0.153125
0 0.45390625 0.81171875 0.03125 0.11875
0 0.48359375 0.7421875 0.0359375 0.1359375
0 0.56953125 0.8546875 0.0375 0.125
0 0.52265625 0.85625 0.03125 0.1109375
0 0.4984375 0.85 0.034375 0.0984375
0 0.66328125 0.89140625 0.0359375 0.13125
0 0.6328125 0.89140625 0.0265625 0.1109375
0 0.61171875 0.90078125 0.03125 0.1109375
0 0.421875 0.91484375 0.028125 0.125
0 0.3390625 0.9453125 0.03125 0.10625
0 0.34765625 0.86796875 0.0421875 0.11875
0 0.29921875 0.8765625 0.0421875 0.11875
0 0.4734375 0.90078125 0.03125 0.1125
0 0.2390625 0.72265625 0.0375 0.1765625
0 0.2125 0.746875 0.0328125 0.171875
0 0.434375 0.75 0.034375 0.1125
0 0.42890625 0.684375 0.0375 0.11875
0 0.578125 0.93046875 0.021875 0.1296875
0 0.559375 0.89140625 0.03125 0.125
0 0.53046875 0.90234375 0.021875 0.09375
0 0.5296875 0.94765625 0.021875 0.096875
0 0.62734375 0.95 0.0203125 0.09375
0 0.6546875 0.9515625 0.028125 0.096875
0 0.48515625 0.94140625 0.0203125 0.09375
0 0.38515625 0.8671875 0.021875 0.125
0 0.82734375 0.03828125 0.0859375 0.0765625
0 0.65703125 0.809375 0.028125 0.075