0 0.1921875 0.6515625 0.06015625 0.24765625
0 0.103125 0.65 0.053125 0.19765625
0 0.0296875 0.8140625 0.059375 0.26015625
0 0.09453125 0.86640625 0.06484375 0.21953125
0 0.2875 0.81875 0.05703125 0.21640625
0 0.459375 0.88046875 0.065625 0.2390625
0 0.40859375 0.63828125 0.053125 0.19453125
0 0.3875 0.53046875 0.0484375 0.20625
0 0.22109375 0.5140625 0.04921875 0.19921875
0 0.17265625 0.43828125 0.04453125 0.19609375
0 0.115625 0.3984375 0.04921875 0.1765625
0 0.01953125 0.453125 0.03828125 0.2046875
0 0.1234375 0.30390625 0.05078125 0.11171875
0 0.2015625 0.23203125 0.03984375 0.1609375
0 0.1375 0.1234375 0.040625 0.14921875
0 0.10625 0.07265625 0.02890625 0.13984375
0 0.20390625 0.0765625 0.03359375 0.1328125
0 0.24296875 0.19140625 0.028125 0.10625
0 0.24765625 0.1453125 0.03046875 0.11953125
0 0.25078125 0.29765625 0.04375 0.1265625
0 0.23828125 0.41484375 0.04921875 0.17265625
0 0.28671875 0.384375 0.03984375 0.1875
0 0.30078125 0.23984375 0.03984375 0.1609375
0 0.325 0.4046875 0.0375 0.17578125
0 0.47421875 0.684375 0.05 0.1828125
0 0.40859375 0.42109375 0.040625 0.1375
0 0.35078125 0.93359375 0.0609375 0.1328125
0 0.540625 0.85234375 0.04921875 0.19140625
0 0.63671875 0.896875 0.065625 0.19296875
0 0.5734375 0.78203125 0.05 0.19921875
0 0.478125 0.54609375 0.053125 0.13984375
0 0.4515625 0.4703125 0.0359375 0.1359375
0 0.646875 0.74453125 0.0609375 0.159375
0 0.74921875 0.79375 0.06328125 0.24609375
0 0.565625 0.6359375 0.059375 0.128125
0 0.5171875 0.4859375 0.03203125 0.184375
0 0.45234375 0.36640625 0.04296875 0.125
0 0.346875 0.31484375 0.04140625 0.13125
0 0.87734375 0.75234375 0.08125 0.19609375
0 0.8921875 0.91953125 0.09453125 0.1609375
0 0.73984375 0.54375 0.0515625 0.1890625
0 0.68359375 0.4953125 0.04375 0.17421875
0 0.58828125 0.54140625 0.03828125 0.18125
0 0.571875 0.4453125 0.0484375 0.1328125
0 0.4734375 0.25234375 0.0359375 0.15
0 0.43359375 0.26484375 0.03671875 0.13125
0 0.40078125 0.253125 0.0375 0.14609375
0 0.62890625 0.39609375 0.05078125 0.16953125
0 0.525 0.378125 0.04453125 0.12265625
0 0.57578125 0.353125 0.0453125 0.08984375
0 0.6140625 0.2703125 0.0359375 0.13125
0 0.665625 0.25859375 0.046875 0.1546875
0 0.709375 0.2296875 0.0421875 0.1359375
0 0.8609375 0.29296875 0.05078125 0.1609375
0 0.91796875 0.37890625 0.04921875 0.19765625
0 0.91640625 0.54765625 0.07421875 0.16640625
0 0.975 0.47265625 0.04921875 0.1609375
0 0.6 0.1828125 0.03671875 0.153125
0 0.54609375 0.18828125 0.03046875 0.11953125
0 0.51640625 0.2578125 0.0359375 0.1359375
0 0.43046875 0.1453125 0.03671875 0.125
0 0.47734375 0.14375 0.03046875 0.1109375
0 0.5015625 0.15 0.034375 0.0984375
0 0.33671875 0.10859375 0.0359375 0.13125
0 0.3671875 0.10859375 0.02578125 0.1109375
0 0.38828125 0.09921875 0.03046875 0.1109375
0 0.578125 0.08515625 0.028125 0.12421875
0 0.6609375 0.0546875 0.03203125 0.10625
0 0.65234375 0.13203125 0.0421875 0.11953125
0 0.70078125 0.1234375 0.0421875 0.11953125
0 0.5265625 0.09921875 0.03046875 0.11328125
0 0.7609375 0.27734375 0.0375 0.1765625
0 0.7875 0.253125 0.03203125 0.17265625
0 0.565625 0.25 0.03515625 0.11328125
0 0.57109375 0.315625 0.03828125 0.11796875
0 0.421875 0.06953125 0.02265625 0.1296875
0 0.440625 0.10859375 0.03125 0.125
0 0.46953125 0.09765625 0.02109375 0.09296875
0 0.4703125 0.05234375 0.021875 0.09609375
0 0.37265625 0.05 0.0203125 0.09453125
0 0.3453125 0.0484375 0.028125 0.096875
0 0.51484375 0.05859375 0.0203125 0.09296875
0 0.61484375 0.1328125 0.02265625 0.12421875
0 0.17265625 0.96171875 0.0859375 0.0765625
0 0.34296875 0.190625 0.02890625 0.075