0 0.2203125 0.93125 0.1328125 0.1375
0 0.4984375 0.82890625 0.315625 0.340625
0 0.79609375 0.76328125 0.20625 0.453125
0 0.42421875 0.39609375 0.1671875 0.190625
0 0.28046875 0.1765625 0.1375 0.159375
0 0.6234375 0.10703125 0.109375 0.175
0 0.7171875 0.17265625 0.0734375 0.16875
0 0.7625 0.18828125 0.06875 0.146875
0 0.8234375 0.2015625 0.0703125 0.125
0 0.8765625 0.23828125 0.0625 0.109375
0 0.9640625 0.25234375 0.071875 0.1453125
0 0.93203125 0.21953125 0.05625 0.059375
0 0.95546875 0.31171875 0.0640625 0.084375
0 0.96171875 0.38359375 0.065625 0.11875
0 0.9265625 0.5421875 0.096875 0.278125
0 0.91015625 0.31015625 0.059375 0.18125