0 0.06875 0.66484375 0.10703125 0.1375
0 0.15390625 0.64140625 0.09296875 0.11640625
0 0.18515625 0.59765625 0.09609375 0.09140625
0 0.24453125 0.56171875 0.10390625 0.11015625
0 0.30546875 0.49453125 0.159375 0.08984375
0 0.3390625 0.36015625 0.10703125 0.12109375
0 0.40390625 0.30703125 0.0890625 0.07734375
0 0.38515625 0.246875 0.10390625 0.06484375
0 0.40546875 0.21171875 0.10703125 0.07265625
0 0.41875 0.15 0.1109375 0.0875
0 0.45390625 0.1 0.09296875 0.0625
0 0.46484375 0.05 0.1 0.06640625
0 0.7390625 0.02578125 0.1 0.04375
0 0.66875 0.046875 0.0703125 0.06015625
0 0.65703125 0.10625 0.1 0.075
0 0.6484375 0.1625 0.1109375 0.05390625
0 0.640625 0.20078125 0.12578125 0.04375
0 0.62578125 0.24375 0.12578125 0.05390625
0 0.61640625 0.29921875 0.10703125 0.05625
0 0.59609375 0.35859375 0.140625 0.05859375
0 0.65390625 0.41015625 0.13671875 0.04140625
0 0.621875 0.43984375 0.11875 0.0625
0 0.61640625 0.49296875 0.14453125 0.05234375
0 0.590625 0.55078125 0.10703125 0.06875
0 0.5609375 0.66875 0.1296875 0.10859375
0 0.8890625 0.62265625 0.20703125 0.15390625