0 0.89140625 0.89140625 0.146875 0.2015625
0 0.89765625 0.753125 0.2 0.2484375
0 0.90859375 0.57734375 0.1828125 0.3109375
0 0.86796875 0.3609375 0.190625 0.3453125
0 0.69140625 0.25078125 0.234375 0.35625
0 0.7734375 0.50859375 0.18125 0.2984375
0 0.78828125 0.75703125 0.1265625 0.2125
0 0.7734375 0.9 0.140625 0.175
0 0.703125 0.71484375 0.2 0.284375
0 0.61875 0.50234375 0.24375 0.384375
0 0.52109375 0.26171875 0.2265625 0.5234375
0 0.65390625 0.8671875 0.1203125 0.2171875
0 0.5984375 0.765625 0.13125 0.259375
0 0.5265625 0.67578125 0.175 0.3015625
0 0.446875 0.51796875 0.184375 0.303125
0 0.35078125 0.3125 0.1875 0.4421875
0 0.5171875 0.86875 0.1375 0.246875
0 0.44765625 0.771875 0.1390625 0.309375
0 0.3828125 0.8390625 0.140625 0.3
0 0.32734375 0.590625 0.1375 0.3625
0 0.29765625 0.74375 0.1078125 0.3375
0 0.23359375 0.8375 0.1421875 0.31875
0 0.1421875 0.753125 0.1578125 0.2625
0 0.071875 0.82734375 0.14375 0.296875
0 0.15390625 0.57578125 0.171875 0.3203125
0 0.2375 0.41328125 0.1703125 0.3484375
0 0.1640625 0.20234375 0.20625 0.4046875
0 0.09140625 0.3875 0.1828125 0.384375