0 0.36328125 0.84140625 0.7265625 0.3109375
0 0.6875 0.928125 0.4 0.14375
0 0.8375 0.821875 0.325 0.1921875
0 0.66953125 0.72734375 0.3625 0.209375
0 0.33515625 0.575 0.6703125 0.35
0 0.753125 0.63359375 0.2171875 0.1625
0 0.8875 0.6703125 0.225 0.165625
0 0.76171875 0.5203125 0.3125 0.16875
0 0.90390625 0.46640625 0.178125 0.115625
0 0.815625 0.42421875 0.2375 0.109375
0 0.490625 0.328125 0.73125 0.215625
0 0.38046875 0.14296875 0.7609375 0.2859375
0 0.6640625 0.15078125 0.3953125 0.1734375
0 0.8375 0.20390625 0.26875 0.171875
0 0.890625 0.321875 0.20625 0.1390625