0 0.60546875 0.2625 0.115625 0.0765625
0 0.50078125 0.28046875 0.096875 0.090625
0 0.446875 0.36796875 0.1 0.071875
0 0.43125 0.44921875 0.0875 0.0578125
0 0.609375 0.5109375 0.103125 0.06875
0 0.5328125 0.52890625 0.0890625 0.0640625
0 0.465625 0.60859375 0.1 0.065625
0 0.5421875 0.875 0.0921875 0.1015625
0 0.7953125 0.60859375 0.09375 0.071875
0 0.871875 0.603125 0.0984375 0.0734375
0 0.82578125 0.4421875 0.096875 0.0609375
0 0.9625 0.4609375 0.075 0.065625
0 0.925 0.76640625 0.096875 0.0625
0 0.9015625 0.8203125 0.0859375 0.0546875
0 0.4015625 0.88203125 0.1171875 0.059375
0 0.43359375 0.93671875 0.109375 0.0703125
0 0.29453125 0.88359375 0.11875 0.0703125
0 0.15625 0.73828125 0.109375 0.06875
0 0.08046875 0.7953125 0.140625 0.0484375
0 0.1171875 0.6578125 0.1375 0.053125
0 0.07109375 0.5359375 0.134375 0.046875
0 0.10234375 0.47734375 0.13125 0.0421875
0 0.1203125 0.26875 0.1296875 0.05
0 0.38515625 0.13984375 0.1 0.065625
0 0.4390625 0.1171875 0.103125 0.065625
0 0.37890625 0.04921875 0.1109375 0.0578125
0 0.08125 0.140625 0.071875 0.04375
0 0.1703125 0.15234375 0.08125 0.053125
0 0.22578125 0.23359375 0.1109375 0.05
0 0.23125 0.0703125 0.1 0.0640625
0 0.1671875 0.07421875 0.075 0.05
0 0.69140625 0.39375 0.075 0.053125
0 0.74140625 0.3796875 0.06875 0.0484375
0 0.87734375 0.37421875 0.075 0.046875
0 0.93046875 0.396875 0.0859375 0.05
0 0.83984375 0.4015625 0.084375 0.0484375
0 0.8578125 0.2796875 0.0828125 0.0625
0 0.9578125 0.3328125 0.084375 0.05625
0 0.921875 0.26875 0.0765625 0.0609375
0 0.77109375 0.1703125 0.0921875 0.065625
0 0.7640625 0.06015625 0.0875 0.090625
0 0.703125 0.0609375 0.071875 0.096875
0 0.55078125 0.05625 0.084375 0.075
0 0.61796875 0.0390625 0.090625 0.078125
0 0.2796875 0.49296875 0.0796875 0.046875
0 0.35234375 0.50234375 0.1 0.0515625
0 0.1328125 0.41015625 0.10625 0.034375
0 0.06953125 0.38984375 0.09375 0.0375
0 0.575 0.7390625 0.084375 0.0453125
0 0.328125 0.2890625 0.121875 0.04375
0 0.32421875 0.25625 0.10625 0.04375
0 0.40390625 0.26875 0.090625 0.059375
0 0.6875 0.20390625 0.075 0.04375
0 0.72578125 0.22578125 0.071875 0.0515625
0 0.7890625 0.23828125 0.071875 0.0625
0 0.56328125 0.62734375 0.096875 0.0546875
0 0.240625 0.62265625 0.09375 0.06875
0 0.3 0.63203125 0.084375 0.0546875
0 0.3640625 0.640625 0.115625 0.053125