0 0.13203125 0.625 0.2640625 0.071875
0 0.11796875 0.47109375 0.2359375 0.090625
0 0.10546875 0.8265625 0.2109375 0.1125
0 0.0953125 0.73125 0.190625 0.0609375
0 0.090625 0.56953125 0.128125 0.0546875
0 0.15078125 0.26484375 0.165625 0.059375
0 0.16640625 0.31015625 0.171875 0.05625
0 0.15625 0.34921875 0.1921875 0.0640625
0 0.16171875 0.18203125 0.134375 0.0375
0 0.17265625 0.14921875 0.134375 0.034375
0 0.178125 0.22734375 0.1328125 0.025
0 0.178125 0.1046875 0.11875 0.028125
0 0.1890625 0.0890625 0.1140625 0.0203125