0 0.2390625 0.78359375 0.3796875 0.4328125
0 0.61171875 0.446875 0.1171875 0.209375
0 0.35703125 0.4921875 0.1625 0.203125
0 0.09921875 0.453125 0.165625 0.1828125
0 0.2859375 0.38359375 0.0875 0.1125
0 0.11015625 0.35390625 0.071875 0.0640625
0 0.1453125 0.32890625 0.0625 0.040625
0 0.0875 0.3296875 0.05625 0.04375
0 0.11171875 0.31484375 0.0703125 0.03125
0 0.33046875 0.3484375 0.05625 0.0734375
0 0.36953125 0.34609375 0.053125 0.071875
0 0.40546875 0.353125 0.0625 0.065625
0 0.465625 0.32265625 0.0390625 0.075
0 0.40859375 0.30234375 0.05 0.0609375
0 0.2640625 0.3125 0.046875 0.05625
0 0.2265625 0.3109375 0.04375 0.065625
0 0.18125 0.29453125 0.034375 0.046875