0 0.06484375 0.88359375 0.1296875 0.21953125
0 0.228125 0.88046875 0.14453125 0.22109375
0 0.46171875 0.8796875 0.1421875 0.23984375
0 0.64375 0.90859375 0.15703125 0.1828125
0 0.796875 0.903125 0.140625 0.19375
0 0.95078125 0.93359375 0.0953125 0.1328125
0 0.90390625 0.85546875 0.10703125 0.0953125
0 0.975 0.84921875 0.05 0.0609375
0 0.52890625 0.74765625 0.11328125 0.215625
0 0.43515625 0.69765625 0.1125 0.18828125
0 0.33359375 0.6671875 0.109375 0.08671875
0 0.33671875 0.809375 0.19140625 0.271875
0 0.08671875 0.684375 0.1203125 0.121875
0 0.146875 0.728125 0.18046875 0.12421875
0 0.21328125 0.671875 0.1125 0.10234375
0 0.01640625 0.6484375 0.03203125 0.1515625
0 0.05625 0.6203125 0.071875 0.07734375
0 0.12265625 0.57421875 0.11875 0.12109375
0 0.33515625 0.60234375 0.0953125 0.11640625
0 0.2359375 0.5796875 0.10390625 0.15234375
0 0.14765625 0.50859375 0.09140625 0.08671875
0 0.0703125 0.5296875 0.10078125 0.09765625
0 0.40234375 0.54921875 0.0859375 0.17265625
0 0.4765625 0.53671875 0.12109375 0.2125
0 0.60703125 0.6375 0.1390625 0.23359375
0 0.3015625 0.4578125 0.075 0.08671875
0 0.21875 0.46328125 0.09296875 0.10234375
0 0.0609375 0.446875 0.0859375 0.12734375
0 0.17265625 0.421875 0.0625 0.10859375
0 0.1109375 0.3828125 0.04609375 0.05625
0 0.01484375 0.40390625 0.0296875 0.08671875
0 0.19609375 0.359375 0.0671875 0.05703125
0 0.09609375 0.35390625 0.06328125 0.0484375
0 0.02890625 0.3609375 0.0578125 0.065625
0 0.24609375 0.35390625 0.0546875 0.06328125
0 0.2984375 0.39609375 0.06015625 0.05
0 0.26015625 0.38828125 0.06328125 0.04609375
0 0.3765625 0.4328125 0.06171875 0.1078125
0 0.334375 0.37109375 0.07265625 0.0609375
0 0.03203125 0.32109375 0.06015625 0.06015625
0 0.08046875 0.31328125 0.05859375 0.02890625
0 0.10078125 0.32421875 0.0625 0.02734375
0 0.16953125 0.32734375 0.06171875 0.053125
0 0.22265625 0.31484375 0.05859375 0.0421875
0 0.15078125 0.30546875 0.0578125 0.046875
0 0.28046875 0.30546875 0.0515625 0.0671875
0 0.21015625 0.2828125 0.059375 0.040625
0 0.1328125 0.278125 0.05234375 0.0328125
0 0.165625 0.2703125 0.0515625 0.034375
0 0.05546875 0.2859375 0.05625 0.03671875
0 0.09765625 0.25859375 0.06875 0.05
0 0.771875 0.7046875 0.1359375 0.2109375
0 0.928125 0.7296875 0.115625 0.15546875
0 0.84375 0.71015625 0.0796875 0.14140625
0 0.91796875 0.64453125 0.096875 0.071875
0 0.959375 0.64140625 0.05546875 0.0671875
0 0.91640625 0.5984375 0.103125 0.06875
0 0.9375 0.53828125 0.12421875 0.0859375
0 0.98671875 0.60234375 0.0265625 0.07734375
0 0.73515625 0.56015625 0.08515625 0.08203125
0 0.75234375 0.47421875 0.1 0.084375
0 0.67578125 0.4765625 0.1109375 0.0859375
0 0.5796875 0.48515625 0.071875 0.08828125
0 0.778125 0.43046875 0.0765625 0.05078125
0 0.8140625 0.51796875 0.06875 0.109375
0 0.8796875 0.478125 0.11015625 0.1953125
0 0.96953125 0.4515625 0.0609375 0.11796875
0 0.809375 0.38359375 0.07890625 0.0625
0 0.634375 0.428125 0.05625 0.06171875
0 0.578125 0.41953125 0.0796875 0.0640625
0 0.9109375 0.3703125 0.04453125 0.0546875
0 0.96953125 0.3890625 0.05546875 0.053125
0 0.925 0.34453125 0.06953125 0.053125
0 0.96484375 0.35390625 0.065625 0.06484375
0 0.88203125 0.321875 0.0640625 0.0453125
0 0.84765625 0.34765625 0.0578125 0.04609375
0 0.69765625 0.32890625 0.06015625 0.05234375
0 0.7421875 0.32734375 0.05234375 0.0375
0 0.70546875 0.38515625 0.07109375 0.04765625
0 0.63359375 0.3484375 0.06953125 0.0640625
0 0.58046875 0.3859375 0.0671875 0.05546875
0 0.5125 0.3921875 0.06328125 0.0578125
0 0.52265625 0.43046875 0.06328125 0.0625
0 0.43828125 0.38515625 0.07265625 0.0609375
0 0.55078125 0.3359375 0.07890625 0.0578125
0 0.74140625 0.2671875 0.0515625 0.05078125
0 0.63125 0.3015625 0.04765625 0.046875
0 0.4078125 0.35390625 0.046875 0.03515625
0 0.34375 0.3265625 0.03828125 0.0359375
0 0.30546875 0.325 0.04765625 0.04765625
0 0.43359375 0.29609375 0.06484375 0.0640625
0 0.384375 0.31796875 0.0421875 0.0453125
0 0.46953125 0.36875 0.05 0.04296875
0 0.50703125 0.31171875 0.06171875 0.03515625
0 0.34609375 0.26640625 0.05859375 0.07109375
0 0.403125 0.27265625 0.0453125 0.03984375
0 0.3734375 0.3 0.05625 0.04140625
0 0.584375 0.2765625 0.0625 0.0328125
0 0.5765625 0.3046875 0.06328125 0.04375
0 0.69296875 0.27421875 0.05234375 0.03046875
0 0.6484375 0.2625 0.05703125 0.03828125
0 0.6171875 0.240625 0.04765625 0.034375
0 0.58125 0.25234375 0.040625 0.040625
0 0.5203125 0.26171875 0.06640625 0.04765625
0 0.7125 0.3015625 0.04296875 0.03828125
0 0.79296875 0.29453125 0.06015625 0.06015625
0 0.84375 0.2921875 0.0625 0.05859375
0 0.8203125 0.2625 0.0625 0.046875
0 0.81875 0.23515625 0.06953125 0.046875
0 0.75390625 0.2234375 0.04140625 0.0609375
0 0.7125 0.2078125 0.05546875 0.05390625
0 0.6984375 0.240625 0.0890625 0.06015625
0 0.8765625 0.246875 0.0515625 0.11171875
0 0.96953125 0.29296875 0.0609375 0.0875
0 0.95 0.23359375 0.05859375 0.1140625
0 0.98046875 0.22109375 0.0390625 0.05859375
0 0.92421875 0.17578125 0.065625 0.03984375
0 0.87734375 0.17578125 0.05859375 0.034375
0 0.9625 0.1640625 0.04453125 0.04375
0 0.77265625 0.2015625 0.06171875 0.09453125
0 0.65 0.19375 0.04296875 0.0875
0 0.56953125 0.19296875 0.04453125 0.0640625
0 0.54609375 0.2203125 0.05078125 0.03359375
0 0.609375 0.22890625 0.05 0.034375
0 0.4890625 0.215625 0.0625 0.0421875
0 0.46640625 0.259375 0.07109375 0.02421875
0 0.44609375 0.21796875 0.0484375 0.0328125
0 0.39765625 0.22890625 0.0453125 0.046875
0 0.4375 0.23828125 0.0375 0.03125
0 0.29375 0.26015625 0.04765625 0.0328125
0 0.23515625 0.253125 0.04140625 0.0328125
0 0.1984375 0.2484375 0.034375 0.0265625
0 0.1640625 0.25078125 0.04453125 0.0328125
0 0.3 0.22421875 0.046875 0.05546875
0 0.36953125 0.209375 0.05390625 0.0515625
0 0.321875 0.2 0.0515625 0.05703125
0 0.27265625 0.19453125 0.04765625 0.07265625
0 0.23203125 0.22109375 0.05 0.053125
0 0.16328125 0.209375 0.06015625 0.06484375
0 0.19609375 0.203125 0.03671875 0.0421875
0 0.11640625 0.20546875 0.0375 0.0359375
0 0.10234375 0.21328125 0.03203125 0.03203125
0 0.0421875 0.22578125 0.03125 0.0328125
0 0.01171875 0.20859375 0.02265625 0.028125
0 0.08984375 0.18359375 0.03984375 0.0375
0 0.03515625 0.19765625 0.0390625 0.034375
0 0.3265625 0.16875 0.04921875 0.04921875
0 0.378125 0.16171875 0.0625 0.05625
0 0.43046875 0.16640625 0.03984375 0.07265625
0 0.490625 0.16640625 0.04375 0.0796875
0 0.46484375 0.165625 0.04140625 0.09296875
0 0.37421875 0.12734375 0.04296875 0.03515625
0 0.346875 0.13515625 0.0375 0.046875
0 0.31328125 0.1296875 0.040625 0.04609375
0 0.28828125 0.14296875 0.04140625 0.05
0 0.2609375 0.14765625 0.03203125 0.03046875
0 0.22265625 0.1703125 0.03671875 0.03828125
0 0.1890625 0.1671875 0.0515625 0.04140625
0 0.1421875 0.1625 0.0296875 0.0265625
0 0.1109375 0.16015625 0.03984375 0.0265625
0 0.053125 0.16640625 0.03515625 0.03125
0 0.01171875 0.17890625 0.02265625 0.04140625
0 0.0234375 0.1578125 0.02890625 0.03203125
0 0.06640625 0.14375 0.046875 0.03125
0 0.1796875 0.1359375 0.0484375 0.03828125
0 0.33046875 0.53125 0.084375 0.06640625