0 0.13046875 0.7484375 0.13515625 0.503125
0 0.2703125 0.76484375 0.134375 0.4703125
0 0.42109375 0.76328125 0.1203125 0.43203125
0 0.5546875 0.71640625 0.090625 0.38203125
0 0.6359375 0.70859375 0.0671875 0.34921875
0 0.703125 0.690625 0.05078125 0.27421875
0 0.66328125 0.61171875 0.04609375 0.20078125
0 0.7671875 0.690625 0.06328125 0.2625
0 0.8 0.6078125 0.04921875 0.1515625
0 0.884375 0.6578125 0.053125 0.184375
0 0.82578125 0.61484375 0.0328125 0.12578125
0 0.965625 0.6484375 0.03359375 0.1640625