0 0.7828125 0.909375 0.1390625 0.0828125
0 0.784375 0.8578125 0.103125 0.0859375
0 0.7609375 0.76640625 0.0625 0.121875
0 0.9 0.57265625 0.1015625 0.09375
0 0.89609375 0.51328125 0.0765625 0.09375
0 0.9265625 0.3734375 0.09375 0.059375
0 0.9234375 0.4234375 0.10625 0.0609375
0 0.803125 0.02109375 0.096875 0.0421875
0 0.73046875 0.559375 0.1125 0.1078125
0 0.65703125 0.796875 0.0671875 0.0921875
0 0.63203125 0.76015625 0.10625 0.0984375
0 0.5484375 0.87578125 0.06875 0.0578125
0 0.5125 0.83984375 0.078125 0.0625
0 0.4890625 0.9078125 0.10625 0.0734375
0 0.3875 0.7171875 0.084375 0.1234375
0 0.396875 0.659375 0.0984375 0.05
0 0.2109375 0.78671875 0.103125 0.10625
0 0.125 0.61796875 0.13125 0.13125
0 0.07109375 0.76484375 0.071875 0.0953125
0 0.03125 0.7375 0.0625 0.0953125
0 0.2375 0.50625 0.10625 0.103125
0 0.29140625 0.45078125 0.109375 0.065625
0 0.09921875 0.42265625 0.071875 0.075
0 0.13046875 0.35859375 0.0921875 0.078125
0 0.04375 0.41875 0.0875 0.128125
0 0.03828125 0.33828125 0.0765625 0.084375
0 0.0375 0.23046875 0.075 0.0671875
0 0.03515625 0.16640625 0.0703125 0.0625
0 0.03515625 0.10703125 0.065625 0.078125
0 0.2 0.03125 0.140625 0.0625
0 0.34140625 0.2640625 0.10625 0.084375
0 0.2640625 0.3296875 0.0703125 0.06875
0 0.23984375 0.28671875 0.0640625 0.065625
0 0.31171875 0.303125 0.046875 0.040625
0 0.38203125 0.0453125 0.146875 0.090625
0 0.58984375 0.42578125 0.103125 0.090625
0 0.60859375 0.090625 0.05 0.040625
0 0.57890625 0.121875 0.0625 0.05
0 0.52578125 0.146875 0.10625 0.0390625
0 0.565625 0.209375 0.1125 0.059375
0 0.57109375 0.265625 0.0875 0.053125
0 0.59140625 0.3 0.0765625 0.0734375
0 0.57890625 0.34609375 0.075 0.053125
0 0.50703125 0.36015625 0.1 0.078125
0 0.54296875 0.3453125 0.0515625 0.053125