0 0.3578125 0.6015625 0.38125 0.0875
0 0.39375 0.5 0.43125 0.1015625
0 0.453125 0.38828125 0.45 0.10625
0 0.46640625 0.28125 0.3953125 0.0875
0 0.44921875 0.1515625 0.3640625 0.1
0 0.55390625 0.0265625 0.23125 0.0421875
0 0.60703125 0.09140625 0.1375 0.040625
0 0.62421875 0.05859375 0.134375 0.040625
0 0.4609375 0.7984375 0.3640625 0.0796875
0 0.48125 0.87890625 0.3109375 0.06875
0 0.53046875 0.9640625 0.265625 0.059375
0 0.5625 0.71640625 0.234375 0.0625
0 0.534375 0.64609375 0.203125 0.078125
0 0.59609375 0.58203125 0.146875 0.071875
0 0.55 0.21484375 0.2125 0.05
0 0.61484375 0.12578125 0.134375 0.0390625
0 0.51171875 0.8953125 0.2984375 0.065625
0 0.50078125 0.76796875 0.328125 0.05