0 0.49453125 0.6984375 0.11171875 0.5640625
0 0.23515625 0.56171875 0.0625 0.23515625
0 0.11796875 0.55859375 0.05859375 0.20703125
0 0.0734375 0.55390625 0.06328125 0.21328125
0 0.58203125 0.59140625 0.071875 0.26484375
0 0.38359375 0.58515625 0.0609375 0.2296875
0 0.33671875 0.553125 0.0390625 0.17421875
0 0.7359375 0.61328125 0.0734375 0.3125
0 0.8 0.659375 0.06796875 0.38203125
0 0.86640625 0.63125 0.09140625 0.425
0 0.63984375 0.5375 0.03046875 0.146875
0 0.6703125 0.540625 0.0421875 0.16171875
0 0.60859375 0.5234375 0.025 0.109375
0 0.1890625 0.54453125 0.02421875 0.10546875
0 0.2953125 0.509375 0.0234375 0.096875
0 0.31484375 0.51015625 0.0296875 0.0953125