0 0.371875 0.1171875 0.1640625 0.0609375
0 0.36328125 0.2359375 0.1515625 0.059375
0 0.29765625 0.325 0.28125 0.121875
0 0.321875 0.46640625 0.228125 0.09375
0 0.27578125 0.6328125 0.2890625 0.1
0 0.2546875 0.71875 0.228125 0.10625
0 0.2640625 0.94765625 0.3703125 0.1046875
0 0.27421875 0.83515625 0.275 0.096875
0 0.3703125 0.80078125 0.0875 0.071875
0 0.4203125 0.8765625 0.05625 0.0421875
0 0.4359375 0.98046875 0.0875 0.0390625
0 0.421875 0.9171875 0.1 0.0578125
0 0.4015625 0.8078125 0.0609375 0.078125
0 0.415625 0.5953125 0.109375 0.0640625
0 0.43046875 0.5140625 0.078125 0.0625
0 0.38515625 0.60234375 0.0703125 0.0984375
0 0.403125 0.72109375 0.0953125 0.04375
0 0.4109375 0.78046875 0.0921875 0.05625
0 0.421875 0.67578125 0.090625 0.046875
0 0.42890625 0.43515625 0.0796875 0.0578125
0 0.375 0.41328125 0.13125 0.0515625
0 0.43046875 0.2203125 0.0578125 0.04375
0 0.44375 0.31875 0.04375 0.053125
0 0.4359375 0.07421875 0.065625 0.034375
0 0.43671875 0.0953125 0.0625 0.0359375