0 0.9015625 0.7171875 0.0734375 0.0453125
0 0.890625 0.6203125 0.059375 0.040625
0 0.93515625 0.5984375 0.059375 0.04375
0 0.93046875 0.53046875 0.05625 0.0375
0 0.903125 0.453125 0.078125 0.0375
0 0.9625 0.17734375 0.0734375 0.040625
0 0.83828125 0.25078125 0.05625 0.040625
0 0.86640625 0.51484375 0.06875 0.040625
0 0.8484375 0.5609375 0.053125 0.03125
0 0.81015625 0.56640625 0.046875 0.03125
0 0.7890625 0.5359375 0.05 0.0375
0 0.8140625 0.52421875 0.046875 0.0296875
0 0.79140625 0.48984375 0.0578125 0.0328125
0 0.7765625 0.59921875 0.05625 0.040625
0 0.8140625 0.6 0.053125 0.034375
0 0.8234375 0.853125 0.0703125 0.059375
0 0.78359375 0.93203125 0.0484375 0.0546875
0 0.74375 0.88828125 0.059375 0.0546875
0 0.7390625 0.92890625 0.053125 0.0578125
0 0.5515625 0.9 0.034375 0.0671875
0 0.5671875 0.834375 0.0328125 0.05625
0 0.53359375 0.83515625 0.040625 0.0546875
0 0.4875 0.8234375 0.040625 0.046875
0 0.4328125 0.84375 0.040625 0.05
0 0.515625 0.89765625 0.04375 0.0625
0 0.36171875 0.8203125 0.05 0.046875
0 0.28828125 0.875 0.0453125 0.053125
0 0.38125 0.96015625 0.0484375 0.05
0 0.34140625 0.91875 0.04375 0.0484375
0 0.35546875 0.8734375 0.0421875 0.05
0 0.3953125 0.8734375 0.05 0.0640625
0 0.378125 0.91640625 0.046875 0.0546875
0 0.4828125 0.93671875 0.040625 0.071875
0 0.5 0.7109375 0.04375 0.0390625
0 0.475 0.69140625 0.0546875 0.046875
0 0.4921875 0.59296875 0.0484375 0.040625
0 0.45625 0.5875 0.0578125 0.0453125
0 0.440625 0.66015625 0.04375 0.0375
0 0.409375 0.63828125 0.0515625 0.040625
0 0.40234375 0.68359375 0.04375 0.0453125
0 0.37421875 0.6203125 0.04375 0.046875
0 0.61640625 0.74921875 0.04375 0.05
0 0.68515625 0.77890625 0.0453125 0.0375
0 0.6609375 0.75 0.0453125 0.046875
0 0.7671875 0.77578125 0.05 0.053125
0 0.775 0.73203125 0.05625 0.0375
0 0.76015625 0.68671875 0.0515625 0.040625
0 0.71875 0.6859375 0.04375 0.03125
0 0.7078125 0.728125 0.040625 0.0453125
0 0.70859375 0.5921875 0.0484375 0.03125
0 0.66484375 0.60390625 0.053125 0.0359375
0 0.67578125 0.6484375 0.0578125 0.0375
0 0.6734375 0.69375 0.053125 0.04375
0 0.71796875 0.540625 0.05625 0.0359375
0 0.67421875 0.5484375 0.059375 0.040625
0 0.6265625 0.571875 0.059375 0.0375
0 0.56953125 0.578125 0.05625 0.0328125
0 0.50703125 0.5453125 0.05 0.0296875
0 0.53515625 0.52734375 0.05625 0.034375
0 0.58359375 0.49140625 0.040625 0.0421875
0 0.6078125 0.48046875 0.03125 0.03125
0 0.64453125 0.49375 0.046875 0.034375
0 0.734375 0.49453125 0.0671875 0.034375
0 0.6859375 0.4265625 0.05625 0.040625
0 0.7234375 0.38828125 0.0578125 0.0375
0 0.8453125 0.371875 0.0546875 0.0265625
0 0.81640625 0.35625 0.0609375 0.0328125
0 0.72890625 0.334375 0.04375 0.0328125
0 0.71171875 0.31328125 0.05 0.034375
0 0.671875 0.32421875 0.05 0.04375
0 0.63828125 0.32890625 0.034375 0.04375
0 0.6640625 0.25234375 0.059375 0.040625
0 0.68203125 0.1953125 0.053125 0.0390625
0 0.7328125 0.1765625 0.053125 0.0484375
0 0.753125 0.215625 0.05 0.046875
0 0.8125 0.2109375 0.053125 0.040625
0 0.58671875 0.1890625 0.05 0.0390625
0 0.5625 0.1703125 0.05 0.034375
0 0.534375 0.1890625 0.053125 0.04375
0 0.74453125 0.0765625 0.0375 0.06875
0 0.71328125 0.06171875 0.040625 0.08125
0 0.68828125 0.06875 0.028125 0.04375
0 0.65390625 0.06640625 0.046875 0.065625
0 0.59921875 0.0859375 0.0453125 0.065625
0 0.565625 0.0828125 0.046875 0.065625
0 0.50546875 0.115625 0.05625 0.0625
0 0.52890625 0.0578125 0.04375 0.0625
0 0.49609375 0.0671875 0.04375 0.0625
0 0.45859375 0.08828125 0.0375 0.065625
0 0.4359375 0.0625 0.040625 0.05625
0 0.396875 0.06015625 0.046875 0.0734375
0 0.41875 0.25859375 0.053125 0.040625
0 0.52578125 0.321875 0.053125 0.034375
0 0.53515625 0.440625 0.053125 0.0375
0 0.41640625 0.43125 0.05 0.03125
0 0.3796875 0.425 0.05 0.034375
0 0.49921875 0.490625 0.040625 0.03125
0 0.46796875 0.4859375 0.04375 0.03125
0 0.44375 0.46484375 0.04375 0.028125
0 0.41875 0.490625 0.05 0.034375
0 0.4015625 0.51015625 0.0375 0.0234375
0 0.33984375 0.55859375 0.053125 0.0390625
0 0.3359375 0.609375 0.053125 0.0359375
0 0.2265625 0.603125 0.0515625 0.04375
0 0.21796875 0.690625 0.0625 0.034375
0 0.33828125 0.66015625 0.0484375 0.0375
0 0.26953125 0.534375 0.003125 0.0015625
0 0.32890625 0.4890625 0.05625 0.0328125
0 0.2953125 0.44921875 0.0640625 0.0359375
0 0.2375 0.4265625 0.065625 0.034375
0 0.1796875 0.403125 0.053125 0.05
0 0.22734375 0.40390625 0.065625 0.03125
0 0.15078125 0.16796875 0.075 0.05625
0 0.2015625 0.1734375 0.059375 0.046875
0 0.25625 0.1578125 0.0625 0.046875
0 0.253125 0.08359375 0.0640625 0.0546875
0 0.26796875 0.02734375 0.078125 0.053125