0 0.6515625 0.79921875 0.1 0.2078125
0 0.440625 0.51640625 0.08125 0.1875
0 0.26171875 0.1875 0.078125 0.20625
0 0.07109375 0.3421875 0.0875 0.221875
0 0.20703125 0.4609375 0.0796875 0.19375
0 0.059375 0.8328125 0.0828125 0.18125
0 0.69140625 0.44453125 0.0875 0.20625
0 0.90859375 0.43203125 0.09375 0.196875
0 0.759375 0.11640625 0.084375 0.2
0 0.66015625 0.1375 0.0875 0.225
0 0.6046875 0.47578125 0.071875 0.2265625
0 0.8 0.85234375 0.075 0.203125
0 0.36875 0.91328125 0.096875 0.1734375
0 0.115625 0.5953125 0.084375 0.24375
0 0.1390625 0.09765625 0.071875 0.1953125
0 0.55859375 0.321875 0.0625 0.153125
0 0.8703125 0.2234375 0.0875 0.209375
0 0.334375 0.590625 0.075 0.20625
0 0.9140625 0.70625 0.075 0.103125