0 0.90390625 0.61328125 0.13125 0.05625
0 0.953125 0.296875 0.09375 0.0515625
0 0.8203125 0.22734375 0.1046875 0.06875
0 0.74765625 0.08984375 0.1109375 0.071875
0 0.7015625 0.2125 0.0921875 0.06875
0 0.63671875 0.3328125 0.1046875 0.059375
0 0.66953125 0.396875 0.0890625 0.05
0 0.63203125 0.44609375 0.075 0.04375
0 0.72890625 0.5125 0.0921875 0.046875
0 0.5390625 0.540625 0.09375 0.0578125
0 0.67890625 0.6828125 0.084375 0.05625
0 0.5828125 0.1921875 0.0875 0.065625
0 0.56484375 0.15546875 0.090625 0.059375
0 0.4390625 0.134375 0.0859375 0.05625
0 0.47265625 0.3015625 0.084375 0.059375
0 0.3546875 0.26953125 0.0859375 0.053125
0 0.190625 0.23359375 0.096875 0.0625
0 0.19296875 0.41328125 0.103125 0.0609375
0 0.378125 0.4328125 0.096875 0.05625
0 0.3125 0.45703125 0.0734375 0.0484375
0 0.29375 0.4875 0.09375 0.05625
0 0.13359375 0.49140625 0.1 0.059375
0 0.04453125 0.51875 0.0890625 0.059375
0 0.12421875 0.5953125 0.0890625 0.05625
0 0.13046875 0.6609375 0.0984375 0.0578125
0 0.26484375 0.7140625 0.096875 0.05
0 0.315625 0.6703125 0.0765625 0.046875
0 0.33125 0.64140625 0.0671875 0.04375
0 0.37421875 0.5640625 0.08125 0.040625
0 0.39609375 0.61796875 0.078125 0.040625
0 0.3875 0.58828125 0.0640625 0.0328125
0 0.48515625 0.70390625 0.06875 0.0453125
0 0.49453125 0.73359375 0.071875 0.040625
0 0.48359375 0.86015625 0.078125 0.053125