0 0.11328125 0.13046875 0.0625 0.06640625
0 0.23515625 0.1921875 0.06953125 0.0828125
0 0.38203125 0.1859375 0.05234375 0.07109375
0 0.42734375 0.18515625 0.08046875 0.08203125
0 0.5328125 0.153125 0.05 0.0890625
0 0.7859375 0.07578125 0.06015625 0.07578125
0 0.81875 0.0796875 0.09453125 0.0578125
0 0.71796875 0.18125 0.075 0.08125
0 0.7578125 0.1859375 0.07734375 0.05859375
0 0.7015625 0.3078125 0.04609375 0.1046875
0 0.65859375 0.30625 0.0328125 0.0828125
0 0.61796875 0.30078125 0.059375 0.07734375
0 0.33984375 0.29609375 0.0765625 0.07890625
0 0.22109375 0.4359375 0.075 0.090625
0 0.15703125 0.47890625 0.05078125 0.08828125
0 0.3015625 0.4515625 0.0828125 0.09140625
0 0.4 0.34765625 0.05390625 0.10703125
0 0.44140625 0.334375 0.07109375 0.09609375
0 0.4734375 0.33984375 0.04140625 0.0765625
0 0.525 0.3546875 0.03828125 0.059375
0 0.51796875 0.315625 0.03125 0.07109375
0 0.553125 0.35625 0.03203125 0.09375
0 0.5890625 0.34140625 0.0515625 0.07265625
0 0.7328125 0.39140625 0.05234375 0.10078125
0 0.7953125 0.38125 0.04140625 0.1203125
0 0.834375 0.38046875 0.05 0.078125
0 0.871875 0.48359375 0.040625 0.109375
0 0.98359375 0.559375 0.0328125 0.08359375
0 0.48828125 0.45859375 0.1015625 0.08671875
0 0.4625 0.5296875 0.11875 0.07109375
0 0.62734375 0.465625 0.05703125 0.09375
0 0.66328125 0.47265625 0.0765625 0.09921875
0 0.64609375 0.42109375 0.0546875 0.07734375
0 0.62734375 0.40546875 0.046875 0.05234375
0 0.3625 0.51953125 0.07421875 0.0734375
0 0.37734375 0.5453125 0.06953125 0.0625
0 0.38671875 0.63984375 0.084375 0.10546875
0 0.28046875 0.58828125 0.09609375 0.10703125
0 0.7578125 0.609375 0.06796875 0.08515625
0 0.79921875 0.64453125 0.0765625 0.09375
0 0.74296875 0.659375 0.0703125 0.0625
0 0.78046875 0.70859375 0.05703125 0.06640625
0 0.8375 0.71796875 0.06953125 0.06953125
0 0.52265625 0.8203125 0.0671875 0.10546875
0 0.4640625 0.8109375 0.07421875 0.09453125
0 0.3078125 0.915625 0.08984375 0.10625
0 0.40234375 0.95703125 0.06640625 0.0859375
0 0.36875 0.93203125 0.05703125 0.06484375
0 0.33125 0.80234375 0.059375 0.08671875
0 0.27890625 0.78984375 0.06171875 0.08828125
0 0.23046875 0.78359375 0.0859375 0.0984375
0 0.31953125 0.72578125 0.05625 0.06640625
0 0.259375 0.71953125 0.053125 0.05078125
0 0.26875 0.68828125 0.07890625 0.04375
0 0.1859375 0.6875 0.0453125 0.10234375
0 0.15078125 0.6828125 0.06328125 0.0890625
0 0.09296875 0.64140625 0.03828125 0.06484375
0 0.11953125 0.65234375 0.04609375 0.05859375