0 0.665625 0.40234375 0.03046875 0.0421875
0 0.66015625 0.4359375 0.03828125 0.03515625
0 0.71953125 0.5546875 0.03984375 0.0546875
0 0.68125 0.5421875 0.03671875 0.05234375
0 0.66875 0.578125 0.04140625 0.04765625
0 0.7234375 0.74453125 0.0359375 0.05390625
0 0.75234375 0.7984375 0.04140625 0.05625
0 0.7125 0.79609375 0.03359375 0.05234375
0 0.96796875 0.88515625 0.046875 0.05703125
0 0.80859375 0.86640625 0.03828125 0.05234375
0 0.784375 0.88359375 0.03046875 0.05078125
0 0.81640625 0.91015625 0.03203125 0.04609375
0 0.7875 0.9484375 0.0375 0.04140625
0 0.55390625 0.86171875 0.04375 0.05859375
0 0.57734375 0.74140625 0.03359375 0.0390625
0 0.5765625 0.68515625 0.04140625 0.0546875
0 0.5515625 0.50703125 0.0328125 0.04453125
0 0.51953125 0.53671875 0.03671875 0.05546875
0 0.5375 0.5625 0.0390625 0.04609375
0 0.5265625 0.61171875 0.04140625 0.046875
0 0.4390625 0.6828125 0.0359375 0.04296875
0 0.44375 0.6484375 0.03828125 0.0390625
0 0.365625 0.734375 0.03671875 0.05390625
0 0.35546875 0.61328125 0.04375 0.05703125
0 0.328125 0.5296875 0.03515625 0.05625
0 0.40390625 0.4453125 0.0390625 0.05234375
0 0.47265625 0.3953125 0.040625 0.04375
0 0.471875 0.43359375 0.0390625 0.05
0 0.45234375 0.45546875 0.0375 0.04296875
0 0.4484375 0.48515625 0.03359375 0.04921875
0 0.42421875 0.5140625 0.034375 0.0421875
0 0.5203125 0.41328125 0.0359375 0.04921875
0 0.5 0.221875 0.0359375 0.0578125
0 0.4234375 0.33671875 0.034375 0.05
0 0.40546875 0.36484375 0.0375 0.04375
0 0.3578125 0.39453125 0.03515625 0.053125
0 0.32578125 0.44375 0.03359375 0.03984375
0 0.215625 0.4 0.05 0.071875
0 0.13125 0.490625 0.0484375 0.05
0 0.11328125 0.5234375 0.03984375 0.04296875
0 0.13125 0.28203125 0.04921875 0.0609375
0 0.29453125 0.2203125 0.04140625 0.0484375
0 0.334375 0.23203125 0.0375 0.04140625
0 0.3328125 0.27109375 0.034375 0.04765625
0 0.31015625 0.28203125 0.03515625 0.0453125
0 0.37890625 0.17109375 0.0375 0.05
0 0.38515625 0.13828125 0.0390625 0.05
0 0.30078125 0.11015625 0.04140625 0.0578125
0 0.2578125 0.10234375 0.03828125 0.0390625
0 0.25390625 0.1453125 0.03984375 0.0484375
0 0.165625 0.06953125 0.04296875 0.059375
0 0.1921875 0.02890625 0.03984375 0.04765625
0 0.15 0.13125 0.046875 0.0484375
0 0.0703125 0.0625 0.03984375 0.03984375
0 0.05859375 0.1 0.0390625 0.03984375
0 0.04453125 0.13828125 0.05625 0.046875
0 0.0296875 0.26015625 0.053125 0.04921875