0 0.0359375 0.43359375 0.071875 0.3546875
0 0.09921875 0.43359375 0.11015625 0.3890625
0 0.03359375 0.2203125 0.0671875 0.27421875
0 0.1609375 0.12734375 0.096875 0.2546875
0 0.253125 0.09140625 0.075 0.1828125
0 0.28125 0.259375 0.08359375 0.30234375
0 0.22734375 0.3515625 0.09375 0.2328125
0 0.178125 0.5125 0.13203125 0.42421875
0 0.26328125 0.56875 0.0984375 0.33125
0 0.328125 0.64296875 0.0921875 0.36953125
0 0.3875 0.68671875 0.1046875 0.3796875
0 0.61484375 0.85 0.1140625 0.3
0 0.71953125 0.84453125 0.15859375 0.3109375
0 0.6234375 0.453125 0.13046875 0.34609375
0 0.45625 0.3078125 0.09296875 0.32421875
0 0.371875 0.1890625 0.0875 0.2796875
0 0.49765625 0.159375 0.0609375 0.159375
0 0.5703125 0.17890625 0.06484375 0.2546875
0 0.6171875 0.21171875 0.07109375 0.29609375
0 0.71484375 0.359375 0.07890625 0.38671875
0 0.78671875 0.3875 0.0890625 0.41015625
0 0.878125 0.22890625 0.07734375 0.26875
0 0.89453125 0.40234375 0.103125 0.3265625
0 0.90703125 0.678125 0.121875 0.41640625
0 0.95859375 0.23984375 0.0625 0.15546875