0 0.52734375 0.94296875 0.3640625 0.1078125
0 0.48046875 0.8703125 0.3765625 0.1
0 0.39609375 0.915625 0.203125 0.0953125
0 0.475 0.75546875 0.353125 0.096875
0 0.5234375 0.69140625 0.440625 0.090625
0 0.50390625 0.62734375 0.421875 0.090625
0 0.41171875 0.590625 0.2171875 0.0625
0 0.5078125 0.52890625 0.365625 0.0703125
0 0.5015625 0.45 0.4953125 0.1
0 0.4734375 0.38046875 0.4796875 0.0890625
0 0.3296875 0.33984375 0.2375 0.09375
0 0.56015625 0.27109375 0.7640625 0.140625
0 0.33984375 0.1796875 0.2984375 0.09375
0 0.6 0.06875 0.765625 0.134375