0 0.75859375 0.0640625 0.4828125 0.128125
0 0.7765625 0.15234375 0.446875 0.0953125
0 0.8265625 0.89921875 0.346875 0.0921875
0 0.759375 0.28828125 0.3453125 0.065625
0 0.7625 0.42421875 0.309375 0.075
0 0.77578125 0.57734375 0.375 0.0734375
0 0.76875 0.665625 0.328125 0.075
0 0.71796875 0.809375 0.315625 0.08125
0 0.72265625 0.7125 0.2234375 0.0625
0 0.63359375 0.675 0.103125 0.053125
0 0.7203125 0.53515625 0.26875 0.0640625
0 0.78671875 0.96171875 0.365625 0.0765625
0 0.72109375 0.86171875 0.2078125 0.0671875
0 0.72265625 0.22421875 0.259375 0.05625
0 0.66015625 0.3703125 0.140625 0.0390625
0 0.6203125 0.40390625 0.121875 0.0453125
0 0.64609375 0.49921875 0.175 0.046875
0 0.6328125 0.3125 0.153125 0.0359375
0 0.60546875 0.27890625 0.1375 0.0453125
0 0.60234375 0.33671875 0.121875 0.0375
0 0.59453125 0.628125 0.103125 0.040625
0 0.659375 0.75859375 0.1828125 0.0375
0 0.60234375 0.7296875 0.103125 0.04375