0 0.0359375 0.56640625 0.071875 0.3546875
0 0.09921875 0.56640625 0.109375 0.3890625
0 0.03359375 0.7796875 0.0671875 0.275
0 0.1609375 0.87265625 0.096875 0.2546875
0 0.253125 0.90859375 0.075 0.1828125
0 0.28125 0.740625 0.084375 0.303125
0 0.22734375 0.6484375 0.09375 0.2328125
0 0.178125 0.4875 0.13125 0.425
0 0.26328125 0.43125 0.0984375 0.33125
0 0.328125 0.35703125 0.0921875 0.36875
0 0.3875 0.31328125 0.1046875 0.3796875
0 0.61484375 0.15 0.1140625 0.3
0 0.71953125 0.15546875 0.159375 0.3109375
0 0.6234375 0.546875 0.13125 0.346875
0 0.45625 0.6921875 0.09375 0.325
0 0.371875 0.8109375 0.0875 0.2796875
0 0.49765625 0.840625 0.0609375 0.159375
0 0.5703125 0.82109375 0.065625 0.2546875
0 0.6171875 0.78828125 0.071875 0.296875
0 0.71484375 0.640625 0.078125 0.3875
0 0.78671875 0.6125 0.0890625 0.409375
0 0.878125 0.77109375 0.078125 0.26875
0 0.89453125 0.59765625 0.103125 0.3265625
0 0.90703125 0.321875 0.121875 0.415625
0 0.95859375 0.76015625 0.0625 0.15625