0 0.45 0.8328125 0.1921875 0.259375
0 0.12734375 0.809375 0.125 0.2375
0 0.7953125 0.7890625 0.121875 0.19375
0 0.6671875 0.77109375 0.1125 0.1703125
0 0.5921875 0.775 0.078125 0.1546875
0 0.86875 0.78515625 0.115625 0.1796875
0 0.475 0.69140625 0.0515625 0.0453125
0 0.25 0.74375 0.075 0.1
0 0.034375 0.73984375 0.06875 0.1171875
0 0.2234375 0.715625 0.05625 0.0859375
0 0.70078125 0.72265625 0.05 0.0953125
0 0.6578125 0.69453125 0.0375 0.059375
0 0.73671875 0.71796875 0.0578125 0.0875
0 0.50859375 0.728125 0.0625 0.090625
0 0.3921875 0.71875 0.0515625 0.0828125
0 0.43046875 0.7046875 0.0609375 0.075
0 0.98125 0.728125 0.0375 0.0765625
0 0.93984375 0.721875 0.05 0.0890625
0 0.89609375 0.70078125 0.046875 0.0546875