0 0.375 0.13203125 0.071875 0.2640625
0 0.52890625 0.11796875 0.0921875 0.2359375
0 0.1734375 0.10546875 0.1125 0.2109375
0 0.26875 0.0953125 0.0609375 0.190625
0 0.43046875 0.090625 0.0546875 0.128125
0 0.73515625 0.15078125 0.059375 0.165625
0 0.68984375 0.16640625 0.05625 0.171875
0 0.65078125 0.15625 0.0640625 0.1921875
0 0.81796875 0.16171875 0.0375 0.134375
0 0.85078125 0.17265625 0.034375 0.1359375
0 0.77265625 0.178125 0.025 0.1328125
0 0.8953125 0.178125 0.028125 0.11875
0 0.9109375 0.1890625 0.0203125 0.1140625