0 0.91875 0.22265625 0.0515625 0.1140625
0 0.84921875 0.19296875 0.06015625 0.0921875
0 0.72421875 0.13359375 0.0546875 0.0984375
0 0.7765625 0.246875 0.04375 0.090625
0 0.66875 0.203125 0.04921875 0.09453125
0 0.5859375 0.18671875 0.0421875 0.09140625
0 0.5125 0.09453125 0.04765625 0.10390625
0 0.47890625 0.0953125 0.04453125 0.09375
0 0.3765625 0.20546875 0.053125 0.08984375
0 0.54140625 0.2578125 0.046875 0.08671875
0 0.66875 0.328125 0.053125 0.08984375
0 0.69921875 0.4296875 0.0484375 0.096875
0 0.65 0.4921875 0.05078125 0.096875
0 0.828125 0.7234375 0.03125 0.0890625
0 0.85234375 0.72421875 0.03828125 0.1
0 0.8765625 0.8015625 0.04921875 0.1078125
0 0.75703125 0.85 0.04375 0.09609375
0 0.57734375 0.3546875 0.0390625 0.08828125
0 0.5140625 0.39140625 0.04453125 0.065625
0 0.52109375 0.4234375 0.02890625 0.0453125
0 0.51953125 0.47890625 0.02421875 0.08046875
0 0.54921875 0.4765625 0.02890625 0.07265625
0 0.57890625 0.48203125 0.03125 0.06015625
0 0.57890625 0.5296875 0.0328125 0.05625
0 0.571875 0.57265625 0.0265625 0.06328125
0 0.61796875 0.60234375 0.03671875 0.05390625
0 0.475 0.43046875 0.0359375 0.0515625
0 0.4828125 0.47421875 0.034375 0.07734375
0 0.50859375 0.55234375 0.034375 0.053125
0 0.540625 0.5640625 0.02421875 0.071875
0 0.51015625 0.60703125 0.03671875 0.053125
0 0.5109375 0.74921875 0.0359375 0.07734375
0 0.4390625 0.85078125 0.0484375 0.0703125
0 0.43125 0.5671875 0.0375 0.0890625
0 0.40234375 0.56640625 0.03359375 0.08125
0 0.375 0.58203125 0.03359375 0.08203125
0 0.34453125 0.49140625 0.03984375 0.08046875
0 0.3015625 0.37421875 0.046875 0.06953125
0 0.18984375 0.47890625 0.046875 0.08125
0 0.08046875 0.4296875 0.04609375 0.06796875
0 0.259375 0.59921875 0.040625 0.078125
0 0.3 0.62265625 0.0375 0.06953125
0 0.11875 0.6890625 0.0609375 0.07578125
0 0.02421875 0.77890625 0.04765625 0.0703125