0 0.1546875 0.24453125 0.12890625 0.21484375
0 0.09375 0.4703125 0.121875 0.2328125
0 0.215625 0.75546875 0.1421875 0.21953125
0 0.3421875 0.5796875 0.13515625 0.22109375
0 0.36484375 0.22890625 0.14765625 0.20390625
0 0.4984375 0.38046875 0.140625 0.2359375
0 0.6046875 0.6046875 0.134375 0.22265625
0 0.48125 0.7921875 0.14453125 0.221875
0 0.72578125 0.75234375 0.1265625 0.22421875
0 0.86953125 0.61796875 0.14375 0.21328125
0 0.73203125 0.48203125 0.128125 0.2390625
0 0.90234375 0.271875 0.13828125 0.21875
0 0.67578125 0.246875 0.1515625 0.20703125