0 0.39140625 0.9546875 0.14765625 0.08984375
0 0.16171875 0.91796875 0.1796875 0.1640625
0 0.03046875 0.93515625 0.0609375 0.1265625
0 0.8671875 0.82421875 0.16875 0.2296875
0 0.490625 0.70234375 0.10703125 0.18203125
0 0.40234375 0.68125 0.08359375 0.18828125
0 0.27265625 0.6953125 0.1078125 0.19296875
0 0.4515625 0.5859375 0.09609375 0.0609375
0 0.32109375 0.58359375 0.07421875 0.1046875
0 0.26875 0.5734375 0.1109375 0.0671875
0 0.28359375 0.6015625 0.07265625 0.06953125
0 0.053125 0.55859375 0.0828125 0.13984375
0 0.4796875 0.50390625 0.07421875 0.14453125
0 0.88515625 0.55390625 0.07421875 0.11484375
0 0.903125 0.65625 0.065625 0.1328125
0 0.95 0.62890625 0.1 0.1421875
0 0.9796875 0.59453125 0.040625 0.04921875
0 0.36953125 0.48671875 0.0421875 0.1078125
0 0.32890625 0.484375 0.06015625 0.115625
0 0.2625 0.44609375 0.05 0.08203125
0 0.1140625 0.4578125 0.06171875 0.10390625
0 0.06640625 0.459375 0.04453125 0.09921875
0 0.02421875 0.4609375 0.04765625 0.0828125
0 0.48671875 0.415625 0.04453125 0.07421875
0 0.50625 0.43515625 0.07109375 0.07109375
0 0.5875 0.4453125 0.0546875 0.0984375
0 0.8546875 0.44453125 0.059375 0.103125
0 0.92890625 0.43203125 0.08671875 0.10703125
0 0.9734375 0.43984375 0.053125 0.0859375
0 0.23203125 0.37734375 0.03203125 0.040625
0 0.18671875 0.378125 0.075 0.04140625