0 0.93515625 0.88359375 0.1296875 0.2203125
0 0.771875 0.88046875 0.14375 0.221875
0 0.53828125 0.8796875 0.1421875 0.240625
0 0.35625 0.90859375 0.1578125 0.1828125
0 0.203125 0.903125 0.140625 0.19375
0 0.04921875 0.93359375 0.0953125 0.1328125
0 0.09609375 0.85546875 0.10625 0.0953125
0 0.025 0.84921875 0.05 0.0609375
0 0.47109375 0.74765625 0.1125 0.215625
0 0.56484375 0.69765625 0.1125 0.1875
0 0.66640625 0.6671875 0.109375 0.0875
0 0.66328125 0.809375 0.1921875 0.271875
0 0.91328125 0.684375 0.1203125 0.121875
0 0.853125 0.728125 0.18125 0.125
0 0.78671875 0.671875 0.1125 0.103125
0 0.98359375 0.6484375 0.03125 0.1515625
0 0.94375 0.6203125 0.071875 0.078125
0 0.87734375 0.57421875 0.11875 0.121875
0 0.66484375 0.60234375 0.0953125 0.115625
0 0.7640625 0.5796875 0.103125 0.153125
0 0.85234375 0.50859375 0.090625 0.0875
0 0.9296875 0.5296875 0.1 0.096875
0 0.59765625 0.54921875 0.0859375 0.171875
0 0.5234375 0.53671875 0.121875 0.2125
0 0.39296875 0.6375 0.1390625 0.234375
0 0.6984375 0.4578125 0.075 0.0875
0 0.78125 0.46328125 0.09375 0.103125
0 0.9390625 0.446875 0.0859375 0.128125
0 0.82734375 0.421875 0.0625 0.109375
0 0.8890625 0.3828125 0.046875 0.05625
0 0.98515625 0.40390625 0.0296875 0.0875
0 0.80390625 0.359375 0.0671875 0.05625
0 0.90390625 0.35390625 0.0625 0.0484375
0 0.97109375 0.3609375 0.0578125 0.065625
0 0.75390625 0.35390625 0.0546875 0.0625
0 0.7015625 0.39609375 0.059375 0.05
0 0.73984375 0.38828125 0.0625 0.046875
0 0.6234375 0.4328125 0.0625 0.1078125
0 0.665625 0.37109375 0.071875 0.0609375
0 0.96796875 0.32109375 0.059375 0.059375
0 0.91953125 0.31328125 0.059375 0.028125
0 0.89921875 0.32421875 0.0625 0.028125
0 0.83046875 0.32734375 0.0625 0.053125
0 0.77734375 0.31484375 0.059375 0.0421875
0 0.84921875 0.30546875 0.0578125 0.046875
0 0.71953125 0.30546875 0.0515625 0.0671875
0 0.78984375 0.2828125 0.059375 0.040625
0 0.8671875 0.278125 0.053125 0.0328125
0 0.834375 0.2703125 0.0515625 0.034375
0 0.94453125 0.2859375 0.05625 0.0375
0 0.90234375 0.25859375 0.06875 0.05
0 0.228125 0.7046875 0.1359375 0.2109375
0 0.071875 0.7296875 0.115625 0.1546875
0 0.15625 0.71015625 0.0796875 0.1421875
0 0.08203125 0.64453125 0.096875 0.071875
0 0.040625 0.64140625 0.05625 0.0671875
0 0.08359375 0.5984375 0.103125 0.06875
0 0.0625 0.53828125 0.125 0.0859375
0 0.01328125 0.60234375 0.0265625 0.078125
0 0.26484375 0.56015625 0.084375 0.08125
0 0.24765625 0.47421875 0.1 0.084375
0 0.32421875 0.4765625 0.1109375 0.0859375
0 0.4203125 0.48515625 0.071875 0.0875
0 0.221875 0.43046875 0.0765625 0.05
0 0.1859375 0.51796875 0.06875 0.109375
0 0.1203125 0.478125 0.109375 0.1953125
0 0.03046875 0.4515625 0.0609375 0.11875
0 0.190625 0.38359375 0.0796875 0.0625
0 0.365625 0.428125 0.05625 0.0625
0 0.421875 0.41953125 0.0796875 0.0640625
0 0.0890625 0.3703125 0.04375 0.0546875
0 0.03046875 0.3890625 0.05625 0.053125
0 0.075 0.34453125 0.06875 0.053125
0 0.03515625 0.35390625 0.065625 0.065625
0 0.11796875 0.321875 0.0640625 0.0453125
0 0.15234375 0.34765625 0.0578125 0.046875
0 0.30234375 0.32890625 0.0609375 0.053125
0 0.2578125 0.32734375 0.053125 0.0375
0 0.29453125 0.38515625 0.071875 0.046875
0 0.36640625 0.3484375 0.0703125 0.0640625
0 0.41953125 0.3859375 0.0671875 0.05625
0 0.4875 0.3921875 0.0625 0.0578125
0 0.47734375 0.43046875 0.0625 0.0625
0 0.56171875 0.38515625 0.071875 0.0609375
0 0.44921875 0.3359375 0.078125 0.0578125
0 0.25859375 0.2671875 0.0515625 0.05
0 0.36875 0.3015625 0.0484375 0.046875
0 0.5921875 0.35390625 0.046875 0.034375
0 0.65625 0.3265625 0.0375 0.0359375
0 0.69453125 0.325 0.046875 0.046875
0 0.56640625 0.29609375 0.065625 0.0640625
0 0.615625 0.31796875 0.0421875 0.0453125
0 0.53046875 0.36875 0.05 0.04375
0 0.49296875 0.31171875 0.0625 0.034375
0 0.65390625 0.26640625 0.059375 0.071875
0 0.596875 0.27265625 0.0453125 0.040625
0 0.6265625 0.3 0.05625 0.040625
0 0.415625 0.2765625 0.0625 0.0328125
0 0.4234375 0.3046875 0.0640625 0.04375
0 0.30703125 0.27421875 0.053125 0.03125
0 0.3515625 0.2625 0.05625 0.0375
0 0.3828125 0.240625 0.0484375 0.034375
0 0.41875 0.25234375 0.040625 0.040625
0 0.4796875 0.26171875 0.065625 0.046875
0 0.2875 0.3015625 0.04375 0.0375
0 0.20703125 0.29453125 0.0609375 0.059375
0 0.15625 0.2921875 0.0625 0.059375
0 0.1796875 0.2625 0.0625 0.046875
0 0.18125 0.23515625 0.06875 0.046875
0 0.24609375 0.2234375 0.040625 0.0609375
0 0.2875 0.2078125 0.05625 0.053125
0 0.3015625 0.240625 0.0890625 0.059375
0 0.1234375 0.246875 0.0515625 0.1125
0 0.03046875 0.29296875 0.0609375 0.0875
0 0.05 0.23359375 0.059375 0.1140625
0 0.01953125 0.22109375 0.0390625 0.059375
0 0.07578125 0.17578125 0.065625 0.040625
0 0.12265625 0.17578125 0.059375 0.034375
0 0.0375 0.1640625 0.0453125 0.04375
0 0.22734375 0.2015625 0.0625 0.09375
0 0.35 0.19375 0.04375 0.0875
0 0.43046875 0.19296875 0.04375 0.0640625
0 0.45390625 0.2203125 0.05 0.034375
0 0.390625 0.22890625 0.05 0.034375
0 0.5109375 0.215625 0.0625 0.0421875
0 0.53359375 0.259375 0.071875 0.025
0 0.55390625 0.21796875 0.0484375 0.0328125
0 0.60234375 0.22890625 0.0453125 0.046875
0 0.5625 0.23828125 0.0375 0.03125
0 0.70625 0.26015625 0.046875 0.0328125
0 0.76484375 0.253125 0.040625 0.0328125
0 0.8015625 0.2484375 0.034375 0.0265625
0 0.8359375 0.25078125 0.04375 0.0328125
0 0.7 0.22421875 0.046875 0.05625
0 0.63046875 0.209375 0.053125 0.0515625
0 0.678125 0.2 0.0515625 0.05625
0 0.72734375 0.19453125 0.046875 0.071875
0 0.76796875 0.22109375 0.05 0.053125
0 0.83671875 0.209375 0.059375 0.065625
0 0.80390625 0.203125 0.0375 0.0421875
0 0.88359375 0.20546875 0.0375 0.0359375
0 0.89765625 0.21328125 0.03125 0.03125
0 0.9578125 0.22578125 0.03125 0.0328125
0 0.98828125 0.20859375 0.021875 0.028125
0 0.91015625 0.18359375 0.040625 0.0375
0 0.96484375 0.19765625 0.0390625 0.034375
0 0.6734375 0.16875 0.05 0.05
0 0.621875 0.16171875 0.0625 0.05625
0 0.56953125 0.16640625 0.040625 0.071875
0 0.509375 0.16640625 0.04375 0.0796875
0 0.53515625 0.165625 0.0421875 0.09375
0 0.62578125 0.12734375 0.04375 0.034375
0 0.653125 0.13515625 0.0375 0.046875
0 0.68671875 0.1296875 0.040625 0.046875
0 0.71171875 0.14296875 0.0421875 0.05
0 0.7390625 0.14765625 0.0328125 0.03125
0 0.77734375 0.1703125 0.0375 0.0375
0 0.8109375 0.1671875 0.0515625 0.040625
0 0.8578125 0.1625 0.0296875 0.0265625
0 0.8890625 0.16015625 0.040625 0.0265625
0 0.946875 0.16640625 0.034375 0.03125
0 0.98828125 0.17890625 0.021875 0.040625
0 0.9765625 0.1578125 0.028125 0.03125
0 0.93359375 0.14375 0.046875 0.03125
0 0.8203125 0.1359375 0.0484375 0.0375
0 0.66953125 0.53125 0.084375 0.065625