0 0.38125 0.8453125 0.2546875 0.08125
0 0.44140625 0.86796875 0.178125 0.075
0 0.43671875 0.81640625 0.2 0.0671875
0 0.48828125 0.77734375 0.165625 0.0515625
0 0.415625 0.753125 0.2640625 0.065625
0 0.41328125 0.69296875 0.25 0.078125
0 0.41796875 0.65390625 0.265625 0.078125
0 0.4171875 0.59609375 0.234375 0.065625
0 0.4109375 0.571875 0.20625 0.065625
0 0.42421875 0.5328125 0.2328125 0.0703125
0 0.4859375 0.51328125 0.1484375 0.0484375
0 0.41640625 0.4953125 0.24375 0.0671875
0 0.4203125 0.44453125 0.1875 0.071875
0 0.42734375 0.38828125 0.209375 0.059375
0 0.43046875 0.35078125 0.2125 0.04375
0 0.41875 0.3265625 0.175 0.046875
0 0.42578125 0.296875 0.2 0.053125
0 0.43671875 0.25859375 0.165625 0.040625
0 0.4375 0.2375 0.1765625 0.04375
0 0.43828125 0.2 0.209375 0.08125
0 0.44140625 0.16328125 0.178125 0.059375
0 0.44453125 0.10390625 0.1625 0.053125
0 0.4359375 0.06328125 0.140625 0.0515625
0 0.4359375 0.03046875 0.1703125 0.05