0 0.57421875 0.84921875 0.0359375 0.2
0 0.54921875 0.91796875 0.0265625 0.05625
0 0.48515625 0.84453125 0.040625 0.203125
0 0.45390625 0.7453125 0.05 0.2109375
0 0.51171875 0.68515625 0.046875 0.203125
0 0.5875 0.62890625 0.053125 0.2
0 0.6359375 0.6171875 0.05625 0.190625
0 0.6015625 0.46640625 0.065625 0.2609375
0 0.52265625 0.525 0.05625 0.21875
0 0.54921875 0.38515625 0.059375 0.20625
0 0.48984375 0.296875 0.0625 0.2578125
0 0.53046875 0.20703125 0.0671875 0.275
0 0.425 0.49609375 0.05 0.246875
0 0.384375 0.4421875 0.0515625 0.253125
0 0.3390625 0.50546875 0.0578125 0.275
0 0.3546875 0.7046875 0.05625 0.2203125
0 0.25546875 0.721875 0.046875 0.23125
0 0.20859375 0.7171875 0.0390625 0.2375
0 0.15546875 0.82109375 0.0390625 0.209375
0 0.01796875 0.7515625 0.0359375 0.196875
0 0.0953125 0.7875 0.05 0.190625
0 0.18671875 0.5875 0.0484375 0.225
0 0.140625 0.63359375 0.0484375 0.1578125
0 0.14765625 0.5015625 0.0515625 0.26875
0 0.09140625 0.5328125 0.0640625 0.23125
0 0.03046875 0.39921875 0.0609375 0.2875
0 0.1125 0.32109375 0.0609375 0.228125
0 0.11484375 0.12421875 0.0828125 0.2484375
0 0.03125 0.11953125 0.0625 0.2375
0 0.24453125 0.115625 0.0796875 0.215625
0 0.3140625 0.0890625 0.06875 0.178125
0 0.2984375 0.303125 0.0640625 0.2875
0 0.29609375 0.46875 0.0625 0.14375
0 0.390625 0.17578125 0.0734375 0.3109375
0 0.765625 0.1296875 0.0734375 0.246875
0 0.85390625 0.12578125 0.0828125 0.2515625
0 0.96640625 0.1046875 0.065625 0.209375
0 0.71953125 0.31640625 0.06875 0.275
0 0.73359375 0.46875 0.05625 0.171875
0 0.78984375 0.40703125 0.053125 0.290625
0 0.73125 0.61328125 0.05625 0.2234375
0 0.77890625 0.64921875 0.0546875 0.115625
0 0.7828125 0.56015625 0.0578125 0.0921875
0 0.8234375 0.653125 0.05625 0.1625
0 0.83046875 0.46953125 0.053125 0.246875
0 0.88203125 0.50546875 0.065625 0.25625
0 0.9078125 0.721875 0.0578125 0.128125
0 0.89765625 0.65 0.0625 0.1125
0 0.97890625 0.5984375 0.0421875 0.140625
0 0.96953125 0.47578125 0.0609375 0.2453125