0 0.50546875 0.6984375 0.1125 0.5640625
0 0.76484375 0.56171875 0.0625 0.234375
0 0.88203125 0.55859375 0.059375 0.2078125
0 0.9265625 0.55390625 0.0625 0.2125
0 0.41796875 0.59140625 0.071875 0.265625
0 0.61640625 0.58515625 0.0609375 0.2296875
0 0.66328125 0.553125 0.0390625 0.175
0 0.2640625 0.61328125 0.0734375 0.3125
0 0.2 0.659375 0.06875 0.38125
0 0.13359375 0.63125 0.0921875 0.425
0 0.36015625 0.5375 0.03125 0.146875
0 0.3296875 0.540625 0.0421875 0.1625
0 0.39140625 0.5234375 0.025 0.109375
0 0.8109375 0.54453125 0.025 0.10625
0 0.7046875 0.509375 0.0234375 0.096875
0 0.68515625 0.51015625 0.0296875 0.0953125