0 0.3296875 0.2 0.121875 0.4
0 0.36484375 0.32109375 0.084375 0.1890625
0 0.47890625 0.1890625 0.1796875 0.378125
0 0.5453125 0.296875 0.0875 0.253125
0 0.62109375 0.17734375 0.1421875 0.353125
0 0.7484375 0.18046875 0.1625 0.359375
0 0.82734375 0.23828125 0.096875 0.334375
0 0.92265625 0.27109375 0.06875 0.309375
0 0.9640625 0.2953125 0.071875 0.2625
0 0.72890625 0.34765625 0.053125 0.14375
0 0.6875 0.3546875 0.0640625 0.15
0 0.6046875 0.3546875 0.0703125 0.1328125
0 0.4515625 0.3640625 0.05 0.0984375
0 0.41484375 0.35703125 0.053125 0.153125
0 0.17421875 0.33046875 0.059375 0.1328125
0 0.21796875 0.32109375 0.059375 0.19375
0 0.790625 0.3859375 0.05 0.096875