0 0.1734375 0.61953125 0.05625 0.33671875
0 0.26875 0.63359375 0.0515625 0.28359375
0 0.321875 0.61875 0.0453125 0.3203125
0 0.3515625 0.60859375 0.04375 0.23515625
0 0.40625 0.615625 0.03984375 0.22109375
0 0.4921875 0.6171875 0.04609375 0.3203125
0 0.3859375 0.628125 0.025 0.13984375
0 0.4546875 0.59140625 0.01640625 0.1265625
0 0.56953125 0.61171875 0.0296875 0.17109375
0 0.61171875 0.61484375 0.02734375 0.17421875
0 0.54765625 0.5921875 0.0171875 0.12578125
0 0.525 0.590625 0.0203125 0.1296875
0 0.5859375 0.58984375 0.01328125 0.1
0 0.63671875 0.58984375 0.0109375 0.0625
0 0.6515625 0.5875 0.0109375 0.06328125
0 0.765625 0.5703125 0.01484375 0.053125
0 0.79921875 0.5890625 0.01171875 0.0875
0 0.9265625 0.61171875 0.0203125 0.103125
0 0.9484375 0.61640625 0.01953125 0.09609375
0 0.9625 0.59921875 0.02265625 0.12578125
0 0.7203125 0.58125 0.0140625 0.06171875
0 0.04609375 0.56875 0.03828125 0.0796875
0 0.06875 0.590625 0.0421875 0.06328125
0 0.1046875 0.59609375 0.03046875 0.07421875
0 0.0890625 0.57109375 0.01953125 0.06796875
0 0.13828125 0.5734375 0.02265625 0.16875
0 0.2109375 0.59609375 0.02265625 0.08671875
0 0.19609375 0.58203125 0.01015625 0.06171875
0 0.228125 0.5828125 0.01875 0.0859375