0 0.21171875 0.2796875 0.07109375 0.23515625
0 0.1 0.20703125 0.0546875 0.1546875
0 0.31328125 0.33046875 0.06015625 0.20390625
0 0.1515625 0.8390625 0.0921875 0.3140625
0 0.32890625 0.85234375 0.10625 0.26171875
0 0.51484375 0.875 0.0921875 0.2421875
0 0.28203125 0.5046875 0.0828125 0.165625
0 0.2703125 0.68828125 0.0734375 0.19453125
0 0.18515625 0.56015625 0.09296875 0.2109375
0 0.0421875 0.46328125 0.06484375 0.17421875
0 0.0515625 0.62109375 0.08125 0.20703125
0 0.08984375 0.6953125 0.08203125 0.18828125
0 0.34140625 0.3953125 0.078125 0.2015625
0 0.5359375 0.45859375 0.0765625 0.23515625
0 0.4796875 0.49140625 0.065625 0.14453125
0 0.40234375 0.68359375 0.0875 0.1875
0 0.67734375 0.909375 0.1265625 0.18125
0 0.91640625 0.7421875 0.0640625 0.1875
0 0.78984375 0.78828125 0.1046875 0.2125
0 0.96640625 0.55625 0.0671875 0.16875
0 0.8875 0.55859375 0.0828125 0.23515625
0 0.8375 0.37421875 0.0734375 0.17421875
0 0.6265625 0.390625 0.0609375 0.12578125
0 0.6 0.5140625 0.0796875 0.1578125
0 0.7765625 0.3265625 0.06796875 0.159375
0 0.92109375 0.2703125 0.065625 0.1
0 0.7046875 0.2515625 0.05390625 0.121875
0 0.5984375 0.234375 0.04609375 0.0875
0 0.52109375 0.2421875 0.05234375 0.09765625
0 0.45546875 0.2140625 0.05625 0.11328125
0 0.11640625 0.08046875 0.0421875 0.07421875