0 0.7828125 0.56640625 0.15 0.778125
0 0.54375 0.440625 0.103125 0.5390625
0 0.67734375 0.4109375 0.1359375 0.5734375
0 0.32265625 0.3046875 0.08125 0.3640625
0 0.4484375 0.34140625 0.071875 0.38125
0 0.3953125 0.33203125 0.084375 0.3828125
0 0.83359375 0.32421875 0.096875 0.3703125
0 0.6046875 0.28046875 0.05 0.25
0 0.12421875 0.3359375 0.0625 0.2859375
0 0.08203125 0.30390625 0.065625 0.2875
0 0.0265625 0.31484375 0.053125 0.3265625
0 0.215625 0.30078125 0.0625 0.2671875
0 0.275 0.31640625 0.0625 0.2375