0 0.17578125 0.4703125 0.1625 0.09375
0 0.165625 0.528125 0.1625 0.15
0 0.12578125 0.71484375 0.178125 0.1015625
0 0.09765625 0.83046875 0.165625 0.1265625
0 0.303125 0.86015625 0.2015625 0.1375
0 0.4390625 0.7375 0.1984375 0.153125
0 0.43359375 0.56015625 0.221875 0.134375
0 0.4625 0.45546875 0.2296875 0.146875
0 0.45078125 0.35078125 0.184375 0.115625
0 0.459375 0.2609375 0.1671875 0.15
0 0.4765625 0.09921875 0.209375 0.125
0 0.6171875 0.28046875 0.2078125 0.128125
0 0.61953125 0.18046875 0.1390625 0.121875
0 0.75390625 0.18203125 0.1265625 0.125
0 0.87734375 0.1609375 0.16875 0.121875
0 0.91953125 0.33203125 0.1390625 0.153125
0 0.85546875 0.4140625 0.15 0.15625
0 0.69453125 0.55859375 0.171875 0.14375
0 0.678125 0.64609375 0.190625 0.1078125
0 0.9328125 0.77109375 0.128125 0.2234375
0 0.86484375 0.63515625 0.20625 0.1296875
0 0.85234375 0.53359375 0.209375 0.13125