0 0.58515625 0.7859375 0.5765625 0.146875
0 0.584375 0.66796875 0.521875 0.1265625
0 0.571875 0.53203125 0.609375 0.13125
0 0.60234375 0.2328125 0.49375 0.10625
0 0.5796875 0.3765625 0.521875 0.096875
0 0.58515625 0.90078125 0.540625 0.1234375
0 0.55703125 0.453125 0.4 0.078125
0 0.44921875 0.27109375 0.2265625 0.0640625
0 0.36640625 0.2125 0.11875 0.0625
0 0.415625 0.17890625 0.11875 0.0515625
0 0.60390625 0.13828125 0.459375 0.084375
0 0.45703125 0.09296875 0.2 0.075
0 0.38359375 0.05234375 0.215625 0.096875
0 0.571875 0.028125 0.4515625 0.0515625
0 0.509375 0.31875 0.2953125 0.0640625