0 0.1734375 0.38046875 0.05625 0.3375
0 0.26875 0.36640625 0.0515625 0.284375
0 0.321875 0.38125 0.0453125 0.3203125
0 0.3515625 0.39140625 0.04375 0.234375
0 0.40625 0.384375 0.040625 0.221875
0 0.4921875 0.3828125 0.046875 0.3203125
0 0.3859375 0.371875 0.025 0.140625
0 0.4546875 0.40859375 0.015625 0.1265625
0 0.56953125 0.38828125 0.0296875 0.171875
0 0.61171875 0.38515625 0.028125 0.175
0 0.54765625 0.4078125 0.0171875 0.125
0 0.525 0.409375 0.0203125 0.1296875
0 0.5859375 0.41015625 0.0125 0.1
0 0.63671875 0.41015625 0.0109375 0.0625
0 0.6515625 0.4125 0.0109375 0.0625
0 0.765625 0.4296875 0.015625 0.053125
0 0.79921875 0.4109375 0.0125 0.0875
0 0.9265625 0.38828125 0.0203125 0.103125
0 0.9484375 0.38359375 0.01875 0.096875
0 0.9625 0.40078125 0.021875 0.125
0 0.7203125 0.41875 0.0140625 0.0625
0 0.04609375 0.43125 0.0390625 0.0796875
0 0.06875 0.409375 0.0421875 0.0625
0 0.1046875 0.40390625 0.03125 0.075
0 0.0890625 0.42890625 0.0203125 0.06875
0 0.13828125 0.4265625 0.0234375 0.16875
0 0.2109375 0.40390625 0.0234375 0.0875
0 0.19609375 0.41796875 0.0109375 0.0625
0 0.228125 0.4171875 0.01875 0.0859375