0 0.81328125 0.4984375 0.3625 0.178125
0 0.80859375 0.35 0.359375 0.1484375
0 0.7859375 0.18828125 0.428125 0.1921875
0 0.7984375 0.0578125 0.321875 0.115625
0 0.653125 0.065625 0.1453125 0.065625
0 0.63046875 0.0171875 0.059375 0.034375
0 0.76484375 0.76171875 0.234375 0.096875
0 0.69375 0.81328125 0.115625 0.1015625
0 0.69921875 0.9421875 0.1421875 0.0453125
0 0.68671875 0.96796875 0.1265625 0.053125
0 0.68671875 0.86640625 0.0953125 0.0609375
0 0.6578125 0.63125 0.06875 0.075
0 0.67578125 0.71640625 0.078125 0.065625
0 0.6421875 0.3984375 0.0390625 0.053125
0 0.6765625 0.2734375 0.0625 0.05625
0 0.65 0.54375 0.0625 0.05
0 0.725 0.58828125 0.190625 0.1046875
0 0.634375 0.83359375 0.028125 0.0375
0 0.6359375 0.7953125 0.028125 0.034375
0 0.6375 0.7546875 0.021875 0.0328125
0 0.64296875 0.66171875 0.0265625 0.0375
0 0.6328125 0.61953125 0.025 0.0515625
0 0.63203125 0.70546875 0.028125 0.03125
0 0.603125 0.50078125 0.025 0.03125
0 0.6015625 0.51953125 0.021875 0.021875
0 0.6296875 0.309375 0.04375 0.046875
0 0.63359375 0.253125 0.0359375 0.053125
0 0.6296875 0.090625 0.046875 0.053125
0 0.621875 0.43515625 0.025 0.040625
0 0.61484375 0.746875 0.0234375 0.028125
0 0.615625 0.69609375 0.0171875 0.0234375
0 0.6203125 0.67109375 0.0171875 0.021875