0 0.425 0.490625 0.046875 0.01875
0 0.3953125 0.53359375 0.046875 0.015625
0 0.3359375 0.53359375 0.046875 0.015625
0 0.2875 0.54296875 0.0453125 0.01875
0 0.24140625 0.5265625 0.053125 0.0171875
0 0.27734375 0.44375 0.046875 0.0125
0 0.21328125 0.44921875 0.046875 0.015625
0 0.196875 0.42890625 0.059375 0.015625
0 0.39140625 0.428125 0.0515625 0.015625
0 0.40234375 0.40078125 0.040625 0.0171875
0 0.51875 0.30859375 0.04375 0.009375
0 0.54609375 0.33203125 0.040625 0.0109375
0 0.578125 0.33828125 0.0375 0.00625
0 0.553125 0.315625 0.0421875 0.00625
0 0.5625 0.29921875 0.04375 0.009375
0 0.559375 0.27734375 0.0359375 0.009375
0 0.53984375 0.27109375 0.040625 0.0109375
0 0.503125 0.25546875 0.034375 0.0125
0 0.478125 0.25546875 0.034375 0.009375
0 0.54140625 0.23046875 0.034375 0.009375
0 0.52578125 0.22109375 0.0375 0.0125
0 0.44921875 0.2203125 0.0390625 0.0125
0 0.4359375 0.19609375 0.034375 0.009375
0 0.496875 0.19375 0.0421875 0.009375
0 0.39609375 0.2109375 0.0375 0.009375
0 0.50859375 0.14609375 0.04375 0.009375
0 0.484375 0.1234375 0.034375 0.0140625
0 0.284375 0.16953125 0.05 0.0125
0 0.2375 0.12421875 0.046875 0.0140625
0 0.02421875 0.37109375 0.040625 0.0140625
0 0.0203125 0.39296875 0.040625 0.015625
0 0.61875 0.08359375 0.025 0.009375
0 0.57421875 0.14140625 0.0265625 0.0125
0 0.55625 0.15625 0.028125 0.0125
0 0.12265625 0.91015625 0.059375 0.01875
0 0.10625 0.8890625 0.059375 0.01875
0 0.32734375 0.88984375 0.05 0.0203125
0 0.3578125 0.91875 0.046875 0.0171875
0 0.35 0.8484375 0.0421875 0.0203125
0 0.26640625 0.79609375 0.015625 0.03125
0 0.2546875 0.796875 0.028125 0.034375
0 0.36796875 0.7953125 0.040625 0.0078125
0 0.4 0.78984375 0.0375 0.009375
0 0.49765625 0.88203125 0.034375 0.0125
0 0.496875 0.86953125 0.03125 0.0078125
0 0.52109375 0.85078125 0.03125 0.009375
0 0.45234375 0.8890625 0.028125 0.009375
0 0.4671875 0.8875 0.034375 0.015625