0 0.46953125 0.8078125 0.24609375 0.384375
0 0.24375 0.7765625 0.215625 0.446875
0 0.10390625 0.66796875 0.1953125 0.6640625
0 0.5 0.50390625 0.15390625 0.409375
0 0.9328125 0.775 0.134375 0.45
0 0.671875 0.6640625 0.1140625 0.603125
0 0.7578125 0.6234375 0.15 0.6234375
0 0.89765625 0.40703125 0.1125 0.1671875
0 0.98515625 0.4125 0.0296875 0.290625
0 0.196875 0.3953125 0.10703125 0.2203125
0 0.32890625 0.421875 0.1296875 0.30703125
0 0.2625 0.31484375 0.06328125 0.16015625
0 0.40859375 0.3359375 0.05234375 0.11796875
0 0.4640625 0.32578125 0.06640625 0.11015625
0 0.5390625 0.3109375 0.0875 0.09296875
0 0.6015625 0.32734375 0.0703125 0.08359375
0 0.69375 0.3359375 0.0625 0.096875
0 0.80703125 0.36484375 0.0828125 0.13203125
0 0.95703125 0.36171875 0.0671875 0.1515625