0 0.53046875 0.8078125 0.246875 0.384375
0 0.75625 0.7765625 0.215625 0.446875
0 0.89609375 0.66796875 0.1953125 0.6640625
0 0.5 0.50390625 0.153125 0.409375
0 0.0671875 0.775 0.134375 0.45
0 0.328125 0.6640625 0.1140625 0.603125
0 0.2421875 0.6234375 0.15 0.6234375
0 0.10234375 0.40703125 0.1125 0.1671875
0 0.01484375 0.4125 0.0296875 0.290625
0 0.803125 0.3953125 0.10625 0.2203125
0 0.67109375 0.421875 0.1296875 0.30625
0 0.7375 0.31484375 0.0625 0.159375
0 0.59140625 0.3359375 0.053125 0.11875
0 0.5359375 0.32578125 0.065625 0.109375
0 0.4609375 0.3109375 0.0875 0.09375
0 0.3984375 0.32734375 0.0703125 0.084375
0 0.30625 0.3359375 0.0625 0.096875
0 0.19296875 0.36484375 0.0828125 0.13125
0 0.04296875 0.36171875 0.0671875 0.1515625