0 0.59140625 0.3890625 0.20078125 0.740625
0 0.62109375 0.62109375 0.1484375 0.34453125
0 0.81484375 0.5921875 0.20546875 0.7640625
0 0.24609375 0.48046875 0.1703125 0.7328125
0 0.08671875 0.4296875 0.13125 0.59296875
0 0.41015625 0.38359375 0.12109375 0.48359375
0 0.4875 0.28984375 0.0453125 0.4140625
0 0.45078125 0.178125 0.08359375 0.16328125
0 0.371875 0.1859375 0.03984375 0.1203125
0 0.3390625 0.19765625 0.053125 0.16640625
0 0.76796875 0.1671875 0.0703125 0.12421875
0 0.7046875 0.153125 0.07109375 0.11875
0 0.93671875 0.20625 0.07421875 0.13203125
0 0.853125 0.13125 0.04296875 0.08046875
0 0.82578125 0.1390625 0.0515625 0.1140625
0 0.90546875 0.11953125 0.05234375 0.06484375
0 0.8609375 0.26171875 0.06953125 0.10546875
0 0.91328125 0.3515625 0.0875 0.1125
0 0.9640625 0.090625 0.04609375 0.0703125
0 0.55234375 0.184375 0.0453125 0.0890625
0 0.48671875 0.19453125 0.0578125 0.10703125
0 0.2921875 0.18046875 0.04140625 0.10078125