0 0.03046875 0.178125 0.0609375 0.23125
0 0.103125 0.20703125 0.10859375 0.27265625
0 0.1796875 0.20390625 0.10234375 0.315625
0 0.28046875 0.19921875 0.11875 0.26171875
0 0.3671875 0.19296875 0.1046875 0.2609375
0 0.46171875 0.19140625 0.0796875 0.278125
0 0.49296875 0.2375 0.1015625 0.2640625
0 0.584375 0.19375 0.10390625 0.25
0 0.66328125 0.1765625 0.096875 0.2578125
0 0.74765625 0.1828125 0.090625 0.23203125
0 0.84921875 0.21640625 0.10546875 0.26328125
0 0.9546875 0.20546875 0.0875 0.21953125
0 0.03359375 0.3140625 0.0671875 0.21796875
0 0.13515625 0.34609375 0.10703125 0.225
0 0.24140625 0.3671875 0.10546875 0.20390625
0 0.409375 0.371875 0.1359375 0.29296875
0 0.54296875 0.39453125 0.10703125 0.30078125
0 0.60546875 0.303125 0.0859375 0.1890625
0 0.68984375 0.353125 0.09375 0.23125
0 0.7640625 0.384375 0.09375 0.271875
0 0.9046875 0.35234375 0.1703125 0.36171875
0 0.97421875 0.31484375 0.0515625 0.19921875
0 0.028125 0.5109375 0.05625 0.29765625
0 0.1078125 0.46875 0.1265625 0.284375
0 0.2265625 0.5296875 0.13359375 0.32421875
0 0.32109375 0.4375 0.11953125 0.2453125
0 0.46796875 0.53203125 0.14453125 0.278125
0 0.60546875 0.4828125 0.12109375 0.35859375
0 0.6875 0.48203125 0.08203125 0.228125
0 0.83203125 0.484375 0.11875 0.23671875
0 0.9546875 0.515625 0.08984375 0.27421875
0 0.084375 0.72421875 0.13828125 0.35625
0 0.1734375 0.840625 0.1390625 0.31796875
0 0.346875 0.72734375 0.16796875 0.4953125
0 0.51015625 0.771875 0.1609375 0.45625
0 0.68125 0.76015625 0.1546875 0.47890625
0 0.82109375 0.74375 0.14375 0.5125
0 0.9296875 0.77890625 0.140625 0.4421875