0 0.10390625 0.89921875 0.05703125 0.20078125
0 0.01953125 0.6640625 0.0390625 0.1921875
0 0.19296875 0.6140625 0.03671875 0.17734375
0 0.215625 0.63359375 0.0328125 0.16875
0 0.25 0.6234375 0.02890625 0.14140625
0 0.2296875 0.58828125 0.025 0.134375
0 0.31953125 0.5484375 0.04140625 0.17578125
0 0.31640625 0.40859375 0.03515625 0.1125
0 0.375 0.47578125 0.03359375 0.19609375
0 0.4 0.34453125 0.028125 0.171875
0 0.38515625 0.15 0.0375 0.14453125
0 0.428125 0.1234375 0.02578125 0.14296875
0 0.46015625 0.12890625 0.02109375 0.14609375
0 0.484375 0.1109375 0.021875 0.14296875
0 0.5140625 0.0578125 0.021875 0.115625
0 0.56640625 0.0234375 0.0453125 0.046875
0 0.23828125 0.02890625 0.03359375 0.05703125
0 0.2671875 0.01875 0.0234375 0.03671875
0 0.1375 0.03671875 0.03359375 0.07265625
0 0.0734375 0.11953125 0.03671875 0.1203125
0 0.05859375 0.19375 0.0296875 0.1359375
0 0.54375 0.946875 0.05 0.10625
0 0.60390625 0.934375 0.0515625 0.13125
0 0.5703125 0.72578125 0.04921875 0.21953125
0 0.8703125 0.93125 0.06484375 0.13671875
0 0.85546875 0.77421875 0.0515625 0.21484375
0 0.89921875 0.5578125 0.04453125 0.20390625
0 0.62578125 0.415625 0.03671875 0.15859375
0 0.5375 0.33359375 0.040625 0.18828125
0 0.4953125 0.42421875 0.04140625 0.16171875
0 0.590625 0.22890625 0.03671875 0.1453125
0 0.6078125 0.0921875 0.02734375 0.14140625
0 0.62734375 0.0703125 0.02578125 0.13984375
0 0.665625 0.078125 0.0171875 0.090625
0 0.67109375 0.02109375 0.015625 0.0421875
0 0.7015625 0.059375 0.025 0.11875
0 0.73125 0.11171875 0.0203125 0.15859375
0 0.871875 0.11640625 0.02265625 0.12890625
0 0.88828125 0.11484375 0.025 0.1359375
0 0.909375 0.17265625 0.02578125 0.14609375
0 0.990625 0.2484375 0.01875 0.134375
0 0.93359375 0.303125 0.03359375 0.15703125
0 0.953125 0.4109375 0.034375 0.17890625
0 0.98828125 0.396875 0.0234375 0.159375