0 0.05234375 0.20234375 0.0578125 0.246875
0 0.3046875 0.31328125 0.046875 0.2
0 0.38125 0.0734375 0.0625 0.146875
0 0.540625 0.20859375 0.046875 0.184375
0 0.64921875 0.12265625 0.0421875 0.215625
0 0.93046875 0.040625 0.0578125 0.08125
0 0.57265625 0.4203125 0.0421875 0.2109375
0 0.48984375 0.44609375 0.046875 0.1984375
0 0.521875 0.56875 0.034375 0.203125
0 0.59375 0.68046875 0.0296875 0.15625
0 0.6234375 0.6796875 0.0296875 0.1484375
0 0.37265625 0.6578125 0.034375 0.16875
0 0.3890625 0.75390625 0.034375 0.1515625
0 0.49140625 0.82265625 0.0296875 0.159375
0 0.4578125 0.8765625 0.025 0.1484375
0 0.428125 0.8796875 0.025 0.159375
0 0.378125 0.925 0.03125 0.14375
0 0.728125 0.8859375 0.0296875 0.1671875
0 0.853125 0.56953125 0.0375 0.20625
0 0.940625 0.5734375 0.040625 0.1921875
0 0.9890625 0.68125 0.021875 0.159375
0 0.98828125 0.42734375 0.0234375 0.1921875
0 0.91171875 0.75625 0.03125 0.159375
0 0.89609375 0.84609375 0.0234375 0.140625
0 0.9203125 0.865625 0.025 0.1046875
0 0.6828125 0.94296875 0.0265625 0.1125
0 0.65 0.93359375 0.0125 0.1
0 0.58984375 0.9484375 0.028125 0.103125
0 0.14765625 0.896875 0.04375 0.125
0 0.05546875 0.81328125 0.034375 0.1453125
0 0.3046875 0.4765625 0.034375 0.153125
0 0.18828125 0.3875 0.025 0.171875
0 0.21484375 0.3671875 0.0328125 0.1765625
0 0.24765625 0.37421875 0.03125 0.1578125
0 0.22421875 0.45 0.0203125 0.078125