0 0.134375 0.45234375 0.20625 0.071875
0 0.259375 0.35 0.2015625 0.071875
0 0.0890625 0.59296875 0.178125 0.090625
0 0.0625 0.7359375 0.125 0.078125
0 0.3953125 0.81484375 0.1875 0.0328125
0 0.38203125 0.78828125 0.184375 0.025
0 0.3953125 0.7546875 0.153125 0.0375
0 0.45390625 0.7703125 0.109375 0.025
0 0.55234375 0.61875 0.1875 0.040625
0 0.57421875 0.5140625 0.159375 0.0359375
0 0.67265625 0.45546875 0.153125 0.025
0 0.66640625 0.3421875 0.203125 0.0296875
0 0.77109375 0.428125 0.1578125 0.034375
0 0.9109375 0.4984375 0.125 0.03125
0 0.8109375 0.8765625 0.1625 0.065625
0 0.803125 0.965625 0.15 0.0453125
0 0.9125 0.65859375 0.11875 0.0234375
0 0.94453125 0.63203125 0.109375 0.04375
0 0.90703125 0.3390625 0.121875 0.028125
0 0.89609375 0.27109375 0.1578125 0.021875
0 0.840625 0.20859375 0.209375 0.0234375
0 0.4890625 0.04609375 0.190625 0.028125
0 0.69921875 0.03046875 0.146875 0.025
0 0.93515625 0.3984375 0.084375 0.021875
0 0.89296875 0.46796875 0.115625 0.0328125