0 0.053125 0.77890625 0.10625 0.3953125
0 0.08515625 0.43671875 0.09609375 0.3390625
0 0.2234375 0.79921875 0.09609375 0.37421875
0 0.2203125 0.65390625 0.09453125 0.35234375
0 0.2859375 0.4734375 0.09609375 0.34921875
0 0.3671875 0.30703125 0.09140625 0.31640625
0 0.46796875 0.221875 0.09453125 0.3359375
0 0.690625 0.45078125 0.07578125 0.3390625
0 0.60703125 0.8109375 0.09375 0.35234375
0 0.60078125 0.634375 0.09296875 0.21796875
0 0.9453125 0.690625 0.10234375 0.3625
0 0.82578125 0.55859375 0.08203125 0.34375
0 0.69921875 0.25625 0.08125 0.33359375
0 0.8390625 0.21484375 0.08828125 0.3
0 0.84921875 0.409375 0.11484375 0.3046875
0 0.42265625 0.8 0.1125 0.3453125