0 0.54765625 0.865625 0.07265625 0.20703125
0 0.65 0.740625 0.07265625 0.2015625
0 0.40703125 0.9109375 0.08984375 0.178125
0 0.2640625 0.9375 0.078125 0.125
0 0.18515625 0.6046875 0.0328125 0.18828125
0 0.21171875 0.61796875 0.02421875 0.184375
0 0.2453125 0.6046875 0.03671875 0.15390625
0 0.2296875 0.54609375 0.02421875 0.10859375
0 0.38125 0.44765625 0.040625 0.18828125
0 0.4859375 0.42578125 0.0359375 0.159375
0 0.54453125 0.32734375 0.02421875 0.15390625
0 0.6578125 0.33359375 0.0296875 0.203125
0 0.571875 0.22890625 0.034375 0.1578125
0 0.5015625 0.0890625 0.03203125 0.125
0 0.1234375 0.1890625 0.065625 0.16171875
0 0.034375 0.196875 0.0453125 0.15
0 0.34140625 0.0875 0.0234375 0.11796875
0 0.36796875 0.05546875 0.04453125 0.11015625
0 0.6609375 0.09296875 0.02890625 0.121875
0 0.72890625 0.10390625 0.021875 0.1578125
0 0.79140625 0.159375 0.0234375 0.20859375
0 0.95390625 0.5109375 0.028125 0.18984375
0 0.96953125 0.30078125 0.02578125 0.14609375
0 0.6015625 0.06484375 0.02265625 0.08359375
0 0.53203125 0.10703125 0.0328125 0.115625