0 0.090625 0.76953125 0.0625 0.19296875
0 0.29296875 0.65546875 0.05234375 0.16484375
0 0.38359375 0.6671875 0.05234375 0.1890625
0 0.4953125 0.5421875 0.04609375 0.17578125
0 0.5515625 0.5515625 0.0375 0.17265625
0 0.66328125 0.5921875 0.046875 0.1875
0 0.95234375 0.4453125 0.04375 0.1890625
0 0.83359375 0.28203125 0.04453125 0.15546875
0 0.91484375 0.24921875 0.0375 0.15703125
0 0.92109375 0.13125 0.028125 0.07734375
0 0.94375 0.15078125 0.02578125 0.1203125
0 0.73046875 0.08359375 0.02890625 0.12734375
0 0.61640625 0.20546875 0.02578125 0.11484375
0 0.6109375 0.33828125 0.0328125 0.1296875
0 0.56953125 0.3953125 0.03203125 0.15859375
0 0.51015625 0.4203125 0.03671875 0.15078125
0 0.49140625 0.190625 0.0359375 0.13515625
0 0.36796875 0.21796875 0.03828125 0.14609375
0 0.38515625 0.14453125 0.03046875 0.12734375
0 0.4328125 0.08046875 0.025 0.1265625
0 0.45546875 0.084375 0.02578125 0.125
0 0.378125 0.03515625 0.03515625 0.0703125
0 0.63359375 0.04296875 0.0140625 0.07265625
0 0.66484375 0.04140625 0.02734375 0.08203125
0 0.63984375 0.028125 0.015625 0.05625
0 0.29453125 0.51640625 0.0375 0.146875
0 0.1984375 0.071875 0.03203125 0.109375
0 0.128125 0.05859375 0.04375 0.1171875
0 0.0546875 0.15859375 0.0390625 0.1203125
0 0.1890625 0.50625 0.03046875 0.15390625
0 0.21953125 0.52578125 0.03515625 0.15234375
0 0.2484375 0.51171875 0.03046875 0.12890625
0 0.225 0.45078125 0.01953125 0.06015625