0 0.596875 0.28671875 0.046875 0.2
0 0.503125 0.3859375 0.05 0.20625
0 0.61484375 0.684375 0.0453125 0.196875
0 0.33515625 0.79765625 0.034375 0.16875
0 0.89140625 0.721875 0.04375 0.1703125
0 0.96171875 0.79765625 0.046875 0.146875
0 0.81328125 0.40703125 0.03125 0.178125
0 0.7890625 0.38046875 0.03125 0.178125
0 0.76796875 0.41875 0.0234375 0.1328125
0 0.7515625 0.39140625 0.028125 0.146875
0 0.36484375 0.05859375 0.053125 0.115625
0 0.32734375 0.053125 0.0453125 0.10625
0 0.19140625 0.0515625 0.0515625 0.103125
0 0.046875 0.3484375 0.0546875 0.2140625
0 0.4484375 0.7703125 0.025 0.1421875
0 0.46953125 0.82890625 0.0203125 0.1390625
0 0.5 0.8203125 0.0296875 0.159375
0 0.43671875 0.875 0.028125 0.1390625
0 0.4109375 0.94765625 0.01875 0.084375
0 0.390625 0.95546875 0.021875 0.0875
0 0.35703125 0.95390625 0.025 0.0921875
0 0.32578125 0.9609375 0.021875 0.078125
0 0.26875 0.89921875 0.0203125 0.16875
0 0.23984375 0.9390625 0.0265625 0.121875
0 0.08984375 0.83828125 0.03125 0.1515625
0 0.0671875 0.8375 0.0203125 0.1546875
0 0.0515625 0.875 0.021875 0.146875
0 0.02265625 0.87734375 0.0234375 0.153125
0 0.0109375 0.79375 0.021875 0.1578125
0 0.01171875 0.62578125 0.0234375 0.1421875
0 0.5765625 0.9234375 0.028125 0.121875
0 0.49296875 0.9421875 0.0265625 0.109375