0 0.430204 0.236364 0.090761 0.246552
0 0.530784 0.235127 0.093745 0.234405
0 0.216197 0.209447 0.083162 0.235223
0 0.324582 0.235927 0.093788 0.295390
0 0.623154 0.231954 0.112248 0.262612
0 0.521110 0.551751 0.115520 0.428661
0 0.748044 0.186432 0.128157 0.329024
0 0.746726 0.500082 0.127900 0.416198
0 0.637316 0.530671 0.107332 0.392697
0 0.096790 0.223793 0.118434 0.323165
0 0.245273 0.533740 0.091703 0.434573
0 0.397835 0.555277 0.118396 0.429747
0 0.129937 0.549032 0.115277 0.478317
0 0.898025 0.349332 0.150610 0.684265
