0 0.363955 0.375884 0.075645 0.110141
0 0.505161 0.395765 0.084881 0.112153
0 0.425135 0.443719 0.073908 0.123570
0 0.371582 0.484518 0.098637 0.147412
0 0.186079 0.403169 0.086780 0.130419
0 0.227440 0.478677 0.090209 0.146717
0 0.115636 0.462521 0.095913 0.136966
0 0.285090 0.415396 0.087125 0.137558
0 0.648370 0.398122 0.076466 0.122839
0 0.520948 0.485466 0.086998 0.130060
0 0.677409 0.466223 0.091638 0.137726
0 0.736832 0.411685 0.079543 0.107702
0 0.588514 0.407707 0.082101 0.131568
0 0.770158 0.503560 0.089389 0.140158
0 0.880691 0.422501 0.091326 0.149524
0 0.968763 0.551687 0.060989 0.397308
