0 0.362051 0.373892 0.077589 0.110392
0 0.423568 0.441954 0.074222 0.125577
0 0.503694 0.392282 0.083053 0.108807
0 0.369741 0.482192 0.098588 0.150655
0 0.226178 0.479882 0.091969 0.151794
0 0.184053 0.398317 0.086802 0.123242
0 0.676072 0.463479 0.094519 0.141027
0 0.646471 0.394177 0.077127 0.116176
0 0.111344 0.458651 0.094850 0.143796
0 0.519079 0.484570 0.086662 0.128814
0 0.282891 0.416034 0.086196 0.144343
0 0.734876 0.411300 0.080439 0.110851
0 0.587059 0.407975 0.080452 0.131801
0 0.768808 0.503324 0.091852 0.144555
0 0.872661 0.413714 0.087025 0.138078
0 0.964600 0.565732 0.068677 0.391593
0 0.963760 0.431134 0.072480 0.161137
