0 0.180336 0.552668 0.142740 0.066419
0 0.191913 0.289780 0.150666 0.081239
0 0.204486 0.444224 0.129418 0.072641
0 0.265454 0.075190 0.178205 0.095672
0 0.220940 0.751023 0.133881 0.070291
0 0.198252 0.356437 0.189177 0.080337
0 0.223768 0.671692 0.132965 0.066418
0 0.275557 0.210035 0.138050 0.089032
0 0.278154 0.791466 0.118552 0.069564
0 0.237878 0.501224 0.140672 0.066249
0 0.234757 0.932065 0.271344 0.111598
0 0.468046 0.897888 0.474241 0.177244
0 0.307746 0.719274 0.124381 0.072109
0 0.439173 0.569381 0.163404 0.083884
0 0.253511 0.611120 0.170635 0.077212
0 0.530890 0.561698 0.376643 0.115600
0 0.312180 0.864346 0.212074 0.092876
0 0.705048 0.863947 0.589903 0.265661
0 0.346996 0.205943 0.283817 0.110454
0 0.525770 0.409289 0.440157 0.157031
0 0.562092 0.222733 0.388862 0.139550
0 0.338253 0.498712 0.337941 0.092550
0 0.460771 0.235653 0.177568 0.095556
