0 0.381058 0.356551 0.168172 0.065450
0 0.458726 0.070569 0.212167 0.130507
0 0.616276 0.808862 0.193416 0.114999
0 0.590444 0.187619 0.182632 0.106840
0 0.786942 0.903924 0.158036 0.160899
0 0.173235 0.600095 0.244321 0.078320
0 0.247410 0.391721 0.231541 0.077927
0 0.186160 0.451794 0.210310 0.080624
0 0.947344 0.908796 0.103506 0.168771
0 0.122265 0.317566 0.240992 0.101037
0 0.418496 0.179771 0.191727 0.088217
0 0.470191 0.915993 0.199308 0.140344
0 0.090521 0.536603 0.180038 0.088790
0 0.740081 0.052965 0.155005 0.104927
0 0.759661 0.270202 0.195244 0.121633
0 0.509549 0.293008 0.174286 0.100357
0 0.532103 0.605752 0.171805 0.094547
