0 0.244564 0.408475 0.197970 0.077313
0 0.175778 0.610144 0.231161 0.077305
0 0.124888 0.290542 0.242191 0.101142
0 0.525217 0.585826 0.174681 0.073535
0 0.588151 0.188542 0.167210 0.137228
0 0.732197 0.285262 0.223132 0.116902
0 0.461798 0.060570 0.211189 0.115602
0 0.375807 0.344884 0.193153 0.079509
0 0.189165 0.463956 0.197999 0.071473
0 0.416387 0.164584 0.199432 0.099621
0 0.737240 0.035980 0.163435 0.071960
0 0.090833 0.526048 0.180348 0.081453
0 0.498063 0.262886 0.183875 0.103057
0 0.947874 0.920079 0.104252 0.158188
0 0.615426 0.786823 0.185771 0.138635
0 0.959203 0.596357 0.079854 0.107934
0 0.473346 0.903203 0.182496 0.151830
0 0.650330 0.938887 0.176673 0.122225
0 0.752714 0.898714 0.219506 0.150231
0 0.809706 0.859941 0.098826 0.161598
