0 0.571464 0.383715 0.046758 0.176937
0 0.868735 0.200792 0.073376 0.205833
0 0.590032 0.812805 0.031382 0.119822
0 0.731012 0.908262 0.026341 0.131999
0 0.401475 0.710122 0.035673 0.143374
0 0.950166 0.663088 0.045511 0.149143
0 0.379865 0.591240 0.042231 0.166456
0 0.854367 0.374036 0.058156 0.172924
0 0.108751 0.258377 0.066909 0.202405
0 0.538465 0.732769 0.040076 0.149476
0 0.321227 0.560855 0.042743 0.155256
0 0.629218 0.653081 0.045627 0.132889
0 0.904193 0.532329 0.049739 0.167258
0 0.383838 0.874047 0.030713 0.127023
0 0.928552 0.754136 0.042297 0.151536
0 0.907209 0.855946 0.038150 0.136688
0 0.609215 0.199811 0.053442 0.179610
0 0.498996 0.650916 0.040437 0.150774
0 0.066631 0.867592 0.045149 0.182445
0 0.463051 0.897571 0.026430 0.117605
0 0.315373 0.657086 0.034383 0.123816
0 0.427875 0.898197 0.023992 0.125414
0 0.194404 0.490266 0.031441 0.161717
0 0.511330 0.949104 0.024813 0.097066
0 0.621752 0.926538 0.042301 0.133423
0 0.868058 0.906771 0.027264 0.107792
0 0.549747 0.140532 0.041413 0.211821
0 0.484828 0.913875 0.027398 0.129553
0 0.889677 0.910567 0.026524 0.120620
0 0.987065 0.654698 0.025481 0.116763
0 0.136919 0.970538 0.032729 0.057878
0 0.252984 0.476324 0.027734 0.124616
0 0.705262 0.947523 0.029706 0.104954
0 0.247304 0.493187 0.054837 0.165381
0 0.666650 0.938725 0.018006 0.081663
0 0.217827 0.475727 0.031280 0.174044
0 0.230958 0.976730 0.022497 0.045319
0 0.987526 0.796505 0.023907 0.124176
0 0.231948 0.474731 0.025769 0.173143
0 0.689639 0.945700 0.023024 0.090348
