0 0.346224 0.626953 0.150977 0.055273
0 0.351641 0.492436 0.169737 0.056146
0 0.123269 0.381994 0.142971 0.042640
0 0.621066 0.850410 0.190740 0.070371
0 0.619696 0.572735 0.201823 0.064497
0 0.291037 0.399314 0.157565 0.052901
0 0.091480 0.876030 0.128144 0.052658
0 0.842136 0.545394 0.166722 0.050273
0 0.276356 0.534683 0.177081 0.056179
0 0.735445 0.106866 0.205190 0.065797
0 0.092116 0.731578 0.155500 0.036132
0 0.133704 0.066175 0.198906 0.051920
0 0.403492 0.377472 0.202605 0.058027
0 0.468014 0.901241 0.206683 0.065705
0 0.798927 0.606945 0.207299 0.059092
0 0.246109 0.929863 0.167006 0.058251
0 0.191744 0.589860 0.128803 0.048210
0 0.102209 0.429072 0.143971 0.031317
0 0.073022 0.620502 0.136186 0.051126
0 0.102040 0.462275 0.131179 0.034925
0 0.523893 0.227243 0.217473 0.100336
0 0.405781 0.320590 0.251092 0.072682
0 0.054269 0.513255 0.108538 0.032689
0 0.801208 0.865487 0.211214 0.079029
0 0.343270 0.940066 0.162999 0.055753
0 0.093157 0.487844 0.129385 0.030770
0 0.052713 0.670771 0.095900 0.030724
0 0.031897 0.136876 0.063794 0.046316
