0 0.574125 0.483947 0.114357 0.317048
0 0.427391 0.490714 0.124920 0.381965
0 0.703166 0.501581 0.147131 0.311701
0 0.490455 0.784399 0.168821 0.431202
0 0.265994 0.453655 0.121980 0.293468
0 0.257993 0.793356 0.217198 0.413288
0 0.556956 0.274033 0.102433 0.234757
0 0.683994 0.791951 0.178335 0.406754
0 0.627388 0.221134 0.102807 0.176119
0 0.232877 0.296897 0.102660 0.265620
0 0.473721 0.266394 0.138237 0.230722
0 0.349589 0.251472 0.126986 0.213986
0 0.259292 0.687375 0.104173 0.184654
0 0.699423 0.296857 0.108534 0.271216
0 0.425869 0.378591 0.117440 0.167600
