0 0.374964 0.664355 0.175344 0.095395
0 0.255826 0.574423 0.219164 0.064969
0 0.187492 0.522433 0.208150 0.082723
0 0.950381 0.080666 0.098001 0.158057
0 0.176462 0.368598 0.218259 0.076664
0 0.944305 0.417786 0.110135 0.089703
0 0.459025 0.949330 0.213478 0.101341
0 0.587306 0.843025 0.184269 0.106920
0 0.327255 0.820391 0.186760 0.148096
0 0.522116 0.427818 0.178182 0.077118
0 0.507257 0.748934 0.167392 0.105676
0 0.683713 0.702478 0.192751 0.104213
0 0.746702 0.953490 0.165871 0.093020
0 0.617289 0.223252 0.182422 0.118590
0 0.787064 0.144218 0.166963 0.175753
0 0.064782 0.477493 0.128296 0.098559
0 0.624007 0.072881 0.288061 0.145369
0 0.131298 0.731002 0.247778 0.087947
0 0.479764 0.116066 0.185356 0.138216
0 0.428868 0.848806 0.141671 0.085588
