0 0.488498 0.536723 0.036996 0.165847
0 0.835113 0.289547 0.035156 0.162168
0 0.567192 0.395251 0.034197 0.163339
0 0.385533 0.674859 0.052007 0.196644
0 0.453682 0.082953 0.024982 0.129217
0 0.662263 0.602095 0.039253 0.186776
0 0.291378 0.507512 0.040012 0.146420
0 0.126329 0.065196 0.031483 0.118249
0 0.940617 0.144586 0.028556 0.117194
0 0.607671 0.329344 0.034786 0.129467
0 0.506445 0.410388 0.038751 0.144265
0 0.489395 0.186395 0.027970 0.126984
0 0.549343 0.552389 0.031115 0.160820
0 0.049799 0.157568 0.028502 0.126035
0 0.294035 0.653046 0.048383 0.167763
0 0.731077 0.085677 0.027329 0.133010
0 0.365394 0.213349 0.033640 0.146249
0 0.085854 0.746370 0.048489 0.168710
0 0.951410 0.423259 0.042858 0.162763
0 0.617549 0.205423 0.030405 0.117905
0 0.381724 0.139497 0.026750 0.117046
0 0.191765 0.072673 0.030726 0.106852
0 0.429046 0.082550 0.028605 0.134212
0 0.186404 0.509869 0.032470 0.162616
0 0.376628 0.037535 0.026213 0.075070
0 0.214652 0.520611 0.032568 0.164886
0 0.914409 0.228063 0.039187 0.159076
0 0.249417 0.515849 0.027237 0.125432
0 0.917337 0.142334 0.023298 0.106478
0 0.589021 0.020732 0.032476 0.041463
0 0.664081 0.039965 0.031782 0.079931
0 0.499321 0.021596 0.025102 0.042929
0 0.521725 0.020103 0.021223 0.040207
0 0.544226 0.012190 0.017854 0.024380
