0 0.289739 0.163453 0.184326 0.055748
0 0.210591 0.628629 0.165152 0.054721
0 0.074595 0.805405 0.110112 0.043649
0 0.651870 0.701913 0.204364 0.070293
0 0.204177 0.379090 0.134540 0.045947
0 0.085182 0.556521 0.136440 0.065224
0 0.767278 0.909675 0.217496 0.070078
0 0.399571 0.431411 0.182640 0.050553
0 0.092189 0.268936 0.152604 0.044689
0 0.337377 0.387774 0.148220 0.054974
0 0.418965 0.050153 0.209952 0.066102
0 0.682689 0.612875 0.209120 0.075671
0 0.407128 0.488236 0.184026 0.056922
0 0.560199 0.453361 0.191125 0.046080
0 0.162119 0.945554 0.144421 0.045824
0 0.185945 0.510467 0.160541 0.043853
0 0.599649 0.334019 0.205092 0.067758
0 0.149423 0.071567 0.136842 0.063327
0 0.524633 0.508941 0.229334 0.058573
0 0.516174 0.751755 0.159309 0.042445
0 0.044215 0.347179 0.088230 0.055946
0 0.506817 0.705085 0.169284 0.057619
0 0.511217 0.795948 0.210132 0.068665
0 0.068890 0.871052 0.127855 0.037849
0 0.134137 0.617641 0.102884 0.037598
0 0.322641 0.010384 0.148143 0.020166
