0 0.395267 0.894948 0.143676 0.077977
0 0.680184 0.327145 0.149053 0.078445
0 0.618979 0.185932 0.148963 0.075495
0 0.636957 0.444887 0.143161 0.064374
0 0.647232 0.523351 0.140515 0.069857
0 0.617895 0.813579 0.158025 0.076617
0 0.420373 0.814706 0.161723 0.073659
0 0.593544 0.671446 0.141547 0.069252
0 0.532842 0.584253 0.208155 0.069521
0 0.569929 0.754181 0.141767 0.058307
0 0.594268 0.591930 0.128916 0.064337
0 0.439926 0.282580 0.171513 0.082285
0 0.300095 0.125072 0.417974 0.131029
0 0.406662 0.411839 0.142010 0.088095
0 0.226052 0.720074 0.157369 0.088348
0 0.280097 0.560698 0.389813 0.098235
0 0.401853 0.566296 0.139115 0.074753
0 0.308922 0.274865 0.429428 0.099472
0 0.438476 0.135109 0.161311 0.079372
0 0.361006 0.743270 0.160421 0.073260
