0 0.263361 0.434968 0.204934 0.083622
0 0.368513 0.303350 0.168345 0.086067
0 0.154522 0.249785 0.224699 0.125823
0 0.650564 0.323644 0.194818 0.128589
0 0.582217 0.140956 0.169309 0.141074
0 0.168502 0.639673 0.233986 0.085279
0 0.794385 0.852912 0.143526 0.161084
0 0.354148 0.157575 0.273820 0.129514
0 0.452692 0.046148 0.236138 0.090486
0 0.948737 0.922274 0.101095 0.143285
0 0.744017 0.054455 0.155921 0.108383
0 0.499581 0.221616 0.175011 0.115735
0 0.524935 0.547193 0.183938 0.082329
0 0.620749 0.767443 0.187396 0.105833
0 0.145683 0.494928 0.291366 0.097285
0 0.477558 0.853059 0.186126 0.159526
0 0.937475 0.562201 0.124009 0.125101
0 0.608356 0.935287 0.194627 0.129425
