0 0.312489 0.723432 0.172348 0.063774
0 0.840642 0.190587 0.164650 0.056942
0 0.504358 0.366974 0.151978 0.057194
0 0.274655 0.945278 0.194668 0.074678
0 0.873676 0.876042 0.145086 0.047886
0 0.639937 0.336487 0.179289 0.059230
0 0.395135 0.473563 0.201816 0.070970
0 0.916859 0.271970 0.151379 0.044302
0 0.931216 0.704497 0.117727 0.039836
0 0.834465 0.963021 0.145477 0.050359
0 0.914460 0.629928 0.168134 0.056473
0 0.753656 0.430541 0.153989 0.051311
0 0.636648 0.455798 0.163167 0.047229
0 0.702478 0.518715 0.184063 0.054523
0 0.149482 0.701499 0.118827 0.080544
0 0.539083 0.621143 0.209277 0.068137
0 0.791487 0.039842 0.146177 0.065316
0 0.247809 0.493636 0.216957 0.066975
0 0.911607 0.368646 0.176786 0.083125
0 0.490453 0.794742 0.211877 0.086251
0 0.944261 0.612698 0.109161 0.044318
0 0.938772 0.500866 0.122456 0.033595
0 0.948807 0.555960 0.102386 0.058214
0 0.933507 0.468381 0.131558 0.038784
