0 0.139734 0.688395 0.032655 0.134433
0 0.214719 0.507779 0.031949 0.116711
0 0.320820 0.697562 0.039065 0.145329
0 0.111252 0.337208 0.030024 0.078667
0 0.544120 0.675512 0.032074 0.100329
0 0.178536 0.495688 0.026021 0.074260
0 0.126501 0.530062 0.028775 0.096495
0 0.251919 0.416797 0.024186 0.084015
0 0.014373 0.712970 0.028745 0.145517
0 0.092096 0.545877 0.027562 0.064484
0 0.098081 0.682932 0.040341 0.156810
0 0.252999 0.923465 0.027589 0.056266
0 0.202620 0.968362 0.038357 0.062940
0 0.073864 0.357201 0.022166 0.050331
0 0.068051 0.974691 0.040256 0.050519
0 0.320634 0.530237 0.023433 0.072149
0 0.261951 0.539861 0.027080 0.092008
0 0.360991 0.553747 0.026823 0.047653
0 0.283768 0.540898 0.021128 0.091933
0 0.149154 0.474088 0.027039 0.065039
0 0.078646 0.450449 0.016132 0.055464
0 0.230292 0.413043 0.025856 0.076742
0 0.080971 0.681493 0.039046 0.156907
0 0.555002 0.565484 0.024869 0.095140
0 0.457929 0.969301 0.038514 0.061399
0 0.409803 0.502774 0.022654 0.086812
0 0.784457 0.539416 0.027739 0.063377
0 0.177168 0.559244 0.027085 0.066709
0 0.580249 0.754328 0.027114 0.095867
0 0.014605 0.507043 0.028644 0.085050
0 0.234473 0.872130 0.037840 0.083033
0 0.329333 0.427615 0.023048 0.060148
0 0.404593 0.957085 0.036824 0.074676
0 0.914015 0.734164 0.027736 0.067606
0 0.295350 0.441694 0.022218 0.060018
0 0.040137 0.480344 0.023411 0.090885
0 0.110125 0.412856 0.028974 0.048354
0 0.667494 0.979901 0.031288 0.040197
0 0.750406 0.517598 0.021105 0.061153
0 0.479117 0.520682 0.024965 0.079657
0 0.586153 0.539032 0.024712 0.069398
0 0.373676 0.464275 0.028402 0.068920
0 0.299875 0.513572 0.018924 0.067598
0 0.522089 0.937263 0.024539 0.107592
0 0.552134 0.786188 0.034812 0.107716
0 0.344905 0.891208 0.018054 0.047260
0 0.534387 0.536912 0.022548 0.056364
0 0.544718 0.934433 0.026128 0.093403
0 0.504149 0.933260 0.027483 0.109171
0 0.265106 0.974466 0.036111 0.051068
0 0.368583 0.973471 0.029311 0.053058
0 0.456780 0.515019 0.027408 0.070001
0 0.569775 0.683128 0.025406 0.056610
0 0.023854 0.581670 0.025036 0.065597
0 0.045829 0.580001 0.023685 0.070625
0 0.059851 0.461990 0.018823 0.046625
0 0.050210 0.366809 0.024102 0.044762
0 0.812782 0.663206 0.028165 0.087757
0 0.037024 0.449908 0.022613 0.056699
0 0.362268 0.899387 0.020634 0.048712
0 0.727005 0.517872 0.025652 0.069747
0 0.159342 0.539986 0.019431 0.050917
0 0.331702 0.956645 0.040495 0.083896
0 0.453191 0.903576 0.025030 0.061605
0 0.428235 0.506515 0.019137 0.077968
0 0.375008 0.911774 0.024109 0.048410
