0 0.180019 0.877847 0.154778 0.053269
0 0.227258 0.338549 0.158368 0.057423
0 0.682281 0.347282 0.192663 0.065950
0 0.336285 0.618264 0.189188 0.061489
0 0.404064 0.510051 0.198747 0.060923
0 0.724917 0.596157 0.206395 0.066480
0 0.498974 0.751503 0.181467 0.057852
0 0.084165 0.273190 0.145120 0.040274
0 0.085003 0.218867 0.141984 0.048448
0 0.173056 0.964517 0.137441 0.049457
0 0.247079 0.455570 0.142251 0.039942
0 0.090332 0.503411 0.161956 0.041258
0 0.784200 0.457182 0.212343 0.072498
0 0.061459 0.629292 0.120898 0.046755
0 0.853578 0.743851 0.112948 0.066510
0 0.200933 0.029409 0.262973 0.058818
0 0.465480 0.067531 0.199252 0.086953
0 0.155541 0.429906 0.145271 0.046548
0 0.053359 0.333390 0.102585 0.045569
0 0.503867 0.800528 0.192969 0.062955
0 0.090725 0.469931 0.152717 0.038072
0 0.037267 0.356286 0.074234 0.036006
0 0.045418 0.401732 0.074330 0.030140
