0 0.511853 0.414167 0.035735 0.163213
0 0.595564 0.717838 0.041403 0.183478
0 0.430274 0.157937 0.028668 0.134765
0 0.964678 0.169618 0.040488 0.123174
0 0.456157 0.788122 0.054117 0.193656
0 0.340493 0.224945 0.032475 0.145991
0 0.617164 0.333151 0.036010 0.170748
0 0.455618 0.252891 0.031263 0.139199
0 0.058050 0.447634 0.050204 0.153959
0 0.271075 0.078327 0.031781 0.133770
0 0.880592 0.179791 0.035694 0.132209
0 0.220003 0.081993 0.028600 0.131764
0 0.500289 0.093122 0.033652 0.127856
0 0.348476 0.682135 0.046243 0.163167
0 0.814412 0.498322 0.031273 0.135117
0 0.755514 0.492176 0.038118 0.150136
0 0.470119 0.104485 0.024844 0.115979
0 0.334570 0.052246 0.029861 0.096507
0 0.030067 0.165748 0.052422 0.135581
0 0.023846 0.251831 0.030481 0.145958
0 0.786308 0.506749 0.028275 0.141953
0 0.359184 0.034820 0.019952 0.063036
0 0.629477 0.062477 0.031502 0.119012
0 0.992396 0.280553 0.015045 0.109127
0 0.744287 0.866190 0.050646 0.100528
