0 0.160879 0.401465 0.173869 0.056410
0 0.427316 0.414206 0.182867 0.057531
0 0.306271 0.082387 0.163760 0.060741
0 0.606414 0.833373 0.199177 0.070611
0 0.075326 0.829883 0.138212 0.069969
0 0.218926 0.509346 0.168205 0.047213
0 0.180149 0.022237 0.139468 0.043493
0 0.080890 0.737751 0.148100 0.040911
0 0.662747 0.518363 0.314432 0.095976
0 0.106600 0.953985 0.173936 0.041699
0 0.736908 0.066108 0.210322 0.069764
0 0.065890 0.680320 0.127729 0.046393
0 0.599965 0.529871 0.173673 0.062258
0 0.777364 0.759067 0.193014 0.067896
0 0.419112 0.025628 0.165556 0.051255
0 0.502903 0.220665 0.220755 0.117002
0 0.092699 0.562987 0.136142 0.036325
0 0.215998 0.541082 0.152172 0.037116
0 0.036416 0.613494 0.072832 0.028541
0 0.031755 0.335312 0.063510 0.045489
0 0.052373 0.897902 0.103878 0.050265
0 0.034403 0.645625 0.068806 0.031663
0 0.700832 0.982014 0.186943 0.035972
