0 0.413913 0.427309 0.034702 0.161155
0 0.833555 0.608592 0.042826 0.188407
0 0.402820 0.151975 0.031112 0.144262
0 0.507373 0.216813 0.032443 0.140336
0 0.530815 0.597295 0.038216 0.146969
0 0.677469 0.061843 0.031425 0.122024
0 0.080176 0.307533 0.045005 0.143945
0 0.759760 0.782026 0.051058 0.176115
0 0.064004 0.739904 0.048629 0.200911
0 0.022481 0.179518 0.031411 0.129569
0 0.505345 0.699189 0.038945 0.196210
0 0.188557 0.494939 0.033333 0.177385
0 0.734734 0.076725 0.027451 0.128935
0 0.021674 0.412746 0.037750 0.154721
0 0.822010 0.072396 0.032417 0.124463
0 0.845312 0.063917 0.026450 0.118526
0 0.538287 0.217503 0.026709 0.121747
0 0.536604 0.103326 0.026846 0.120142
0 0.218038 0.507879 0.031767 0.157862
0 0.250649 0.498730 0.032322 0.140624
0 0.558323 0.101240 0.022518 0.119315
0 0.895113 0.047340 0.034087 0.094009
0 0.641862 0.034089 0.025027 0.068178
0 0.948429 0.119483 0.032683 0.139765
0 0.336923 0.030773 0.029169 0.061546
0 0.610420 0.032269 0.024239 0.064537
0 0.515682 0.029872 0.024234 0.059745
0 0.983955 0.319618 0.032090 0.180096
0 0.547004 0.026609 0.030077 0.053217
0 0.925851 0.044583 0.031535 0.088628
