0 0.871214 0.312532 0.131338 0.353659
0 0.498124 0.301671 0.101420 0.272076
0 0.356234 0.714968 0.233849 0.536026
0 0.917432 0.672821 0.134649 0.418254
0 0.760234 0.219250 0.111805 0.253114
0 0.394260 0.288059 0.108574 0.249863
0 0.307470 0.370496 0.111976 0.278513
0 0.465187 0.608240 0.132009 0.468609
0 0.600646 0.639078 0.146107 0.517260
0 0.245318 0.184237 0.080233 0.171471
0 0.439056 0.185824 0.080481 0.192389
0 0.725210 0.630278 0.187278 0.505381
0 0.304027 0.214540 0.092055 0.167092
0 0.663937 0.255007 0.102673 0.317322
0 0.506451 0.128828 0.092589 0.154856
0 0.596076 0.265186 0.105766 0.320788
0 0.362711 0.134077 0.093005 0.152902
0 0.796506 0.551945 0.101817 0.403538
0 0.605572 0.190130 0.085547 0.156742
0 0.181815 0.378995 0.104140 0.497008
0 0.080631 0.518864 0.137703 0.725953
0 0.914913 0.074050 0.152677 0.147927
