0 0.057979 0.228254 0.111342 0.211849
0 0.207369 0.457996 0.122513 0.223853
0 0.397692 0.577649 0.088607 0.182848
0 0.475439 0.446458 0.096925 0.190729
0 0.449271 0.203576 0.060821 0.215982
0 0.568281 0.347641 0.077806 0.177806
0 0.313816 0.224949 0.081851 0.191126
0 0.316715 0.443090 0.110095 0.183088
0 0.812517 0.503897 0.100478 0.180063
0 0.943410 0.692539 0.111015 0.175929
0 0.341647 0.346262 0.073475 0.195555
0 0.647278 0.079400 0.071644 0.158800
0 0.546222 0.105053 0.103602 0.208636
0 0.971324 0.261493 0.056421 0.182335
0 0.308421 0.300005 0.145151 0.287943
0 0.883470 0.957193 0.231399 0.085614
0 0.020814 0.048873 0.041629 0.097341
0 0.057323 0.740177 0.113485 0.152718
0 0.274547 0.314119 0.086047 0.201997
0 0.134282 0.034832 0.100316 0.069663
0 0.087663 0.908894 0.174159 0.145558
