0 0.441716 0.626232 0.110471 0.103164
0 0.615226 0.637782 0.108752 0.124859
0 0.711160 0.552286 0.131114 0.143952
0 0.527274 0.668366 0.113075 0.118078
0 0.898364 0.556677 0.133137 0.121725
0 0.914646 0.453250 0.118003 0.109827
0 0.373048 0.542540 0.153253 0.124115
0 0.713183 0.768751 0.128312 0.129732
0 0.551689 0.422211 0.144387 0.121141
0 0.545989 0.534078 0.140358 0.120227
0 0.160726 0.265834 0.253019 0.528889
0 0.496163 0.785948 0.113525 0.108165
0 0.212688 0.791596 0.103270 0.093048
0 0.791949 0.373935 0.144478 0.122098
0 0.321730 0.441346 0.137182 0.189238
0 0.913144 0.765087 0.098143 0.096148
0 0.040370 0.494178 0.073186 0.206227
0 0.346657 0.269773 0.179277 0.539546
0 0.789804 0.223635 0.160783 0.446987
