0 0.597080 0.316455 0.091911 0.117816
0 0.750965 0.226466 0.090115 0.138634
0 0.443085 0.333346 0.073041 0.110330
0 0.508893 0.303907 0.079084 0.112782
0 0.453113 0.185458 0.073994 0.119118
0 0.814641 0.255174 0.075373 0.124176
0 0.335580 0.292891 0.077176 0.125149
0 0.677956 0.310893 0.080925 0.133446
0 0.260159 0.554893 0.092511 0.140968
0 0.414868 0.676838 0.114537 0.390907
0 0.535618 0.653685 0.110280 0.353856
0 0.806181 0.706387 0.172462 0.391975
0 0.185840 0.506409 0.079538 0.202574
0 0.809757 0.424868 0.160376 0.235026
0 0.655940 0.686176 0.105012 0.380534
0 0.101600 0.527603 0.094740 0.154242
0 0.104821 0.684028 0.192536 0.461668
0 0.863137 0.116887 0.034627 0.060185
0 0.529835 0.555529 0.088487 0.151808
0 0.266078 0.705191 0.107889 0.422274
0 0.656427 0.559598 0.095837 0.119720
