0 0.760182 0.635247 0.119256 0.429721
0 0.713529 0.280603 0.106448 0.260170
0 0.590476 0.251552 0.104358 0.219442
0 0.455605 0.654068 0.116446 0.459982
0 0.608502 0.611761 0.137779 0.424982
0 0.153968 0.630815 0.166965 0.586685
0 0.728103 0.415084 0.093512 0.201688
0 0.445970 0.379207 0.074691 0.131060
0 0.457530 0.264759 0.127360 0.287353
0 0.887053 0.626886 0.106172 0.433140
0 0.587839 0.377223 0.100677 0.123121
0 0.318606 0.259782 0.112284 0.265125
0 0.859983 0.365633 0.088371 0.110698
0 0.282753 0.658075 0.138701 0.484020
0 0.855295 0.273355 0.113320 0.253808
0 0.309663 0.376627 0.115250 0.136537
0 0.291014 0.520781 0.102298 0.200403
0 0.721134 0.215963 0.096698 0.117096
