0 0.354653 0.644734 0.117103 0.150463
0 0.764925 0.854284 0.097634 0.149452
0 0.390671 0.916422 0.083553 0.116120
0 0.417585 0.787476 0.099283 0.113529
0 0.568211 0.931174 0.085788 0.108292
0 0.282296 0.861853 0.096131 0.146185
0 0.600773 0.792554 0.080400 0.117664
0 0.797232 0.711529 0.109358 0.167037
0 0.157806 0.831037 0.098008 0.120922
0 0.482174 0.872690 0.082134 0.115618
0 0.504014 0.662564 0.113148 0.154801
0 0.676525 0.887654 0.111095 0.200452
0 0.644729 0.652090 0.173869 0.139553
0 0.235519 0.735718 0.109173 0.143016
