0 0.732414 0.564978 0.206740 0.077645
0 0.436922 0.371635 0.181068 0.085192
0 0.266855 0.099760 0.178873 0.195649
0 0.216367 0.695510 0.175558 0.083960
0 0.644023 0.400221 0.256245 0.105307
0 0.541947 0.720253 0.183850 0.092991
0 0.428801 0.634508 0.184840 0.102478
0 0.036264 0.936710 0.071447 0.121973
0 0.864374 0.623149 0.271253 0.111161
0 0.122890 0.934036 0.147195 0.131928
0 0.634401 0.160413 0.164857 0.137652
0 0.905431 0.443821 0.189137 0.089358
0 0.686276 0.898968 0.152852 0.150434
0 0.411391 0.774826 0.176576 0.123193
0 0.469384 0.096918 0.141665 0.088647
0 0.882441 0.778713 0.235119 0.117197
0 0.047490 0.389420 0.094981 0.099551
0 0.924316 0.381001 0.150706 0.075735
0 0.960754 0.547745 0.077731 0.090850
0 0.421306 0.035975 0.107592 0.071757
0 0.456095 0.956704 0.131847 0.086593
0 0.636497 0.969794 0.103523 0.059732
