0 0.919289 0.865344 0.136353 0.147314
0 0.594475 0.282247 0.087259 0.198981
0 0.654176 0.161889 0.078068 0.193057
0 0.405798 0.269849 0.080743 0.222541
0 0.687325 0.437642 0.093532 0.194832
0 0.653511 0.752914 0.096993 0.195631
0 0.610077 0.576728 0.087151 0.187483
0 0.792800 0.103819 0.101387 0.206113
0 0.869895 0.315405 0.101731 0.183978
0 0.124705 0.372359 0.119686 0.175651
0 0.912761 0.394392 0.113128 0.178753
0 0.346178 0.566264 0.084470 0.171113
0 0.047135 0.739586 0.092734 0.174111
0 0.066498 0.094908 0.112623 0.189815
0 0.714513 0.593921 0.108741 0.171666
0 0.054884 0.504406 0.109087 0.179394
0 0.358054 0.075023 0.083623 0.147918
0 0.553943 0.037829 0.054450 0.075658
0 0.945432 0.528921 0.108135 0.180213
0 0.418812 0.069237 0.056928 0.138474
0 0.830208 0.439675 0.082016 0.145107
0 0.040432 0.291822 0.079596 0.265232
0 0.933678 0.966688 0.123032 0.066625
0 0.147113 0.656947 0.133692 0.143789
0 0.794466 0.509235 0.090547 0.135803
0 0.642116 0.053832 0.085448 0.107665
0 0.477958 0.026819 0.066918 0.053638
