0 0.145721 0.329819 0.188714 0.080540
0 0.411821 0.325262 0.201316 0.078995
0 0.736901 0.350198 0.169457 0.077743
0 0.704707 0.899906 0.156706 0.174440
0 0.273136 0.381037 0.202841 0.090085
0 0.251565 0.584430 0.260792 0.094469
0 0.559271 0.412382 0.188585 0.098226
0 0.571210 0.663778 0.185930 0.096058
0 0.896308 0.114492 0.193080 0.172467
0 0.074892 0.614696 0.148526 0.173839
0 0.638427 0.847338 0.219319 0.115072
0 0.537175 0.072862 0.161864 0.135983
0 0.558922 0.301313 0.234044 0.093631
0 0.103838 0.181779 0.207676 0.105395
0 0.723573 0.948559 0.202721 0.079574
0 0.373175 0.911360 0.157248 0.169927
0 0.043346 0.444578 0.086691 0.067242
0 0.532374 0.949524 0.132867 0.099813
0 0.083773 0.360276 0.167546 0.099976
0 0.368812 0.081000 0.148937 0.079897
0 0.064703 0.580964 0.128975 0.074926
0 0.965711 0.068169 0.067317 0.124761
0 0.088847 0.923608 0.177694 0.129131
0 0.847373 0.970176 0.103899 0.059647
0 0.338687 0.150716 0.238182 0.100095
0 0.474272 0.197210 0.235497 0.103717
0 0.957713 0.975310 0.080958 0.049380
0 0.274316 0.960843 0.096841 0.078314
0 0.078008 0.651460 0.156016 0.066074
