0 0.416085 0.616018 0.190823 0.103366
0 0.313217 0.076089 0.184132 0.147858
0 0.785573 0.671063 0.200045 0.095248
0 0.535380 0.810250 0.216585 0.111033
0 0.797556 0.543441 0.226279 0.069441
0 0.657156 0.693993 0.395232 0.129011
0 0.551384 0.543949 0.202462 0.090739
0 0.908725 0.362794 0.182550 0.088769
0 0.890721 0.476685 0.218559 0.106675
0 0.049249 0.113437 0.096381 0.226875
0 0.495717 0.215938 0.180430 0.105260
0 0.651247 0.450492 0.200712 0.091389
0 0.263434 0.946701 0.152451 0.106597
0 0.762137 0.947518 0.219275 0.104965
0 0.914677 0.444346 0.170647 0.067186
0 0.091651 0.901017 0.128542 0.179835
0 0.539518 0.694645 0.134875 0.102675
0 0.966220 0.848861 0.067560 0.105692
