0 0.177028 0.466647 0.120635 0.209386
0 0.369829 0.582436 0.119411 0.171000
0 0.484040 0.200477 0.083462 0.210626
0 0.348416 0.210540 0.083032 0.193944
0 0.307672 0.319958 0.133367 0.271228
0 0.289571 0.434155 0.092612 0.196529
0 0.916982 0.676428 0.154821 0.176167
0 0.529552 0.362586 0.075088 0.175541
0 0.444777 0.465048 0.079749 0.205810
0 0.631009 0.093711 0.068768 0.185803
0 0.766000 0.510161 0.105771 0.161608
0 0.518049 0.085968 0.111252 0.171935
0 0.880701 0.959980 0.223540 0.079915
0 0.115433 0.900267 0.157839 0.132843
0 0.970984 0.838680 0.056885 0.123977
0 0.162296 0.034203 0.083191 0.068406
0 0.041949 0.228193 0.083899 0.258681
0 0.057212 0.745351 0.113128 0.160731
