0 0.888495 0.552950 0.209366 0.080760
0 0.629855 0.508272 0.182705 0.082394
0 0.132948 0.836734 0.145980 0.166174
0 0.806710 0.634887 0.201109 0.071808
0 0.419805 0.679710 0.208750 0.100437
0 0.540440 0.853926 0.224930 0.138646
0 0.516935 0.602708 0.202390 0.090564
0 0.491422 0.275038 0.175210 0.125662
0 0.904062 0.380266 0.190631 0.092860
0 0.351581 0.103520 0.165956 0.146846
0 0.698212 0.692838 0.302751 0.108836
0 0.264963 0.955748 0.149888 0.088503
0 0.042644 0.115245 0.083865 0.218083
0 0.817444 0.486472 0.249559 0.079038
0 0.190247 0.062326 0.107375 0.124652
0 0.582530 0.750098 0.188558 0.080966
0 0.971285 0.797205 0.057431 0.087177
0 0.498515 0.029919 0.117279 0.059769
0 0.699784 0.974038 0.095864 0.051630
