0 0.862412 0.719161 0.274550 0.554914
0 0.736221 0.334739 0.211627 0.410214
0 0.854351 0.199373 0.228365 0.374109
0 0.545364 0.179846 0.226622 0.359692
0 0.402546 0.184069 0.223812 0.345392
0 0.173542 0.275979 0.221311 0.426186
0 0.102831 0.556782 0.203952 0.503797
0 0.266587 0.190410 0.189214 0.336703
0 0.387708 0.476713 0.253679 0.409121
0 0.247287 0.713550 0.300605 0.566291
0 0.576529 0.646078 0.252253 0.704008
0 0.648827 0.219577 0.172069 0.312572
0 0.061905 0.139933 0.123810 0.279867
0 0.073966 0.308684 0.146939 0.245557
0 0.940806 0.388398 0.115890 0.484692
