0 0.498901 0.315621 0.214055 0.063151
0 0.228122 0.800815 0.172156 0.052885
0 0.783761 0.537442 0.419251 0.086090
0 0.809850 0.719625 0.235191 0.080926
0 0.927601 0.647116 0.144767 0.080799
0 0.898422 0.365903 0.203156 0.088390
0 0.135745 0.859189 0.150282 0.049062
0 0.906697 0.113799 0.185944 0.128469
0 0.813074 0.966183 0.301555 0.067635
0 0.646948 0.899519 0.233701 0.077338
0 0.168774 0.756632 0.169831 0.063138
0 0.798679 0.250277 0.297139 0.096475
0 0.411971 0.370133 0.238184 0.070037
0 0.344300 0.879505 0.225760 0.080282
0 0.654391 0.806749 0.292752 0.087261
0 0.538274 0.257611 0.168330 0.063137
0 0.543611 0.600550 0.398151 0.083510
0 0.270585 0.597736 0.133244 0.037424
0 0.859863 0.902327 0.245385 0.081675
0 0.730531 0.353529 0.135690 0.049638
0 0.774764 0.128454 0.229080 0.086155
0 0.622037 0.521684 0.303256 0.065893
0 0.259919 0.224633 0.169773 0.075046
0 0.264255 0.334545 0.133999 0.039117
0 0.243621 0.701035 0.164998 0.049175
0 0.960124 0.837273 0.078374 0.071482
0 0.253552 0.386914 0.087437 0.049004
0 0.067746 0.794736 0.134997 0.050806
0 0.703922 0.439198 0.256192 0.087250
0 0.395753 0.712060 0.165999 0.048136
0 0.311286 0.653166 0.153856 0.053755
0 0.463746 0.076207 0.378112 0.121062
0 0.420421 0.827769 0.164560 0.053958
0 0.055750 0.428252 0.109276 0.044436
0 0.104579 0.874803 0.190208 0.091911
0 0.452510 0.971144 0.219839 0.057712
0 0.148052 0.354821 0.116251 0.042835
0 0.739696 0.424178 0.101254 0.048780
0 0.281717 0.563847 0.107672 0.037744
0 0.070942 0.581960 0.119193 0.038061
0 0.541327 0.420350 0.240786 0.067649
0 0.312837 0.251186 0.132441 0.044025
0 0.095617 0.551435 0.152440 0.040881
0 0.205662 0.302489 0.303950 0.080912
0 0.538802 0.083065 0.231420 0.073010
0 0.481582 0.549466 0.215973 0.048563
