0 0.211077 0.781745 0.166175 0.398090
0 0.396888 0.832843 0.172903 0.334315
0 0.741979 0.208710 0.114502 0.287947
0 0.907583 0.318228 0.140762 0.251416
0 0.145510 0.522755 0.115319 0.189810
0 0.431090 0.375394 0.125860 0.262815
0 0.788484 0.465454 0.160812 0.291065
0 0.078975 0.660052 0.155642 0.308414
0 0.516441 0.217231 0.066225 0.141814
0 0.682315 0.758091 0.226242 0.474362
0 0.348214 0.596699 0.160671 0.318293
0 0.522142 0.768682 0.180741 0.450573
0 0.257534 0.190616 0.091415 0.148006
0 0.133085 0.341864 0.125591 0.223553
0 0.318750 0.372449 0.111228 0.182946
0 0.677900 0.291080 0.131534 0.183392
0 0.479804 0.293368 0.104214 0.161862
0 0.659410 0.162844 0.089191 0.145113
0 0.090330 0.874295 0.177843 0.240413
0 0.935961 0.766581 0.128078 0.442714
0 0.409611 0.223277 0.088640 0.141626
0 0.369697 0.277637 0.096342 0.156630
0 0.541662 0.404072 0.123167 0.230594
0 0.332194 0.201678 0.075301 0.139306
0 0.832314 0.278080 0.098025 0.203883
0 0.224562 0.382224 0.111512 0.278996
0 0.694523 0.075511 0.072456 0.133031
0 0.202725 0.207648 0.094877 0.154913
0 0.659674 0.453212 0.158001 0.229999
0 0.917417 0.167944 0.078511 0.144514
0 0.478407 0.155095 0.088509 0.139956
0 0.289512 0.266871 0.108980 0.133212
0 0.071815 0.212749 0.077358 0.122034
0 0.949870 0.093984 0.088565 0.163892
0 0.422554 0.137467 0.076229 0.123715
0 0.568926 0.118793 0.075281 0.129673
0 0.902164 0.514981 0.180018 0.263626
0 0.753289 0.052002 0.074898 0.094972
0 0.971511 0.247604 0.055656 0.248479
0 0.368878 0.133381 0.076674 0.137681
0 0.903825 0.056814 0.070110 0.113267
0 0.551663 0.207599 0.074796 0.145571
0 0.606071 0.181647 0.087776 0.138988
0 0.598113 0.283048 0.104636 0.173368
0 0.634609 0.078126 0.079893 0.133727
0 0.139328 0.207857 0.087487 0.132798
0 0.826172 0.113961 0.072038 0.175399
0 0.039594 0.362150 0.074116 0.291681
0 0.979013 0.063161 0.041974 0.126321
0 0.022205 0.200817 0.044409 0.119952
0 0.852574 0.056534 0.067788 0.113068
0 0.522802 0.115010 0.084649 0.140142
0 0.305392 0.156557 0.072297 0.148220
0 0.947397 0.029569 0.071227 0.059138
0 0.974577 0.455263 0.049492 0.222550
