0 0.163896 0.551641 0.105323 0.070164
0 0.179514 0.298899 0.089828 0.063188
0 0.180761 0.164569 0.108123 0.066858
0 0.395951 0.097353 0.128627 0.088495
0 0.140363 0.886173 0.121091 0.065360
0 0.143062 0.824960 0.128696 0.070617
0 0.304807 0.964762 0.142929 0.068239
0 0.192368 0.048591 0.105102 0.053732
0 0.052012 0.668351 0.084760 0.056129
0 0.808052 0.159509 0.123891 0.077705
0 0.423896 0.606325 0.139826 0.082064
0 0.633872 0.239573 0.212673 0.100461
0 0.324476 0.489664 0.126987 0.072249
0 0.833208 0.346316 0.130814 0.087768
0 0.142756 0.688029 0.117443 0.067511
0 0.413414 0.856228 0.101757 0.081677
0 0.843965 0.090937 0.119266 0.077229
0 0.781892 0.743252 0.155390 0.136103
0 0.473743 0.504679 0.201744 0.081606
0 0.732610 0.607885 0.216362 0.128961
0 0.515638 0.389028 0.136663 0.106650
0 0.411942 0.180299 0.147358 0.073380
0 0.068209 0.038376 0.087443 0.061307
0 0.227785 0.102482 0.148935 0.066558
0 0.907923 0.901949 0.184095 0.145380
0 0.308495 0.651429 0.114192 0.079532
0 0.068347 0.628911 0.093707 0.044862
0 0.693359 0.890568 0.245063 0.142351
0 0.899550 0.381406 0.200569 0.125274
0 0.119438 0.648140 0.051565 0.049518
0 0.658606 0.784786 0.106667 0.075994
0 0.189498 0.013957 0.144997 0.027738
0 0.895478 0.121828 0.204605 0.126494
0 0.181909 0.094322 0.103354 0.056433
0 0.513106 0.877300 0.161223 0.148598
0 0.233074 0.572171 0.085788 0.078821
0 0.221249 0.179762 0.130066 0.061629
0 0.299341 0.246229 0.114416 0.079053
0 0.152466 0.934248 0.072780 0.051223
0 0.461548 0.182591 0.248203 0.111194
0 0.877291 0.259826 0.245418 0.095320
0 0.891623 0.861308 0.151329 0.073436
