0 0.437101 0.108300 0.158309 0.043249
0 0.811475 0.206421 0.148830 0.063549
0 0.084033 0.764300 0.139981 0.042129
0 0.213238 0.144011 0.122754 0.044007
0 0.409744 0.906230 0.117585 0.035301
0 0.588055 0.284928 0.118750 0.042226
0 0.297045 0.174804 0.176538 0.040980
0 0.911788 0.021430 0.173248 0.042860
0 0.585234 0.751584 0.155210 0.034433
0 0.240329 0.527121 0.114758 0.047484
0 0.909863 0.717105 0.137627 0.042799
0 0.210530 0.240076 0.102218 0.049221
0 0.863646 0.363046 0.148408 0.051020
0 0.637040 0.085638 0.127911 0.039746
0 0.305591 0.309008 0.116086 0.036811
0 0.948959 0.879048 0.102082 0.045399
0 0.920198 0.590806 0.131636 0.042393
0 0.218814 0.826707 0.139931 0.052153
0 0.353561 0.812413 0.159097 0.047012
0 0.597601 0.493125 0.124324 0.033143
0 0.533791 0.215313 0.145050 0.039234
0 0.658809 0.984059 0.133703 0.031646
0 0.418988 0.963439 0.162139 0.043990
0 0.651037 0.551251 0.133233 0.036409
0 0.327800 0.878136 0.126017 0.047748
0 0.477517 0.522395 0.147739 0.044729
0 0.687269 0.447842 0.159180 0.062180
0 0.672569 0.924825 0.121363 0.039074
0 0.973950 0.935169 0.052047 0.037246
0 0.272767 0.418160 0.108070 0.036393
0 0.368738 0.233692 0.118190 0.037447
0 0.953535 0.316356 0.092931 0.055443
0 0.066400 0.504996 0.114174 0.032524
0 0.048780 0.227088 0.097170 0.038922
0 0.651867 0.797340 0.105827 0.042457
0 0.585884 0.881868 0.115822 0.037666
0 0.146278 0.333594 0.119405 0.028945
0 0.943131 0.549686 0.109119 0.038882
0 0.279872 0.743161 0.127332 0.047463
0 0.065881 0.314374 0.123267 0.039468
0 0.980698 0.422436 0.037944 0.034782
0 0.245131 0.452317 0.104141 0.039856
0 0.066478 0.480802 0.069241 0.036037
0 0.395960 0.581204 0.107457 0.033749
0 0.082218 0.289670 0.151081 0.044912
0 0.246887 0.378510 0.108020 0.027090
0 0.489598 0.340468 0.153511 0.031972
0 0.799263 0.301072 0.127285 0.037547
0 0.963861 0.980339 0.072278 0.039013
0 0.727284 0.825926 0.124924 0.052348
0 0.925032 0.672532 0.149556 0.050906
0 0.284090 0.359682 0.122916 0.036391
0 0.289263 0.087646 0.185147 0.042368
0 0.102560 0.416398 0.140721 0.033687
0 0.317777 0.698231 0.085651 0.041959
0 0.632455 0.380484 0.126773 0.035664
0 0.178605 0.928623 0.115455 0.045012
0 0.597428 0.625998 0.131328 0.045146
0 0.980845 0.215555 0.038309 0.037469
0 0.085122 0.584195 0.114196 0.046936
0 0.310086 0.277566 0.120647 0.036853
0 0.684970 0.883307 0.100710 0.037339
0 0.031202 0.964777 0.062404 0.047587
0 0.584035 0.831995 0.069300 0.031413
0 0.420956 0.744938 0.111373 0.047171
0 0.526696 0.380658 0.112613 0.039433
0 0.422550 0.406788 0.135840 0.042377
