0 0.235252 0.557504 0.054548 0.226349
0 0.640520 0.531879 0.034980 0.136413
0 0.583184 0.601229 0.072869 0.268353
0 0.869780 0.624793 0.097198 0.430805
0 0.737528 0.616057 0.065191 0.311296
0 0.502239 0.709053 0.117578 0.570712
0 0.381647 0.581479 0.054649 0.220755
0 0.800653 0.647290 0.080742 0.408418
0 0.074420 0.560491 0.050142 0.219588
0 0.117516 0.569484 0.054063 0.222828
0 0.335360 0.571905 0.041805 0.206762
0 0.669181 0.542454 0.036946 0.160209
0 0.029507 0.628138 0.059013 0.328004
0 0.193268 0.535499 0.030483 0.102145
0 0.362869 0.494996 0.030967 0.057692
0 0.160384 0.534378 0.040931 0.133330
0 0.315518 0.520098 0.028809 0.117464
