0 0.608590 0.747338 0.125933 0.078834
0 0.189853 0.402891 0.123995 0.085502
0 0.690010 0.645703 0.112626 0.078853
0 0.620430 0.348523 0.135597 0.105464
0 0.671684 0.500632 0.156698 0.119540
0 0.294910 0.598133 0.183501 0.091490
0 0.044615 0.371193 0.088226 0.178215
0 0.067199 0.104366 0.134399 0.081726
0 0.064677 0.202394 0.128367 0.095821
0 0.937411 0.894275 0.111452 0.063220
0 0.066156 0.613370 0.101698 0.072542
0 0.943852 0.772063 0.111698 0.174564
0 0.890464 0.551629 0.162039 0.117107
0 0.854253 0.355081 0.159045 0.116896
0 0.940037 0.129217 0.119927 0.077216
0 0.181570 0.473010 0.162547 0.087227
0 0.941005 0.827611 0.113670 0.074796
0 0.083973 0.683124 0.060163 0.055751
