0 0.572655 0.727631 0.045062 0.204174
0 0.493694 0.421973 0.036182 0.175070
0 0.103995 0.889799 0.052728 0.189489
0 0.532983 0.331688 0.035166 0.175597
0 0.380637 0.147788 0.026738 0.153076
0 0.376562 0.469337 0.034956 0.188336
0 0.315200 0.415499 0.032795 0.129087
0 0.589975 0.226796 0.030540 0.134767
0 0.731629 0.110178 0.030612 0.167459
0 0.934862 0.306455 0.036332 0.176573
0 0.432933 0.121901 0.032930 0.156011
0 0.864940 0.929678 0.053993 0.140055
0 0.856198 0.763630 0.047678 0.195644
0 0.626582 0.414757 0.035933 0.166705
0 0.901718 0.551168 0.041894 0.201828
0 0.318200 0.553221 0.045680 0.175370
0 0.401023 0.339055 0.032996 0.167985
0 0.060889 0.195979 0.038308 0.153406
0 0.906939 0.172169 0.035042 0.165453
0 0.189268 0.618469 0.032142 0.190946
0 0.604014 0.933551 0.043036 0.132897
0 0.622868 0.081971 0.045833 0.161177
0 0.482501 0.111370 0.026833 0.153275
0 0.513235 0.054138 0.030453 0.106145
0 0.954420 0.409438 0.042296 0.175402
0 0.251281 0.631463 0.033299 0.169512
0 0.544401 0.949211 0.034031 0.101543
0 0.061673 0.104327 0.024880 0.089643
0 0.461168 0.125217 0.025211 0.142203
0 0.136474 0.037904 0.031679 0.075808
0 0.216615 0.642768 0.035542 0.171013
0 0.868810 0.115530 0.025535 0.140141
0 0.889805 0.127418 0.029899 0.160901
0 0.988223 0.246139 0.023553 0.142928
0 0.662578 0.074306 0.025997 0.100148
0 0.951429 0.020148 0.026120 0.039946
0 0.985280 0.410918 0.029441 0.176139
0 0.013749 0.657798 0.027499 0.193093
