0 0.403471 0.597586 0.037095 0.172643
0 0.810180 0.864726 0.046773 0.213942
0 0.500180 0.513412 0.040192 0.184372
0 0.389148 0.263934 0.035466 0.166362
0 0.562280 0.097950 0.031669 0.124660
0 0.665229 0.166152 0.031412 0.139235
0 0.915612 0.138387 0.042833 0.138724
0 0.730791 0.078864 0.030800 0.135579
0 0.105391 0.226463 0.040112 0.139336
0 0.034637 0.169149 0.034142 0.125891
0 0.547868 0.926959 0.062376 0.146083
0 0.501063 0.143775 0.033217 0.137299
0 0.422723 0.064309 0.024176 0.111237
0 0.250557 0.498980 0.033487 0.146845
0 0.549363 0.187976 0.026218 0.117077
0 0.186839 0.493901 0.037024 0.157355
0 0.635365 0.827321 0.040341 0.187582
0 0.760064 0.050338 0.028670 0.100123
0 0.610246 0.035210 0.025913 0.070420
0 0.978123 0.097384 0.034029 0.126839
0 0.952112 0.543804 0.056907 0.186088
0 0.676770 0.826550 0.042588 0.177633
0 0.945912 0.105386 0.029617 0.137747
0 0.213553 0.510472 0.031135 0.164047
0 0.677221 0.037194 0.034435 0.074389
0 0.530898 0.158954 0.027768 0.142536
0 0.643396 0.037337 0.028736 0.074673
0 0.505382 0.044364 0.031622 0.087594
0 0.373746 0.020580 0.022976 0.041161
0 0.588017 0.043195 0.023344 0.076331
0 0.989900 0.307990 0.019969 0.134049
0 0.007416 0.311938 0.014831 0.147143
0 0.006618 0.616238 0.013182 0.127358
0 0.983944 0.168293 0.031617 0.157374
