0 0.505507 0.425504 0.035289 0.171101
0 0.462992 0.334648 0.037112 0.180933
0 0.428689 0.727351 0.045747 0.202932
0 0.600745 0.343194 0.030205 0.167903
0 0.144598 0.764582 0.051498 0.195747
0 0.618849 0.147312 0.032186 0.160543
0 0.899875 0.890404 0.048904 0.193234
0 0.681932 0.553148 0.042220 0.158934
0 0.622994 0.476418 0.038599 0.206667
0 0.268926 0.113296 0.029199 0.165935
0 0.408964 0.224166 0.028810 0.129765
0 0.684122 0.414754 0.032725 0.135710
0 0.392735 0.934546 0.038303 0.130909
0 0.099497 0.553244 0.038722 0.197106
0 0.064913 0.309490 0.033135 0.177967
0 0.371842 0.417454 0.034573 0.161320
0 0.135437 0.926677 0.056362 0.142541
0 0.941382 0.191718 0.036213 0.151931
0 0.571760 0.123228 0.029857 0.153193
0 0.381267 0.081152 0.045404 0.159524
0 0.810313 0.610147 0.030452 0.176312
0 0.516724 0.110927 0.029907 0.153993
0 0.091880 0.170380 0.039583 0.153162
0 0.455586 0.949965 0.036641 0.100069
0 0.048223 0.409993 0.038082 0.172282
0 0.489302 0.058260 0.028063 0.111546
0 0.750817 0.628012 0.029114 0.162221
0 0.131551 0.115724 0.020515 0.136378
0 0.539806 0.125883 0.029432 0.151656
0 0.782953 0.635937 0.027765 0.161459
0 0.862921 0.037472 0.034456 0.074945
0 0.013095 0.249661 0.026190 0.137125
0 0.047619 0.019353 0.022366 0.038706
0 0.013245 0.411206 0.026490 0.155725
0 0.110217 0.107313 0.028044 0.123122
0 0.986126 0.661418 0.027748 0.184641
0 0.296656 0.061587 0.026248 0.112936
0 0.427501 0.022269 0.030929 0.043879
