0 0.813381 0.507615 0.159894 0.044639
0 0.798406 0.378672 0.131600 0.046982
0 0.799619 0.626434 0.184148 0.061937
0 0.919193 0.553992 0.141080 0.063684
0 0.414743 0.335668 0.203957 0.070213
0 0.921309 0.269682 0.157382 0.052604
0 0.842792 0.946348 0.144660 0.045519
0 0.930483 0.871525 0.134243 0.047871
0 0.576110 0.047953 0.181712 0.062714
0 0.928464 0.800014 0.124352 0.045146
0 0.458418 0.448737 0.178496 0.049401
0 0.343085 0.700756 0.184060 0.064752
0 0.717072 0.162480 0.184471 0.054493
0 0.665131 0.387565 0.156884 0.049902
0 0.233030 0.906806 0.221144 0.072209
0 0.328360 0.611991 0.222174 0.074514
0 0.802864 0.074386 0.247323 0.070420
0 0.579244 0.492293 0.204939 0.062539
0 0.963292 0.621434 0.073416 0.049524
0 0.460945 0.506721 0.211486 0.054991
0 0.615663 0.429194 0.201472 0.051443
0 0.957318 0.338488 0.085365 0.041991
0 0.495012 0.795162 0.208304 0.075384
0 0.493352 0.752536 0.181126 0.048430
0 0.963171 0.388591 0.073657 0.039727
0 0.485005 0.702470 0.168188 0.063288
