0 0.589409 0.490797 0.038100 0.171418
0 0.497196 0.620073 0.040196 0.177501
0 0.601983 0.191687 0.035079 0.151519
0 0.229327 0.886854 0.051932 0.168332
0 0.495057 0.189921 0.035375 0.141293
0 0.173226 0.698625 0.044109 0.193125
0 0.908618 0.281936 0.040693 0.142608
0 0.530789 0.054356 0.022797 0.099973
0 0.969428 0.177852 0.033570 0.123747
0 0.970105 0.682115 0.043397 0.176818
0 0.266966 0.077330 0.034812 0.144144
0 0.089049 0.060123 0.031382 0.120246
0 0.814925 0.499712 0.034533 0.176661
0 0.146612 0.092707 0.031202 0.124696
0 0.323880 0.096091 0.026525 0.128734
0 0.434252 0.695182 0.042546 0.189001
0 0.050649 0.062929 0.031659 0.124191
0 0.783160 0.511520 0.034338 0.148860
0 0.121945 0.092383 0.025811 0.120923
0 0.032862 0.136944 0.047179 0.193721
0 0.443698 0.139270 0.023298 0.092757
0 0.357691 0.035153 0.028551 0.070307
0 0.025304 0.647787 0.048724 0.199090
0 0.463006 0.193309 0.029607 0.122357
0 0.751142 0.502793 0.032746 0.133811
0 0.445730 0.049077 0.029424 0.095981
0 0.237763 0.976707 0.055739 0.046585
0 0.986532 0.383796 0.026936 0.142857
0 0.475564 0.085963 0.026452 0.079668
0 0.660259 0.018777 0.022006 0.037478
0 0.313658 0.971887 0.062574 0.056226
0 0.390035 0.029684 0.023081 0.059369
0 0.497777 0.054613 0.025598 0.096079
0 0.503634 0.030357 0.025948 0.060715
0 0.258906 0.018198 0.021288 0.036395
