0 0.680017 0.339899 0.202999 0.062131
0 0.276677 0.351460 0.192521 0.059667
0 0.800078 0.964527 0.162088 0.052071
0 0.804757 0.876848 0.189700 0.063073
0 0.865602 0.209705 0.171358 0.046138
0 0.543104 0.620745 0.225510 0.068478
0 0.905095 0.274354 0.180665 0.046591
0 0.921363 0.657299 0.137662 0.032313
0 0.656545 0.456026 0.176265 0.053150
0 0.144462 0.455237 0.254022 0.078755
0 0.900592 0.468685 0.160227 0.037462
0 0.548500 0.516659 0.206120 0.056840
0 0.089617 0.594742 0.175701 0.068834
0 0.388154 0.802690 0.227446 0.070521
0 0.919374 0.350673 0.160384 0.061852
0 0.940403 0.404623 0.087947 0.048321
0 0.486781 0.060416 0.236399 0.078924
0 0.395319 0.753715 0.222376 0.060831
0 0.910414 0.501529 0.177280 0.043884
0 0.056064 0.735063 0.111792 0.079422
0 0.924160 0.637714 0.141594 0.039285
0 0.961181 0.567097 0.077639 0.041012
