0 0.490442 0.537895 0.036824 0.154030
0 0.384676 0.669819 0.049702 0.197934
0 0.567728 0.393948 0.033940 0.168716
0 0.834299 0.284974 0.034823 0.165964
0 0.490448 0.189733 0.029446 0.130722
0 0.454958 0.080633 0.024859 0.129453
0 0.126053 0.066791 0.032566 0.118057
0 0.293605 0.653175 0.045689 0.165581
0 0.506307 0.415252 0.041120 0.151782
0 0.292004 0.510294 0.039924 0.147920
0 0.665713 0.591782 0.039846 0.184974
0 0.951812 0.431684 0.040502 0.176096
0 0.050344 0.157826 0.029205 0.126602
0 0.608720 0.335959 0.034191 0.128786
0 0.091500 0.770720 0.051197 0.196106
0 0.365987 0.212270 0.034047 0.145649
0 0.732358 0.083594 0.028104 0.135174
0 0.618620 0.204151 0.032350 0.117421
0 0.381848 0.137876 0.026694 0.120754
0 0.548017 0.539816 0.028727 0.142930
0 0.942105 0.147348 0.028009 0.120113
0 0.916433 0.232819 0.040508 0.163999
0 0.197446 0.070206 0.031874 0.106149
0 0.186719 0.510612 0.032227 0.165118
0 0.431249 0.080819 0.024549 0.136780
0 0.378816 0.036517 0.027043 0.073033
0 0.216361 0.519308 0.034973 0.170005
0 0.249358 0.515036 0.029580 0.135567
0 0.919551 0.143377 0.024938 0.102545
0 0.662715 0.036597 0.027227 0.073194
0 0.498845 0.022177 0.024931 0.043432
0 0.591283 0.019466 0.033421 0.038932
0 0.522371 0.020257 0.022891 0.040514
