0 0.321767 0.390883 0.171625 0.078354
0 0.194399 0.943990 0.168287 0.046991
0 0.114328 0.271209 0.179369 0.044546
0 0.333301 0.624287 0.221784 0.061681
0 0.407651 0.060018 0.226079 0.063230
0 0.790300 0.463846 0.215426 0.059890
0 0.872987 0.350869 0.244974 0.078043
0 0.796371 0.946958 0.245929 0.067912
0 0.570148 0.429445 0.217353 0.060707
0 0.919724 0.621722 0.159486 0.093054
0 0.131350 0.554981 0.167326 0.061842
0 0.427314 0.146618 0.199819 0.062517
0 0.174013 0.510551 0.183564 0.039288
0 0.123507 0.578278 0.165948 0.034121
0 0.618511 0.786877 0.257096 0.113703
0 0.094352 0.862274 0.188704 0.082756
0 0.488184 0.504232 0.352059 0.070157
0 0.209333 0.091962 0.276975 0.076105
0 0.083696 0.625037 0.141734 0.039527
0 0.544083 0.692586 0.213917 0.060877
0 0.241848 0.614706 0.170134 0.051915
0 0.035214 0.475819 0.070428 0.053010
0 0.608501 0.692043 0.373945 0.100529
0 0.967849 0.076226 0.063854 0.083666
0 0.051141 0.402536 0.101405 0.045778
0 0.062535 0.329212 0.125070 0.067904
