0 0.488749 0.487972 0.192832 0.068842
0 0.700788 0.457734 0.182062 0.055446
0 0.504680 0.180461 0.186421 0.073714
0 0.906006 0.691860 0.124265 0.046260
0 0.435685 0.729271 0.186445 0.068793
0 0.803877 0.756778 0.175303 0.082550
0 0.842380 0.630607 0.167388 0.050648
0 0.936935 0.466090 0.125642 0.053850
0 0.614094 0.921239 0.198552 0.067092
0 0.816233 0.074828 0.152508 0.052360
0 0.936713 0.818651 0.125675 0.062272
0 0.869201 0.522318 0.157055 0.073804
0 0.235913 0.925429 0.197385 0.071938
0 0.905413 0.140732 0.143699 0.057626
0 0.265841 0.441680 0.237714 0.075052
0 0.777267 0.594395 0.189160 0.051632
0 0.710864 0.367698 0.247179 0.071512
0 0.454410 0.932122 0.199852 0.073576
0 0.899446 0.884916 0.201108 0.059970
0 0.927762 0.230658 0.144476 0.063241
0 0.444412 0.304669 0.188437 0.057383
0 0.870425 0.551994 0.161841 0.044073
0 0.971696 0.102072 0.056543 0.046567
0 0.758150 0.367762 0.120057 0.050569
0 0.039104 0.745913 0.078208 0.071557
0 0.429962 0.265489 0.201137 0.096140
0 0.170501 0.045430 0.143177 0.066140
