0 0.503111 0.277325 0.035972 0.152222
0 0.633305 0.779211 0.041705 0.213840
0 0.615725 0.322673 0.032532 0.170482
0 0.390275 0.614320 0.044096 0.171298
0 0.590095 0.560707 0.034673 0.181368
0 0.422007 0.116624 0.030966 0.123840
0 0.854240 0.595448 0.045645 0.210334
0 0.215340 0.627706 0.045296 0.193811
0 0.938771 0.214683 0.034022 0.137089
0 0.237815 0.874301 0.043006 0.213457
0 0.690642 0.282805 0.029902 0.106128
0 0.362120 0.210171 0.031235 0.176224
0 0.471070 0.199778 0.035502 0.165873
0 0.051161 0.247562 0.039300 0.157488
0 0.145729 0.083255 0.027252 0.132121
0 0.610914 0.056708 0.033838 0.105161
0 0.224581 0.456171 0.040676 0.193520
0 0.746444 0.639559 0.029953 0.159734
0 0.873754 0.101852 0.032732 0.138426
0 0.545866 0.146267 0.028028 0.151246
0 0.575341 0.150596 0.031550 0.143188
0 0.688155 0.387584 0.034630 0.146460
0 0.521120 0.154320 0.025123 0.153738
0 0.958515 0.944296 0.050955 0.108481
0 0.083163 0.145650 0.031196 0.114871
0 0.310605 0.059950 0.026937 0.104513
0 0.112123 0.091614 0.033711 0.157766
0 0.102192 0.254628 0.039580 0.152274
0 0.380950 0.226801 0.024703 0.156600
0 0.785727 0.647042 0.028381 0.177472
0 0.810353 0.627271 0.031839 0.181161
0 0.267081 0.117723 0.030162 0.184600
0 0.796666 0.088718 0.024493 0.121163
0 0.165290 0.079483 0.022123 0.128323
0 0.519144 0.051960 0.024500 0.080909
0 0.091112 0.213416 0.051412 0.240254
0 0.044110 0.030860 0.018694 0.057873
0 0.015989 0.858535 0.029695 0.155986
0 0.907262 0.023286 0.013683 0.044053
