0 0.405082 0.599926 0.038565 0.169931
0 0.812344 0.867340 0.047243 0.213446
0 0.500888 0.515556 0.034030 0.177499
0 0.563348 0.099198 0.033904 0.122714
0 0.388599 0.262767 0.033718 0.158960
0 0.107907 0.227518 0.040363 0.136746
0 0.666038 0.166006 0.030799 0.138184
0 0.037147 0.171677 0.029602 0.120340
0 0.502352 0.144108 0.034152 0.136086
0 0.732510 0.081065 0.030408 0.135293
0 0.916958 0.139067 0.040356 0.137169
0 0.549519 0.927199 0.061365 0.145601
0 0.549400 0.189897 0.024214 0.122773
0 0.980380 0.097802 0.035298 0.126333
0 0.252426 0.499960 0.030665 0.146609
0 0.637140 0.828767 0.039726 0.187091
0 0.213918 0.511892 0.031122 0.163762
0 0.185596 0.503072 0.031428 0.169462
0 0.948822 0.117726 0.030840 0.158444
0 0.679756 0.830362 0.037617 0.173367
0 0.422507 0.066445 0.024257 0.105567
0 0.955066 0.508539 0.059368 0.097428
0 0.677357 0.038229 0.030306 0.073113
0 0.763059 0.051886 0.031323 0.096029
0 0.644830 0.036766 0.024401 0.072783
0 0.611376 0.035556 0.022235 0.068995
0 0.532083 0.146520 0.027534 0.108754
0 0.508836 0.046711 0.034543 0.088627
0 0.589086 0.044911 0.021447 0.074459
0 0.991035 0.306903 0.017931 0.138869
