0 0.311247 0.753831 0.0652156 0.11717 0.768138
0 0.622823 0.7755 0.0543418 0.0918948 0.733428
0 0.238453 0.68943 0.0588745 0.0934034 0.730649
0 0.85575 0.809455 0.0562431 0.101041 0.715393
0 0.297228 0.118218 0.0736046 0.141884 0.709132
0 0.131658 0.404714 0.0696815 0.118102 0.706954
0 0.858051 0.809732 0.0580273 0.0966129 0.701538
0 0.584423 0.845245 0.0612114 0.111824 0.701342
0 0.19315 0.0388965 0.0921834 0.0777931 0.6948
0 0.349644 0.0413415 0.0815448 0.0824452 0.691212
0 0.892702 0.384361 0.0589249 0.104574 0.689677
0 0.965793 0.306655 0.0641024 0.108307 0.689355
0 0.130598 0.631011 0.0615649 0.104177 0.688179
0 0.358751 0.667409 0.0611917 0.120609 0.687065
0 0.398771 0.209333 0.0703146 0.12538 0.686142
0 0.517089 0.793635 0.0528622 0.0768679 0.681898
0 0.875863 0.653528 0.059247 0.116343 0.680658
0 0.343067 0.31629 0.0707712 0.121588 0.676971
0 0.0843916 0.714783 0.0639987 0.111615 0.674833
0 0.42832 0.766609 0.055707 0.103404 0.674284
0 0.760449 0.929374 0.0503584 0.0728107 0.674212
0 0.280548 0.418352 0.0684588 0.124198 0.674169
0 0.915499 0.859827 0.0553883 0.0838154 0.670073
0 0.804209 0.893746 0.0537819 0.0906914 0.66456
0 0.689165 0.857603 0.0552378 0.0978546 0.662585
0 0.328828 0.884114 0.0559914 0.112401 0.66195
0 0.0323451 0.345545 0.0646902 0.133893 0.660362
0 0.467014 0.355636 0.0727827 0.104177 0.658754
0 0.169377 0.90519 0.0568212 0.116455 0.658553
0 0.937148 0.60523 0.0492754 0.105138 0.656968
0 0.931324 0.765473 0.0558338 0.0857375 0.656967
0 0.855148 0.895305 0.0549131 0.0883141 0.655275
0 0.281797 0.615746 0.0643406 0.0972227 0.651702
0 0.82068 0.717163 0.0556267 0.103557 0.651559
0 0.484512 0.711036 0.0643891 0.108163 0.651501
0 0.0565677 0.479804 0.0633013 0.12754 0.649653
0 0.470876 0.833175 0.0604589 0.083247 0.648135
0 0.585727 0.943462 0.0535477 0.0871029 0.648036
0 0.0720238 0.891406 0.05668 0.084119 0.647489
0 0.821521 0.592923 0.0632452 0.124312 0.646265
0 0.543915 0.250551 0.0697885 0.108954 0.6449
0 0.822223 0.717781 0.0547415 0.0981569 0.640311
0 0.566541 0.693426 0.0542492 0.111126 0.638537
0 0.133266 0.944793 0.0532157 0.0988819 0.636639
0 0.551543 0.45722 0.0705412 0.123759 0.636469
0 0.157438 0.780601 0.0624427 0.119028 0.635922
0 0.653744 0.640641 0.0570516 0.0828151 0.635281
0 0.767591 0.49584 0.0541437 0.0923382 0.631932
0 0.260804 0.791908 0.0546998 0.114365 0.629122
0 0.535761 0.895428 0.0574446 0.0965439 0.626611
0 0.68994 0.859545 0.0568974 0.0894852 0.626131
0 0.820612 0.71266 0.0579147 0.11438 0.625791
0 0.41586 0.437349 0.0664682 0.105674 0.622379
0 0.357267 0.665124 0.0663542 0.127458 0.614737
0 0.19492 0.735976 0.0605498 0.0805067 0.613648
0 0.170271 0.905474 0.0533766 0.111137 0.61265
0 0.11362 0.855893 0.0534611 0.10722 0.612355
0 0.0495541 0.949144 0.0565279 0.074756 0.612098
0 0.0844176 0.72098 0.0631893 0.0956274 0.610624
0 0.812006 0.960451 0.047263 0.0776466 0.601852
0 0.902943 0.524332 0.0573002 0.107294 0.600999
0 0.184222 0.292156 0.0789003 0.116674 0.600466
0 0.418159 0.906241 0.0631716 0.10243 0.590264
0 0.469803 0.827135 0.0604662 0.0982315 0.58782
0 0.929745 0.765164 0.0544281 0.0910778 0.587767
0 0.0798795 0.252953 0.0791987 0.130702 0.585065
0 0.0830086 0.725062 0.0617035 0.0865357 0.584294
0 0.132236 0.403491 0.0634186 0.117619 0.58163
0 0.0733371 0.886762 0.0551993 0.0975407 0.581011
0 0.384043 0.816 0.0513771 0.0770599 0.580967
0 0.216098 0.851659 0.0609746 0.104285 0.580396
0 0.821198 0.720831 0.051646 0.0927411 0.57952
0 0.15988 0.120279 0.0823782 0.132946 0.572787
0 0.569385 0.695933 0.0553783 0.104134 0.571772
0 0.0840727 0.707081 0.0649936 0.130191 0.564673
0 0.114411 0.858405 0.0538958 0.0990692 0.563856
0 0.278777 0.417148 0.072934 0.132676 0.563711
0 0.185278 0.291133 0.0693107 0.116712 0.561927
0 0.32491 0.555293 0.0526076 0.0982174 0.560549
0 0.470286 0.836361 0.0607553 0.0762871 0.560048
0 0.380419 0.493316 0.0612216 0.0894178 0.552522
0 0.466853 0.357685 0.0792958 0.10627 0.552025
0 0.0531414 0.480734 0.0681977 0.123231 0.549936
0 0.130777 0.94664 0.0547542 0.0998512 0.548342
0 0.931951 0.940301 0.0494987 0.103549 0.534015
0 0.801665 0.367953 0.0721272 0.115471 0.531443
0 0.936922 0.603431 0.0485302 0.117439 0.528901
0 0.39956 0.207854 0.0658451 0.120246 0.52244
0 0.495763 0.939428 0.0491331 0.091304 0.514915
0 0.931866 0.940182 0.0537403 0.114251 0.513408
0 0.427985 0.764113 0.057503 0.112402 0.513172
0 0.352905 0.954981 0.0503463 0.0900375 0.511217
0 0.585719 0.946898 0.0521108 0.0809151 0.506161
0 0.158289 0.788204 0.0613832 0.102143 0.502888
0 0.354872 0.955304 0.0523944 0.0875378 0.501786
0 0.197448 0.0395255 0.0836593 0.079051 0.499484
0 0.0536229 0.48072 0.0617844 0.120296 0.489993
0 0.130753 0.945123 0.0497951 0.104024 0.489376
0 0.184948 0.285418 0.0662813 0.126815 0.484497
0 0.0813023 0.250872 0.0883279 0.134158 0.479691
0 0.132522 0.408709 0.0691182 0.108561 0.476025
0 0.766636 0.494717 0.056246 0.100197 0.475075
0 0.155417 0.777614 0.0627792 0.124552 0.472584
0 0.856152 0.896223 0.0598686 0.0924488 0.467592
0 0.915142 0.860388 0.0507023 0.0862997 0.462608
0 0.54965 0.455599 0.0645357 0.121953 0.461549
0 0.429496 0.769224 0.0580674 0.0942383 0.458323
0 0.378864 0.49562 0.0564723 0.0841957 0.452584
0 0.326214 0.882867 0.053807 0.109342 0.447145
0 0.800851 0.358266 0.0730729 0.135524 0.444075
0 0.800353 0.36341 0.0758225 0.126153 0.439507
0 0.747861 0.668162 0.0571142 0.10862 0.435202
0 0.90091 0.523385 0.0516203 0.106472 0.430698
0 0.211166 0.498505 0.0684842 0.10943 0.428643
0 0.541553 0.0329586 0.091583 0.0659146 0.426949
0 0.622943 0.774447 0.0506926 0.088509 0.423207
0 0.210569 0.492096 0.0695372 0.117985 0.422231
0 0.0835185 0.728781 0.0615986 0.0790838 0.41988
0 0.237516 0.69048 0.0552695 0.0862488 0.417788
0 0.0959079 0.965605 0.0505268 0.0671509 0.411177
0 0.90072 0.519456 0.058091 0.121216 0.405303
0 0.0957272 0.96909 0.0573352 0.0617165 0.401652
0 0.157084 0.792213 0.0632164 0.0944704 0.401347
0 0.696829 0.585396 0.0621042 0.0853794 0.400602
0 0.608614 0.117239 0.116594 0.234478 0.398666
0 0.868388 0.291276 0.0873285 0.114657 0.398458
0 0.132745 0.949637 0.0502582 0.0921026 0.394142
0 0.479959 0.510479 0.0622793 0.104591 0.390661
0 0.677341 0.0619065 0.0954062 0.122131 0.390585
0 0.544331 0.244725 0.0669046 0.116588 0.389978
0 0.494725 0.94242 0.0504848 0.0905979 0.38728
0 0.29542 0.116823 0.0692131 0.135127 0.383708
0 0.734311 0.437324 0.0625879 0.104183 0.380171
0 0.543616 0.032319 0.0837563 0.0646381 0.374138
0 0.383566 0.817909 0.0483283 0.0722424 0.369759
0 0.327453 0.882218 0.0539534 0.119813 0.368419
0 0.534429 0.895686 0.0512644 0.0913546 0.368122
0 0.515365 0.794775 0.051597 0.0735826 0.367265
0 0.465747 0.351522 0.0743668 0.117479 0.364517
0 0.804263 0.890918 0.0585922 0.0942398 0.358815
0 0.128886 0.626473 0.0606308 0.113678 0.356623
0 0.538418 0.033092 0.101938 0.0654127 0.354711
0 0.293628 0.0997861 0.0966364 0.187528 0.350965
0 0.465575 0.344123 0.0721396 0.12705 0.346079
0 0.417591 0.903468 0.0592182 0.114765 0.343661
0 0.983148 0.698274 0.0337049 0.0995989 0.341606
0 0.476926 0.480582 0.0947974 0.17198 0.337385
0 0.0967509 0.974098 0.0535358 0.0516439 0.336762
0 0.827858 0.460386 0.0675205 0.101478 0.334167
0 0.747077 0.663741 0.0587153 0.120291 0.334085
0 0.229971 0.148958 0.109298 0.247956 0.333689
0 0.257616 0.951314 0.051909 0.0972771 0.331811
0 0.342965 0.308095 0.0719102 0.137051 0.328378
0 0.830957 0.457294 0.0587742 0.105771 0.327162
0 0.383333 0.81522 0.0532576 0.0836433 0.324352
0 0.0952985 0.960753 0.0493115 0.0784943 0.323409
0 0.271783 0.371682 0.116232 0.227897 0.321305
0 0.811264 0.960721 0.0525772 0.0782721 0.318177
0 0.073878 0.877047 0.0541105 0.120211 0.318004
0 0.678915 0.951147 0.0567968 0.0938574 0.317848
0 0.290122 0.0985194 0.102959 0.197039 0.313556
0 0.415126 0.434564 0.0693842 0.112834 0.311399
0 0.269155 0.365345 0.128383 0.242065 0.310349
0 0.545934 0.972584 0.0517494 0.0548328 0.309835
0 0.60115 0.115346 0.123817 0.230692 0.308275
0 0.928342 0.76668 0.0530239 0.0844565 0.304092
0 0.748035 0.669089 0.0528982 0.0977686 0.295584
0 0.236796 0.205524 0.0695251 0.142765 0.295546
0 0.323433 0.557656 0.0530679 0.0918453 0.294671
0 0.208526 0.456973 0.104129 0.19544 0.294024
0 0.23383 0.15834 0.0972118 0.232775 0.292066
0 0.609975 0.169583 0.0815675 0.122983 0.289834
0 0.215785 0.847057 0.0581205 0.116128 0.287623
0 0.183247 0.262709 0.108243 0.18277 0.287164
0 0.113648 0.853689 0.0590972 0.110176 0.286863
0 0.802254 0.374947 0.0696451 0.101103 0.285899
0 0.478684 0.478619 0.0836538 0.167918 0.283999
0 0.678569 0.0620161 0.0862594 0.12323 0.279514
0 0.98451 0.788871 0.0309794 0.0995149 0.279371
0 0.0535652 0.4796 0.0552095 0.129987 0.277629
0 0.337777 0.277 0.0987398 0.201733 0.276896
0 0.550177 0.456637 0.0778849 0.131621 0.274826
0 0.20933 0.48256 0.070349 0.152431 0.273415
0 0.326479 0.885049 0.0497634 0.110928 0.27151
0 0.284131 0.0966382 0.115378 0.19294 0.269221
0 0.227646 0.139636 0.113324 0.254107 0.266373
0 0.759138 0.929639 0.0495358 0.081459 0.262257
0 0.0146124 0.814655 0.0284843 0.101848 0.260121
0 0.0967251 0.974971 0.0597161 0.0500584 0.259485
0 0.493916 0.937351 0.0511953 0.0939838 0.259026
0 0.486418 0.708587 0.0622639 0.101463 0.257901
0 0.310745 0.751728 0.0555853 0.122219 0.253931
0 0.656303 0.300355 0.0667797 0.140445 0.251197
0 0.655868 0.298606 0.0719248 0.145588 0.250279
0 0.467664 0.276231 0.138436 0.280392 0.249441
0 0.0509034 0.95039 0.0564165 0.0700058 0.249371
0 0.686627 0.0621382 0.112404 0.122666 0.249298
0 0.515312 0.791797 0.0504885 0.0856579 0.248528
0 0.546479 0.969837 0.0498466 0.0599537 0.247553
0 0.0721975 0.890603 0.061696 0.085878 0.247076
0 0.734944 0.19216 0.0743999 0.139162 0.246554
0 0.979209 0.698282 0.0415813 0.098107 0.245851
0 0.937365 0.598342 0.0535616 0.126891 0.244159
0 0.0498286 0.946654 0.0608035 0.0858646 0.239464
0 0.153164 0.103931 0.111107 0.176013 0.238578
0 0.20682 0.453293 0.112893 0.20857 0.237733
0 0.617092 0.566361 0.0675861 0.120945 0.235565
0 0.354372 0.9585 0.0498249 0.0826736 0.235123
0 0.466495 0.282708 0.124916 0.2672 0.233797
0 0.924961 0.694922 0.0880148 0.104066 0.232722
0 0.0152009 0.961714 0.029717 0.0745321 0.229024
0 0.675288 0.949333 0.0591068 0.100743 0.227725
0 0.929451 0.937795 0.0489172 0.103846 0.226153
0 0.0951449 0.970004 0.0504084 0.0588776 0.226138
0 0.919663 0.116022 0.15902 0.232044 0.225716
0 0.823481 0.591438 0.0561487 0.118314 0.224982
0 0.18605 0.265847 0.106428 0.170229 0.223069
0 0.0445909 0.776617 0.0573379 0.120837 0.222587
0 0.0156964 0.964808 0.0309851 0.0696192 0.221761
0 0.690021 0.854625 0.0636028 0.110263 0.220737
0 0.637529 0.968937 0.071857 0.0619579 0.220456
0 0.0362424 0.340916 0.0724848 0.163161 0.21957
0 0.891711 0.382431 0.0520832 0.100702 0.219269
0 0.656695 0.303619 0.0775396 0.139319 0.218417
0 0.921213 0.126437 0.157574 0.252873 0.216282
0 0.0956305 0.982251 0.0555163 0.0354984 0.215272
0 0.983197 0.694068 0.0331207 0.0992491 0.214068
0 0.13237 0.401608 0.0578196 0.126181 0.212813
0 0.684817 0.0628038 0.10284 0.12533 0.211948
0 0.045038 0.785142 0.0548148 0.104778 0.211859
0 0.814363 0.0736423 0.0795841 0.147285 0.210558
0 0.178381 0.253623 0.119308 0.206232 0.209657
0 0.0475373 0.943991 0.0620055 0.0900124 0.208615
0 0.335887 0.26109 0.104756 0.235929 0.206752
0 0.739851 0.974045 0.04003 0.0513636 0.206707
0 0.0331784 0.33547 0.0663569 0.172636 0.206082
0 0.765678 0.493676 0.0465624 0.0939466 0.205746
0 0.181969 0.282411 0.0614747 0.137121 0.205647
0 0.378361 0.487886 0.0617409 0.100354 0.205362
0 0.916697 0.107132 0.145617 0.213058 0.205206
0 0.750672 0.976232 0.0632364 0.0468208 0.204539
0 0.981841 0.694806 0.0363176 0.102468 0.204098
0 0.0146189 0.815063 0.0283393 0.121552 0.203683
0 0.546112 0.975951 0.0526059 0.0480982 0.202925
0 0.811361 0.962071 0.0560215 0.0739849 0.20128
0 0.289807 0.0989756 0.117717 0.197951 0.200214
0 0.613367 0.119637 0.167278 0.239273 0.200183
0 0.795387 0.325344 0.120132 0.213534 0.197322
0 0.584565 0.945593 0.0576118 0.0947235 0.193957
0 0.18886 0.0407936 0.113353 0.080769 0.193725
0 0.674061 0.938243 0.0619574 0.123392 0.19238
0 0.313566 0.752026 0.0625223 0.127242 0.190585
0 0.544917 0.443236 0.0926266 0.160225 0.190554
0 0.679686 0.954906 0.052331 0.0871964 0.189499
0 0.0724576 0.877302 0.0612652 0.11433 0.189167
0 0.813813 0.959786 0.0518879 0.0802521 0.186262
0 0.351291 0.0463294 0.105283 0.0905118 0.186064
0 0.683417 0.0647931 0.15064 0.129586 0.184736
0 0.479658 0.488355 0.0662035 0.154062 0.184675
0 0.276917 0.389939 0.10218 0.188361 0.184056
0 0.428274 0.758572 0.0549777 0.117048 0.183653
0 0.623013 0.911949 0.0491901 0.0786507 0.183406
0 0.0959306 0.957255 0.0549832 0.085491 0.183283
0 0.747231 0.656279 0.0575088 0.128453 0.182917
0 0.130269 0.952439 0.0548925 0.0880405 0.182314
0 0.186863 0.283071 0.0769515 0.141513 0.181547
0 0.258271 0.790816 0.04894 0.108476 0.181374
0 0.177871 0.244737 0.122947 0.223012 0.18118
0 0.261014 0.801917 0.0534849 0.0902239 0.178808
0 0.35659 0.667311 0.0574738 0.131142 0.178392
0 0.5412 0.229405 0.09352 0.156841 0.177135
0 0.081838 0.250236 0.0869322 0.148303 0.1771
0 0.213502 0.501012 0.0661513 0.101871 0.176884
0 0.360694 0.0481643 0.117618 0.0963287 0.175632
0 0.351191 0.0444439 0.0892063 0.0877876 0.174985
0 0.48544 0.706146 0.064355 0.117921 0.173417
0 0.635504 0.969465 0.0646012 0.0607201 0.172009
0 0.210389 0.460138 0.0979078 0.184796 0.1711
0 0.129459 0.388994 0.0845538 0.155807 0.170706
0 0.653082 0.641248 0.0533461 0.0865953 0.170216
0 0.0742657 0.160937 0.142907 0.321874 0.169633
0 0.544824 0.977969 0.0523237 0.0438547 0.169113
0 0.972848 0.923299 0.0543042 0.153402 0.167079
0 0.464777 0.332254 0.101069 0.162893 0.166949
0 0.00957682 0.964751 0.0184994 0.0686367 0.166444
0 0.670658 0.0603368 0.0973455 0.118258 0.166216
0 0.927565 0.69418 0.0808609 0.0967257 0.166209
0 0.0347759 0.863462 0.0631853 0.104999 0.165487
0 0.0107075 0.965108 0.0214149 0.0689606 0.165249
0 0.152824 0.78013 0.0581872 0.135331 0.164034
0 0.169863 0.541095 0.0595436 0.124624 0.163658
0 0.975207 0.922038 0.0495861 0.155923 0.163022
0 0.0371164 0.31996 0.0742328 0.20681 0.162939
0 0.339803 0.292277 0.0962787 0.168637 0.162744
0 0.13287 0.95138 0.057157 0.0894655 0.161853
0 0.129902 0.940705 0.0448648 0.103854 0.160666
0 0.985374 0.790736 0.0289665 0.10363 0.159823
0 0.820935 0.710207 0.0529058 0.110797 0.158597
0 0.570654 0.709351 0.0491545 0.0767603 0.157977
0 0.901129 0.513064 0.0580141 0.130335 0.157907
