0 0.572163 0.269243 0.849821 0.514255 0.447999
0 0.466305 0.661189 0.93261 0.374129 0.399092
0 0.631664 0.319435 0.736672 0.436709 0.35405
0 0.38971 0.14329 0.779419 0.286581 0.33429
0 0.468775 0.619035 0.937071 0.328538 0.329663
0 0.399727 0.161429 0.797863 0.322858 0.323648
0 0.376267 0.157059 0.752534 0.314117 0.317358
0 0.558789 0.87282 0.872394 0.254359 0.302233
0 0.476693 0.832737 0.944213 0.325853 0.292184
0 0.582708 0.685125 0.350757 0.200781 0.288383
0 0.550336 0.327176 0.895505 0.439891 0.279055
0 0.760143 0.402654 0.479715 0.289 0.272535
0 0.626884 0.374395 0.746231 0.307423 0.256611
0 0.381856 0.653914 0.763712 0.400477 0.246906
0 0.421839 0.618359 0.843678 0.293308 0.245761
0 0.431879 0.648932 0.863758 0.329474 0.230099
0 0.400176 0.464537 0.800353 0.401818 0.217124
0 0.659942 0.397469 0.680116 0.281492 0.21135
0 0.471787 0.310321 0.937763 0.443102 0.209362
0 0.61862 0.533572 0.362155 0.164748 0.198088
0 0.471597 0.39756 0.935066 0.336466 0.19432
0 0.454927 0.191408 0.904803 0.376443 0.193834
0 0.422099 0.838935 0.844197 0.309163 0.17838
0 0.794988 0.424415 0.410023 0.297591 0.17063
0 0.470698 0.851902 0.932788 0.291372 0.162782
0 0.622597 0.878137 0.754807 0.2392 0.16276
0 0.474009 0.588542 0.943087 0.337045 0.159426
0 0.418241 0.133045 0.836483 0.266089 0.15784
0 0.469914 0.729254 0.939828 0.454053 0.151965
0 0.384267 0.706149 0.768535 0.43391 0.146381
0 0.471754 0.7675 0.9432 0.444686 0.144902
0 0.383355 0.711511 0.76671 0.29337 0.144519
0 0.651519 0.705166 0.696961 0.223547 0.142568
0 0.39795 0.545338 0.7959 0.40109 0.138758
0 0.838666 0.88533 0.321272 0.183273 0.136178
0 0.420979 0.493069 0.782853 0.29316 0.133975
0 0.387036 0.611708 0.774071 0.388362 0.129746
0 0.565355 0.692117 0.375666 0.200409 0.12737
0 0.627604 0.147603 0.74346 0.295206 0.125247
0 0.548014 0.883749 0.898817 0.232503 0.124478
0 0.381249 0.675623 0.762499 0.299962 0.120244
0 0.57042 0.69904 0.420202 0.201395 0.117558
0 0.580296 0.148099 0.839408 0.296197 0.115482
0 0.410358 0.149427 0.733248 0.297851 0.114911
0 0.386523 0.186055 0.773046 0.372111 0.112335
0 0.41817 0.382324 0.83634 0.345979 0.11189
0 0.420093 0.288789 0.840185 0.471186 0.109697
0 0.632082 0.535284 0.328648 0.158533 0.107043
0 0.394816 0.560878 0.789632 0.409368 0.105399
0 0.543641 0.304757 0.889418 0.502798 0.102158
0 0.688361 0.701956 0.623278 0.220455 0.101035
