0 0.602566 0.732445 0.187049 0.53511 0.842715
0 0.867118 0.717304 0.211841 0.565392 0.759907
0 0.460957 0.667101 0.190045 0.659367 0.71672
0 0.863344 0.718911 0.186056 0.55702 0.705045
0 0.602919 0.732207 0.165317 0.535587 0.700768
0 0.464628 0.668558 0.20978 0.652487 0.683621
0 0.302692 0.735944 0.175803 0.528112 0.663587
0 0.475263 0.666681 0.183317 0.660514 0.61454
0 0.722347 0.674832 0.165546 0.650336 0.606248
0 0.722285 0.677479 0.120522 0.645041 0.593144
0 0.723196 0.675693 0.149858 0.642791 0.580138
0 0.0774507 0.676665 0.154901 0.637217 0.558066
0 0.186627 0.715458 0.130999 0.556918 0.523012
0 0.720013 0.676421 0.183865 0.647159 0.521828
0 0.454028 0.68249 0.189596 0.63176 0.517557
0 0.354835 0.473373 0.138548 0.291619 0.510801
0 0.356573 0.463665 0.14398 0.268699 0.476088
0 0.169941 0.71138 0.162242 0.576918 0.467485
0 0.485337 0.666039 0.15982 0.659159 0.464525
0 0.980262 0.757708 0.0394758 0.484585 0.460093
0 0.355473 0.46538 0.13068 0.266637 0.457589
0 0.356207 0.502939 0.139721 0.357187 0.449253
0 0.476095 0.663155 0.214522 0.666384 0.437785
0 0.357687 0.46761 0.155198 0.284976 0.431196
0 0.0875723 0.683326 0.175145 0.629917 0.378238
0 0.354451 0.494195 0.151743 0.346621 0.373319
0 0.59753 0.721961 0.14872 0.555974 0.357914
0 0.729894 0.675246 0.194293 0.644912 0.326159
0 0.978927 0.747882 0.0421453 0.504237 0.300714
0 0.971174 0.737986 0.0544508 0.524029 0.300624
0 0.193561 0.547709 0.104831 0.187102 0.257761
0 0.356587 0.460378 0.123246 0.247081 0.257027
0 0.181341 0.718499 0.136181 0.563001 0.239741
0 0.97808 0.73026 0.0432049 0.453032 0.211884
0 0.712874 0.674855 0.212519 0.650291 0.203185
0 0.316795 0.726689 0.195383 0.540043 0.200061
0 0.187064 0.725435 0.141784 0.544075 0.198709
0 0.979366 0.768113 0.0408604 0.463773 0.195911
0 0.191296 0.565597 0.113899 0.230418 0.183305
0 0.35374 0.605359 0.162026 0.575667 0.18072
0 0.978287 0.791884 0.0433346 0.416232 0.163715
0 0.31062 0.576918 0.118255 0.172527 0.154975
0 0.294655 0.735368 0.159314 0.529265 0.151187
0 0.188079 0.569517 0.123912 0.243789 0.150416
0 0.347136 0.498684 0.166364 0.370289 0.148913
0 0.722781 0.660461 0.197272 0.612538 0.136784
0 0.723939 0.63997 0.154341 0.559628 0.116648
0 0.977809 0.695997 0.0443827 0.382359 0.115678
0 0.478313 0.617529 0.141766 0.560121 0.111942
0 0.187588 0.692501 0.131107 0.50038 0.108737
0 0.875135 0.266546 0.248396 0.524327 0.102166
