0 0.721945 0.129305 0.549331 0.252973 0.596421
0 0.743997 0.397325 0.508535 0.20806 0.579173
0 0.73292 0.8209 0.534159 0.139668 0.481592
0 0.696657 0.932977 0.605864 0.130754 0.443938
0 0.681213 0.26749 0.6375 0.164562 0.410096
0 0.739358 0.697761 0.521285 0.192506 0.387023
0 0.723269 0.85255 0.553463 0.196435 0.356287
0 0.562585 0.133477 0.217932 0.120811 0.292615
0 0.681154 0.516462 0.637692 0.142938 0.266403
0 0.480204 0.921914 0.223336 0.109887 0.260283
0 0.733689 0.422969 0.531973 0.306332 0.23453
0 0.445037 0.642432 0.228957 0.09599 0.229343
0 0.679659 0.597292 0.640683 0.160817 0.211044
