0 0.197449 0.231849 0.386612 0.460861 0.712007
0 0.306552 0.843172 0.609895 0.265591 0.570338
0 0.5314 0.494452 0.931729 0.975876 0.532076
0 0.201984 0.247443 0.402737 0.492686 0.467105
0 0.48223 0.476155 0.932503 0.940615 0.458985
0 0.626046 0.423349 0.507426 0.837556 0.447479
0 0.21175 0.236994 0.423499 0.471683 0.440618
0 0.596397 0.4561 0.57716 0.905954 0.440242
0 0.305442 0.816714 0.610884 0.250724 0.438643
0 0.3062 0.829931 0.612399 0.265398 0.436062
0 0.447747 0.44827 0.861006 0.895581 0.347355
0 0.315034 0.858617 0.629744 0.276714 0.291008
0 0.205106 0.276957 0.4018 0.551 0.270069
0 0.407122 0.286906 0.814244 0.573813 0.254524
0 0.468358 0.438991 0.936716 0.865092 0.221167
0 0.526072 0.942103 0.902244 0.115794 0.197531
0 0.305416 0.795897 0.610832 0.258128 0.19158
0 0.614529 0.329097 0.42162 0.654039 0.170026
0 0.436599 0.950166 0.873197 0.0996675 0.162073
0 0.322329 0.952075 0.642477 0.0958504 0.151432
0 0.369547 0.951901 0.739095 0.0961987 0.136495
0 0.484797 0.943503 0.917366 0.112993 0.131463
0 0.541371 0.510578 0.890382 0.900947 0.118245
0 0.663591 0.391778 0.597166 0.771425 0.105442
0 0.608065 0.494573 0.779832 0.95725 0.103919
