0 0.911368 0.524312 0.147787 0.707077 0.721094
0 0.910966 0.500298 0.138441 0.684961 0.700911
0 0.174206 0.547313 0.144326 0.676376 0.663288
0 0.0648079 0.569446 0.129058 0.742028 0.641265
0 0.808401 0.505007 0.111541 0.646903 0.618099
0 0.170425 0.562314 0.150548 0.714493 0.537941
0 0.296485 0.515351 0.143687 0.754625 0.532148
0 0.648358 0.272298 0.0978029 0.234032 0.477209
0 0.499454 0.567761 0.119918 0.621572 0.465226
0 0.17794 0.54228 0.164152 0.693974 0.462081
0 0.570607 0.179706 0.104371 0.197367 0.454119
0 0.490603 0.227221 0.113558 0.198817 0.453113
0 0.907933 0.518513 0.160768 0.689905 0.44615
0 0.595229 0.53436 0.13211 0.662031 0.435022
0 0.770205 0.222141 0.067933 0.178221 0.430634
0 0.721542 0.490051 0.096651 0.678663 0.420133
0 0.503889 0.498176 0.117694 0.454474 0.402122
0 0.647623 0.279344 0.0982574 0.260677 0.401864
0 0.0643988 0.524584 0.125266 0.668087 0.381815
0 0.770074 0.231202 0.0693951 0.192562 0.372088
0 0.102435 0.18384 0.101126 0.145673 0.360709
0 0.77044 0.214397 0.0656455 0.156222 0.355809
0 0.100797 0.186603 0.120031 0.167863 0.35133
0 0.490252 0.229708 0.100263 0.185886 0.335129
0 0.575162 0.172518 0.0889117 0.163083 0.330196
0 0.40663 0.516189 0.131745 0.731338 0.326143
0 0.342798 0.222469 0.100159 0.222571 0.324856
0 0.714625 0.498699 0.106375 0.664182 0.323651
0 0.104384 0.188389 0.0998598 0.156146 0.322789
0 0.412148 0.287021 0.130841 0.30363 0.321724
0 0.208145 0.244231 0.100876 0.224998 0.316662
0 0.648509 0.291068 0.10226 0.285641 0.313192
0 0.414388 0.29278 0.118122 0.305222 0.312041
0 0.492703 0.574302 0.123001 0.633052 0.305608
0 0.574251 0.173886 0.0905379 0.177867 0.295133
0 0.50406 0.573361 0.122006 0.64209 0.289932
0 0.60671 0.532523 0.139043 0.668246 0.289623
0 0.813955 0.457643 0.115549 0.555905 0.284265
0 0.169004 0.533577 0.140021 0.661987 0.278413
0 0.489724 0.228146 0.0962584 0.172731 0.271509
0 0.0953084 0.185142 0.121859 0.167972 0.268463
0 0.0994334 0.186902 0.111116 0.154669 0.263992
0 0.492023 0.228414 0.118513 0.218094 0.256086
0 0.65104 0.285577 0.105278 0.266316 0.255736
0 0.50735 0.535295 0.104673 0.537894 0.249242
0 0.0974 0.186539 0.134189 0.175682 0.248105
0 0.801879 0.499242 0.12076 0.648541 0.24631
0 0.768641 0.231526 0.082132 0.205094 0.241942
0 0.207639 0.242224 0.0822481 0.189934 0.239665
0 0.306758 0.481704 0.131434 0.703324 0.238707
0 0.415458 0.278767 0.118272 0.291296 0.236321
0 0.407168 0.477421 0.134009 0.675397 0.235137
0 0.205395 0.236697 0.0811743 0.179109 0.232834
0 0.600071 0.551391 0.138121 0.651978 0.231451
0 0.569977 0.182792 0.109672 0.215102 0.230318
0 0.40987 0.295853 0.146403 0.31891 0.224904
0 0.341711 0.23752 0.107429 0.27057 0.214566
0 0.340239 0.222655 0.0798355 0.202488 0.210708
0 0.647271 0.273381 0.0801937 0.209805 0.21067
0 0.717597 0.258929 0.0904045 0.239292 0.208914
0 0.409932 0.306893 0.12791 0.328948 0.208324
0 0.340618 0.207264 0.0783348 0.176076 0.203576
0 0.501432 0.482517 0.106919 0.423828 0.201145
0 0.576197 0.161797 0.084759 0.140579 0.199694
0 0.490007 0.222698 0.0912514 0.163723 0.197849
0 0.406239 0.546916 0.117752 0.71199 0.191204
0 0.723491 0.435695 0.0949949 0.568535 0.185432
0 0.589468 0.477779 0.118769 0.531274 0.178564
0 0.107173 0.188434 0.139921 0.176951 0.173741
0 0.342512 0.263015 0.100758 0.311667 0.168539
0 0.485577 0.221848 0.122562 0.20648 0.168019
0 0.342467 0.217061 0.109011 0.223748 0.165958
0 0.651389 0.326447 0.106494 0.371495 0.165347
0 0.168873 0.478453 0.126759 0.525844 0.162306
0 0.571807 0.191719 0.0889645 0.205848 0.161238
0 0.718468 0.275014 0.0932855 0.278661 0.160998
0 0.342467 0.205797 0.0730179 0.165058 0.159332
0 0.51221 0.571837 0.133428 0.643666 0.15826
0 0.814079 0.429362 0.1128 0.497323 0.15325
0 0.770714 0.212491 0.0638863 0.14314 0.150493
0 0.908309 0.449449 0.128706 0.554215 0.150345
0 0.595189 0.515839 0.149936 0.658805 0.144114
0 0.716579 0.264722 0.0795012 0.228275 0.143086
0 0.72528 0.413232 0.102193 0.550235 0.141479
0 0.28964 0.424895 0.120205 0.561018 0.14024
0 0.411105 0.365763 0.140915 0.448464 0.139732
0 0.492821 0.222627 0.0998194 0.175907 0.139537
0 0.584203 0.401702 0.11325 0.392211 0.138477
0 0.173003 0.555276 0.179856 0.711345 0.138075
0 0.173185 0.475218 0.140055 0.518327 0.136802
0 0.416051 0.271498 0.10446 0.259356 0.135213
0 0.342297 0.223651 0.0731504 0.192648 0.134381
0 0.0659645 0.475161 0.121913 0.556856 0.133877
0 0.0667846 0.445937 0.12372 0.503432 0.13281
0 0.581719 0.342107 0.111156 0.274532 0.131852
0 0.580796 0.328231 0.108836 0.245743 0.129353
0 0.581396 0.316616 0.108958 0.224628 0.129333
0 0.905105 0.429802 0.118589 0.525903 0.126068
0 0.342395 0.2102 0.0793892 0.189508 0.12511
0 0.768647 0.230266 0.092872 0.211259 0.124661
0 0.5024 0.520072 0.103832 0.506285 0.123927
0 0.411269 0.563544 0.118702 0.680126 0.12191
0 0.904175 0.454931 0.117542 0.561973 0.121514
0 0.722855 0.375371 0.0982222 0.479731 0.12114
0 0.573662 0.174629 0.127258 0.203603 0.121007
0 0.565381 0.175264 0.125737 0.201299 0.120259
0 0.411548 0.283863 0.105058 0.305764 0.119106
0 0.103079 0.190881 0.102414 0.169687 0.117633
0 0.464182 0.548658 0.183497 0.630357 0.117489
0 0.761623 0.226448 0.100625 0.208207 0.116667
0 0.715239 0.248674 0.0934114 0.226359 0.116243
0 0.295288 0.483869 0.119933 0.709698 0.115511
0 0.587627 0.455086 0.120769 0.504515 0.113371
0 0.911173 0.46993 0.129067 0.637356 0.113182
0 0.288424 0.401113 0.117802 0.543381 0.11293
0 0.0704309 0.424501 0.134939 0.457291 0.110886
0 0.811573 0.479073 0.101831 0.58556 0.109208
0 0.585004 0.407692 0.120287 0.412095 0.109165
0 0.772657 0.234805 0.0604298 0.192066 0.107466
0 0.582705 0.36822 0.111091 0.331303 0.107026
0 0.720232 0.318078 0.0959031 0.363994 0.101761
0 0.902417 0.383418 0.110977 0.434154 0.100079
