0 0.570856 0.784683 0.832102 0.283767 0.416839
0 0.574129 0.180004 0.849873 0.340933 0.389913
0 0.586347 0.552788 0.362698 0.154654 0.384941
0 0.468313 0.579819 0.9309 0.26281 0.343013
0 0.478304 0.817604 0.942761 0.329305 0.325661
0 0.466804 0.136217 0.882737 0.272434 0.312283
0 0.836702 0.19262 0.315938 0.183663 0.302788
0 0.823034 0.199629 0.35231 0.173378 0.298638
0 0.538489 0.795178 0.87689 0.312569 0.298627
0 0.525159 0.826076 0.949682 0.347847 0.290169
0 0.476452 0.149685 0.904554 0.294846 0.2813
0 0.619113 0.768759 0.741181 0.24358 0.276138
0 0.585904 0.556886 0.350941 0.142414 0.268083
0 0.625524 0.193807 0.748953 0.307868 0.26758
0 0.475076 0.610201 0.943289 0.299678 0.267551
0 0.422418 0.582328 0.844836 0.264706 0.26682
0 0.477114 0.798285 0.945261 0.322377 0.262537
0 0.427458 0.397209 0.853066 0.209607 0.252384
0 0.427025 0.606353 0.85405 0.292616 0.247604
0 0.544616 0.811132 0.910768 0.373192 0.241734
0 0.385055 0.565508 0.770111 0.209614 0.24137
0 0.472585 0.401713 0.756981 0.195278 0.235184
0 0.581942 0.765926 0.817443 0.265 0.234996
0 0.54759 0.811315 0.857722 0.368796 0.232333
0 0.387148 0.578519 0.774296 0.242258 0.223371
0 0.594062 0.56393 0.381537 0.176274 0.219982
0 0.576918 0.806545 0.821058 0.347428 0.217887
0 0.488048 0.831148 0.960754 0.337705 0.215086
0 0.5197 0.136047 0.960601 0.272093 0.206582
0 0.571309 0.216081 0.857383 0.27279 0.200717
0 0.459912 0.820779 0.919824 0.345487 0.194326
0 0.451709 0.560019 0.637349 0.178278 0.189754
0 0.407393 0.135045 0.800351 0.27009 0.187001
0 0.439941 0.364064 0.855413 0.273717 0.185382
0 0.654025 0.763318 0.685738 0.215886 0.183637
0 0.544376 0.136829 0.911247 0.273657 0.182687
0 0.596777 0.548312 0.350573 0.147425 0.182508
0 0.618193 0.175619 0.763615 0.34244 0.181421
0 0.422676 0.787789 0.845352 0.282566 0.179031
0 0.601648 0.552832 0.32599 0.13365 0.177891
0 0.549346 0.557102 0.469226 0.181614 0.177802
0 0.818505 0.191063 0.362991 0.223509 0.177773
0 0.814368 0.765499 0.361315 0.182107 0.177416
0 0.73304 0.759522 0.526639 0.201335 0.175428
0 0.797157 0.766872 0.354123 0.177536 0.174829
0 0.502635 0.406615 0.695062 0.182637 0.173148
0 0.558211 0.146011 0.883577 0.292022 0.171253
0 0.776793 0.205724 0.446414 0.240949 0.169781
0 0.407007 0.560127 0.717216 0.186512 0.163481
0 0.680081 0.409934 0.312909 0.134728 0.158968
0 0.413905 0.148421 0.81444 0.283566 0.153304
0 0.797626 0.905064 0.211117 0.0843826 0.1504
0 0.555387 0.169375 0.880434 0.33875 0.148768
0 0.424751 0.810347 0.849502 0.31381 0.142981
0 0.794905 0.533075 0.216124 0.103176 0.138348
0 0.547912 0.408595 0.609357 0.176147 0.13529
0 0.541207 0.795172 0.917585 0.326154 0.131664
0 0.742739 0.198475 0.514522 0.214736 0.12938
0 0.796824 0.530852 0.207746 0.0891054 0.12912
0 0.789361 0.535225 0.230924 0.111436 0.127878
0 0.694115 0.412648 0.293033 0.128275 0.123142
0 0.653947 0.208475 0.692105 0.269383 0.122534
0 0.445857 0.560058 0.683821 0.168228 0.120343
0 0.833775 0.197547 0.330755 0.19981 0.11506
0 0.651904 0.4054 0.370996 0.141033 0.111795
0 0.421256 0.390359 0.842512 0.224366 0.110503
0 0.645852 0.558381 0.23002 0.133247 0.108424
0 0.801236 0.901674 0.21005 0.0862515 0.108017
0 0.671025 0.408533 0.351564 0.153058 0.105265
0 0.691243 0.40977 0.321552 0.149928 0.104389
