0 0.701793 0.571153 0.278004 0.783958 0.79759
0 0.242901 0.569535 0.211932 0.786204 0.740599
0 0.892888 0.545495 0.214225 0.90901 0.707819
0 0.0941549 0.504495 0.18831 0.944315 0.674324
0 0.518347 0.565181 0.203853 0.852958 0.624747
0 0.255317 0.58144 0.227415 0.815863 0.51185
0 0.0949963 0.454758 0.189993 0.849321 0.481072
0 0.713528 0.587608 0.26647 0.805116 0.456891
0 0.896834 0.511151 0.205059 0.853868 0.453961
0 0.901368 0.577664 0.195979 0.835448 0.354346
0 0.51139 0.545734 0.216792 0.839312 0.339152
0 0.529143 0.547817 0.187241 0.814642 0.336736
0 0.903176 0.611716 0.191471 0.763674 0.281606
0 0.51438 0.527445 0.204166 0.7956 0.270543
0 0.237633 0.540592 0.194323 0.735215 0.269873
0 0.897806 0.473144 0.197786 0.785122 0.239365
0 0.0873616 0.525949 0.174723 0.931472 0.228943
0 0.50686 0.553769 0.23139 0.874755 0.227851
0 0.0957859 0.580103 0.191572 0.834791 0.216347
0 0.096738 0.421558 0.189974 0.790364 0.189398
0 0.504275 0.481746 0.18519 0.694332 0.140157
0 0.503168 0.268075 0.124809 0.267124 0.126853
0 0.0941409 0.338296 0.188282 0.61669 0.112241
0 0.503679 0.273614 0.137122 0.279904 0.105624
0 0.897478 0.400033 0.191231 0.63461 0.100752
