0 0.655874 0.676162 0.262102 0.589806 0.553926
0 0.657984 0.603781 0.249469 0.453396 0.545456
0 0.848498 0.585275 0.203291 0.800792 0.535107
0 0.38989 0.549368 0.230033 0.414733 0.529132
0 0.185811 0.321905 0.219218 0.364543 0.512345
0 0.658394 0.629238 0.254709 0.501381 0.510415
0 0.575661 0.380801 0.142712 0.404153 0.506241
0 0.169328 0.688874 0.240966 0.592906 0.495648
0 0.847099 0.564075 0.179795 0.761843 0.492692
0 0.382735 0.562121 0.245243 0.435489 0.484499
0 0.850801 0.59157 0.186438 0.81686 0.481533
0 0.319007 0.357466 0.122597 0.348954 0.481386
0 0.846561 0.481261 0.170261 0.597861 0.452177
0 0.322273 0.350601 0.140642 0.345071 0.431294
0 0.718614 0.365 0.158204 0.424601 0.419935
0 0.855405 0.590515 0.246719 0.818129 0.417514
0 0.192928 0.292944 0.182055 0.314378 0.403632
0 0.181895 0.339283 0.221655 0.398612 0.391525
0 0.392432 0.555123 0.194069 0.431552 0.382297
0 0.381773 0.591131 0.243318 0.491896 0.382054
0 0.569756 0.391633 0.11937 0.416879 0.351549
0 0.324717 0.344932 0.116385 0.316728 0.348307
0 0.172445 0.658042 0.22669 0.535647 0.332681
0 0.158772 0.691124 0.258813 0.611209 0.330299
0 0.85275 0.455238 0.173872 0.552981 0.327112
0 0.455117 0.322888 0.117839 0.303883 0.31215
0 0.455314 0.340682 0.129485 0.338545 0.30852
0 0.451322 0.284253 0.108128 0.229701 0.297774
0 0.451217 0.296631 0.121088 0.257907 0.250084
0 0.20582 0.293716 0.166959 0.315152 0.248913
0 0.0510922 0.63091 0.101723 0.689888 0.242373
0 0.391722 0.553528 0.154853 0.423702 0.229983
0 0.32547 0.323513 0.11326 0.27888 0.225885
0 0.0557986 0.634049 0.109904 0.713704 0.223103
0 0.324208 0.338244 0.131742 0.311664 0.219823
0 0.726396 0.373163 0.152182 0.430629 0.210681
0 0.576717 0.3642 0.152706 0.381063 0.210085
0 0.0408329 0.573159 0.0816658 0.52436 0.205223
0 0.189521 0.295642 0.210597 0.317031 0.202285
0 0.58182 0.377332 0.169851 0.404852 0.201175
0 0.456434 0.35472 0.144035 0.368671 0.195303
0 0.389575 0.557284 0.17296 0.425794 0.188933
0 0.0324056 0.573003 0.0632355 0.527084 0.171917
0 0.656353 0.593177 0.194725 0.422422 0.171037
0 0.325029 0.362873 0.151297 0.354114 0.169911
0 0.19427 0.294508 0.169152 0.30439 0.167224
0 0.201017 0.296673 0.191769 0.327519 0.1641
0 0.720722 0.441505 0.158508 0.573369 0.163893
0 0.0276441 0.579592 0.0541615 0.560899 0.158588
0 0.660382 0.687974 0.317485 0.616807 0.149588
0 0.0385275 0.576056 0.0770551 0.54957 0.14926
0 0.576517 0.364805 0.13033 0.378802 0.147122
0 0.170156 0.606875 0.190338 0.436735 0.144216
0 0.455838 0.357166 0.124561 0.370479 0.141988
0 0.0413373 0.549234 0.0826745 0.488505 0.135471
0 0.858896 0.582015 0.280351 0.820079 0.1353
0 0.663456 0.593963 0.221117 0.428745 0.134756
0 0.725339 0.348496 0.151841 0.39259 0.131495
0 0.212427 0.281331 0.149438 0.295345 0.126904
0 0.17336 0.578598 0.19444 0.383668 0.126887
0 0.726938 0.397201 0.153243 0.445691 0.12682
0 0.378807 0.630218 0.253965 0.565444 0.126605
0 0.166276 0.638333 0.190837 0.484895 0.123953
0 0.0337954 0.552717 0.0657852 0.498054 0.123476
0 0.0376118 0.554177 0.0739053 0.547741 0.123186
0 0.90892 0.615361 0.178592 0.75868 0.116405
0 0.577791 0.387918 0.157806 0.407938 0.115965
0 0.0187724 0.570999 0.0370481 0.592569 0.11392
0 0.2145 0.2879 0.161218 0.307646 0.113015
0 0.325288 0.302382 0.109525 0.24208 0.106042
