0 0.620898 0.416783 0.739512 0.163813 0.536976
0 0.621337 0.408654 0.757326 0.159012 0.473434
0 0.559467 0.585538 0.818456 0.192556 0.461396
0 0.574052 0.591278 0.851896 0.188964 0.441958
0 0.576923 0.808464 0.828845 0.181399 0.439082
0 0.585932 0.193831 0.809773 0.183625 0.414005
0 0.584445 0.799977 0.83111 0.184108 0.413618
0 0.53312 0.750005 0.749605 0.171562 0.386233
0 0.591811 0.199796 0.816378 0.176011 0.378873
0 0.60765 0.402875 0.726232 0.156291 0.374814
0 0.60609 0.429192 0.764225 0.179432 0.37321
0 0.554918 0.765024 0.782896 0.185007 0.361465
0 0.555323 0.191294 0.871671 0.18964 0.356699
0 0.579138 0.583364 0.841724 0.206303 0.353191
0 0.615367 0.940096 0.769266 0.119809 0.352104
0 0.546755 0.819005 0.884323 0.19432 0.343243
0 0.525321 0.576339 0.767775 0.200773 0.338429
0 0.567895 0.211061 0.790277 0.180143 0.32637
0 0.56355 0.597662 0.859094 0.187861 0.316803
0 0.584034 0.196169 0.831931 0.203437 0.301053
0 0.563958 0.782344 0.800878 0.200266 0.268819
0 0.586534 0.784525 0.826931 0.206921 0.255804
0 0.570422 0.577538 0.840281 0.193209 0.252728
0 0.61958 0.200016 0.76084 0.198151 0.244013
0 0.545914 0.609087 0.890715 0.217251 0.238188
0 0.645894 0.398532 0.708212 0.161912 0.223307
0 0.578058 0.832628 0.843354 0.220195 0.220565
0 0.615073 0.420263 0.769853 0.178687 0.198685
0 0.517406 0.0636979 0.706198 0.122528 0.197714
0 0.31393 0.245361 0.269842 0.166937 0.19537
0 0.50315 0.568461 0.721356 0.189274 0.193816
0 0.525925 0.953747 0.51986 0.09245 0.189542
0 0.540516 0.225405 0.744982 0.197845 0.182368
0 0.606579 0.310401 0.774278 0.115899 0.176919
0 0.511673 0.745257 0.705654 0.168952 0.1671
0 0.645753 0.20576 0.708495 0.191305 0.163047
0 0.573346 0.227377 0.800486 0.185919 0.155749
0 0.310028 0.248284 0.245317 0.153348 0.154924
0 0.581203 0.615854 0.837594 0.248117 0.149984
0 0.536153 0.0590315 0.725756 0.112771 0.147812
0 0.490818 0.953825 0.448284 0.0923292 0.146317
0 0.544006 0.64115 0.890216 0.200912 0.135988
0 0.512554 0.049545 0.685387 0.099 0.134712
0 0.431642 0.750537 0.513925 0.146858 0.133391
0 0.329412 0.241991 0.318236 0.174784 0.132906
0 0.334779 0.748225 0.326685 0.144364 0.13069
0 0.59174 0.833879 0.81652 0.146252 0.129987
0 0.569108 0.939594 0.705413 0.120811 0.128226
0 0.38515 0.748747 0.428101 0.146126 0.126444
0 0.572043 0.647357 0.846101 0.170989 0.126316
0 0.461102 0.956059 0.387662 0.0876701 0.125313
0 0.585916 0.853043 0.826124 0.273293 0.124639
0 0.58627 0.717461 0.827461 0.128773 0.123883
0 0.315453 0.750092 0.289699 0.140094 0.123646
0 0.523917 0.963027 0.518029 0.0739458 0.119828
0 0.50503 0.412346 0.502465 0.122943 0.118377
0 0.543926 0.048491 0.676003 0.0968785 0.116193
0 0.610649 0.82573 0.778702 0.205016 0.115002
0 0.493076 0.0548924 0.692752 0.109785 0.112131
0 0.54623 0.972941 0.551694 0.0541187 0.110735
0 0.581047 0.7082 0.824644 0.116366 0.106381
0 0.565543 0.745526 0.810435 0.182853 0.1058
0 0.590732 0.231996 0.818536 0.176941 0.10484
0 0.431919 0.234392 0.49951 0.163762 0.104778
0 0.364365 0.239122 0.371646 0.167074 0.104746
0 0.289513 0.568499 0.293733 0.152604 0.102971
0 0.445872 0.956959 0.354973 0.0859898 0.101628
0 0.579143 0.641851 0.841714 0.151196 0.100978
0 0.277022 0.567151 0.267517 0.153184 0.100249
