0 0.464988 0.106896 0.924043 0.213793 0.417611
0 0.303632 0.784104 0.605833 0.286915 0.401773
0 0.87413 0.25825 0.13909 0.0685167 0.38063
0 0.411951 0.114155 0.823902 0.22831 0.35953
0 0.275996 0.54037 0.551993 0.292359 0.358401
0 0.814002 0.101441 0.272506 0.103875 0.356276
0 0.518585 0.564932 0.249445 0.11945 0.34233
0 0.448405 0.690934 0.261529 0.132398 0.339586
0 0.791367 0.632749 0.228216 0.0879725 0.337512
0 0.699903 0.741942 0.261701 0.137464 0.336981
0 0.83961 0.512676 0.151662 0.0668614 0.321165
0 0.809797 0.359588 0.194138 0.0854218 0.297304
0 0.276321 0.490003 0.552642 0.192248 0.295178
0 0.645197 0.424288 0.210647 0.0975967 0.292134
0 0.821561 0.0978255 0.291169 0.112385 0.290769
0 0.354841 0.251342 0.69991 0.19324 0.287451
0 0.834383 0.568663 0.216192 0.0743501 0.285055
0 0.52861 0.561014 0.277273 0.131822 0.281729
0 0.303139 0.548968 0.606278 0.295891 0.279703
0 0.73875 0.898332 0.522501 0.196452 0.278705
0 0.899022 0.852541 0.201957 0.15854 0.274827
0 0.682574 0.338924 0.19672 0.0816719 0.271293
0 0.887033 0.311203 0.143375 0.057813 0.270284
0 0.516157 0.571677 0.244439 0.106671 0.269262
0 0.747737 0.465956 0.217391 0.0967709 0.267467
0 0.861527 0.726962 0.197059 0.116678 0.26633
0 0.704959 0.742385 0.288406 0.153875 0.262917
0 0.450588 0.690789 0.280814 0.142897 0.261774
0 0.889195 0.23845 0.218768 0.114562 0.261712
0 0.749966 0.464594 0.202829 0.107902 0.26027
0 0.696564 0.350043 0.15067 0.067137 0.259382
0 0.514567 0.107203 0.880714 0.214407 0.254689
0 0.732146 0.23122 0.224762 0.112487 0.253707
0 0.739445 0.462714 0.237887 0.121451 0.250246
0 0.645905 0.420002 0.229856 0.108677 0.247185
0 0.74812 0.459141 0.205259 0.0919112 0.245691
0 0.857216 0.572512 0.243955 0.0817789 0.24145
0 0.883825 0.460792 0.130992 0.058342 0.238156
0 0.829798 0.506303 0.175007 0.0744538 0.237345
0 0.87479 0.577589 0.239166 0.0912097 0.237255
0 0.866961 0.723952 0.229527 0.131087 0.236144
0 0.34113 0.783881 0.67013 0.301176 0.235886
0 0.896234 0.229574 0.207533 0.126494 0.2358
0 0.404511 0.219829 0.798646 0.257661 0.235077
0 0.811006 0.568437 0.215623 0.0746527 0.233995
0 0.801983 0.356587 0.216346 0.10455 0.230605
0 0.33727 0.260004 0.674541 0.176793 0.226754
0 0.813921 0.360919 0.198221 0.0787406 0.226412
0 0.45198 0.10415 0.903961 0.2083 0.226255
0 0.676905 0.339353 0.229228 0.0872602 0.224932
0 0.282165 0.470816 0.560176 0.162397 0.224555
0 0.812023 0.358125 0.207316 0.105517 0.224196
0 0.585591 0.286406 0.162412 0.0972149 0.221923
0 0.823394 0.506733 0.188135 0.0784666 0.218403
0 0.911929 0.39858 0.176142 0.0881037 0.215586
0 0.814127 0.357511 0.227846 0.102365 0.212961
0 0.519998 0.558776 0.238711 0.129701 0.20988
0 0.734351 0.23314 0.269492 0.1307 0.208873
0 0.635489 0.421353 0.225909 0.107779 0.203119
0 0.852727 0.731617 0.224358 0.125424 0.203073
0 0.698032 0.744996 0.268115 0.150822 0.202982
0 0.807385 0.631723 0.264597 0.0877249 0.198167
0 0.537109 0.557256 0.298681 0.149283 0.197832
0 0.737493 0.232727 0.228428 0.123009 0.196445
0 0.883674 0.305708 0.177634 0.0706305 0.195692
0 0.459188 0.689315 0.296552 0.153495 0.195382
0 0.898512 0.863106 0.201996 0.137063 0.195096
0 0.896633 0.580033 0.199257 0.0965908 0.194272
0 0.87836 0.237677 0.214447 0.11674 0.194232
0 0.717734 0.231922 0.247151 0.116031 0.193371
0 0.91157 0.397112 0.176861 0.100882 0.192214
0 0.348775 0.26341 0.667006 0.169172 0.192119
0 0.878064 0.721831 0.220775 0.116989 0.191861
0 0.69248 0.340859 0.208175 0.0869478 0.190002
0 0.306688 0.760613 0.605929 0.295347 0.189687
0 0.89859 0.224066 0.201429 0.125624 0.189147
0 0.528278 0.555303 0.250814 0.138791 0.188336
0 0.89194 0.235758 0.21612 0.131333 0.187416
0 0.723557 0.739765 0.3255 0.156886 0.185895
0 0.861775 0.304111 0.219738 0.0765952 0.18142
0 0.744764 0.465614 0.274818 0.117865 0.181026
0 0.787435 0.356462 0.249701 0.111578 0.180945
0 0.435854 0.692549 0.271859 0.136999 0.180034
0 0.524752 0.398103 0.138573 0.0764178 0.177238
0 0.867823 0.573283 0.264354 0.0944878 0.175691
0 0.85656 0.73004 0.240493 0.137822 0.175595
0 0.789216 0.626954 0.249855 0.100654 0.174554
0 0.282 0.527699 0.563999 0.25822 0.174472
0 0.885087 0.458832 0.139619 0.0582308 0.173711
0 0.686485 0.337063 0.234379 0.0977856 0.172883
0 0.784626 0.630714 0.253897 0.0976961 0.17257
0 0.800544 0.627955 0.24606 0.0825244 0.171363
0 0.741754 0.241495 0.200647 0.0904127 0.171022
0 0.750116 0.245919 0.167413 0.0910353 0.16875
0 0.895077 0.84719 0.20924 0.156336 0.165752
0 0.703042 0.234338 0.276459 0.114682 0.165272
0 0.868899 0.723306 0.145431 0.0747777 0.163897
0 0.633021 0.418956 0.24773 0.119579 0.162353
0 0.751077 0.248678 0.165342 0.118428 0.160521
0 0.476847 0.10083 0.953695 0.201659 0.160318
0 0.833515 0.50789 0.197231 0.0858889 0.160266
0 0.764805 0.470021 0.283566 0.129056 0.159828
0 0.65642 0.426836 0.192165 0.0762799 0.159634
0 0.403896 0.474776 0.27536 0.111411 0.159549
0 0.752196 0.893205 0.495607 0.191687 0.158775
0 0.522055 0.395999 0.148262 0.0816823 0.158725
0 0.423793 0.475184 0.244829 0.103795 0.155492
0 0.910587 0.392108 0.178825 0.110568 0.155231
0 0.691317 0.233638 0.312314 0.122328 0.154525
0 0.874935 0.720702 0.250131 0.131928 0.154154
0 0.832607 0.570797 0.159897 0.0621132 0.15268
0 0.74302 0.232544 0.274672 0.137334 0.152549
0 0.663125 0.424138 0.248419 0.102314 0.150721
0 0.81941 0.369061 0.18986 0.0665414 0.149234
0 0.711571 0.234239 0.286639 0.129175 0.147191
0 0.860285 0.728666 0.216693 0.142299 0.14708
0 0.359961 0.127272 0.719921 0.254544 0.143835
0 0.894601 0.306178 0.188944 0.0749347 0.143372
0 0.407175 0.557066 0.81435 0.233532 0.142472
0 0.82701 0.571303 0.177652 0.0614244 0.142468
0 0.886164 0.311749 0.130129 0.0563478 0.141434
0 0.879903 0.723571 0.22357 0.139152 0.141238
0 0.675174 0.337875 0.25164 0.100594 0.141208
0 0.782487 0.729236 0.435026 0.142835 0.140437
0 0.754884 0.45845 0.223335 0.101234 0.139999
0 0.688029 0.33567 0.21291 0.107065 0.139504
0 0.825317 0.35683 0.223552 0.103438 0.13839
0 0.765465 0.462021 0.159485 0.0704053 0.136346
0 0.705018 0.463231 0.311349 0.118054 0.135852
0 0.376219 0.472803 0.333696 0.119972 0.135394
0 0.657427 0.426616 0.166754 0.0741475 0.133935
0 0.422512 0.470179 0.26233 0.115272 0.13335
0 0.910697 0.402002 0.178607 0.0782924 0.131943
0 0.871599 0.236442 0.250086 0.12826 0.131842
0 0.40348 0.468434 0.286623 0.12432 0.131539
0 0.759542 0.467662 0.18189 0.0827955 0.130441
0 0.882476 0.310068 0.157983 0.0514867 0.128882
0 0.888088 0.865076 0.223823 0.156321 0.126618
0 0.869442 0.719645 0.146363 0.0739235 0.126162
0 0.76283 0.464966 0.177275 0.075459 0.125342
0 0.896116 0.582353 0.171027 0.0700283 0.124749
0 0.885277 0.863844 0.228125 0.179908 0.124509
0 0.829286 0.36175 0.230969 0.0773456 0.123924
0 0.897083 0.579465 0.20411 0.113589 0.122891
0 0.911838 0.382978 0.176325 0.127655 0.121883
0 0.902173 0.838319 0.195655 0.211138 0.119514
0 0.759908 0.354058 0.328876 0.1195 0.11886
0 0.865464 0.241022 0.246573 0.132397 0.118433
0 0.518525 0.568187 0.267745 0.112522 0.118068
0 0.825103 0.359325 0.238332 0.0976938 0.117393
0 0.754891 0.467457 0.192233 0.0897439 0.116758
0 0.883653 0.451921 0.171555 0.0756133 0.115619
0 0.696067 0.34621 0.153899 0.076633 0.114828
0 0.542577 0.575316 0.185452 0.091489 0.114745
0 0.885596 0.303373 0.155405 0.0799413 0.114689
0 0.886601 0.410207 0.125114 0.052846 0.114655
0 0.905675 0.584342 0.140534 0.0662815 0.113445
0 0.828569 0.0935779 0.342594 0.170437 0.112351
0 0.905523 0.468547 0.188954 0.0903361 0.111895
0 0.905613 0.455899 0.188572 0.0721052 0.111627
0 0.824666 0.569922 0.165003 0.0621719 0.111438
0 0.766034 0.459277 0.150836 0.0648546 0.111179
0 0.365619 0.108478 0.731239 0.216957 0.110745
0 0.804338 0.507011 0.245999 0.093191 0.110125
0 0.796181 0.628999 0.27749 0.109835 0.110102
0 0.525593 0.399036 0.126203 0.0728379 0.110078
0 0.406358 0.256614 0.812716 0.17893 0.109556
0 0.707697 0.338372 0.267403 0.102021 0.108876
0 0.873902 0.25418 0.144495 0.0721658 0.108063
0 0.756519 0.453784 0.237743 0.0923636 0.108038
0 0.883142 0.716814 0.233715 0.128659 0.108037
0 0.544062 0.106413 0.840753 0.211474 0.107318
0 0.767652 0.734341 0.398884 0.149845 0.10719
0 0.743962 0.346342 0.317195 0.105552 0.106194
0 0.367995 0.467967 0.361218 0.131426 0.105801
0 0.834285 0.570096 0.143152 0.0619242 0.104966
0 0.752853 0.249335 0.15719 0.0974389 0.104279
0 0.81096 0.630984 0.288927 0.111621 0.104167
0 0.825259 0.0882908 0.327733 0.167418 0.103585
0 0.776358 0.104925 0.168011 0.07466 0.102973
0 0.690106 0.428867 0.323281 0.124099 0.101941
0 0.834077 0.0901433 0.294083 0.120596 0.101598
0 0.545569 0.572889 0.171304 0.0962427 0.101082
0 0.829988 0.0982771 0.340025 0.136212 0.101076
0 0.904217 0.216238 0.190936 0.166989 0.10099
0 0.869434 0.448499 0.17711 0.0912653 0.100856
0 0.885137 0.411931 0.112825 0.0542796 0.100747
