0 0.233931 0.198637 0.278632 0.393391 0.645512
0 0.620733 0.315961 0.399367 0.628706 0.616334
0 0.596949 0.314606 0.335213 0.624085 0.575117
0 0.23368 0.197365 0.313415 0.393168 0.546744
0 0.64814 0.688928 0.182992 0.299809 0.490617
0 0.646114 0.676641 0.192386 0.326536 0.465124
0 0.487281 0.754275 0.193406 0.361951 0.452436
0 0.413086 0.842331 0.0772835 0.1166 0.442423
0 0.648352 0.716129 0.167999 0.242974 0.353013
0 0.656802 0.665801 0.236457 0.367623 0.287691
0 0.495031 0.760872 0.17221 0.349076 0.269747
0 0.871265 0.508762 0.231662 0.8596 0.250363
0 0.219196 0.194695 0.213909 0.38939 0.209818
0 0.28163 0.80834 0.188382 0.38332 0.197678
0 0.413768 0.848214 0.080679 0.105342 0.187441
0 0.489006 0.745296 0.212522 0.391673 0.180427
0 0.24826 0.194437 0.294121 0.387656 0.179374
0 0.868509 0.787742 0.189559 0.260368 0.166458
0 0.649153 0.726799 0.16432 0.220339 0.162043
0 0.225266 0.205274 0.211654 0.374024 0.160697
0 0.605634 0.313292 0.438524 0.626583 0.150743
0 0.273046 0.602586 0.238041 0.794828 0.143778
0 0.263498 0.578181 0.258636 0.843637 0.138701
0 0.223403 0.231618 0.198124 0.320468 0.131573
0 0.226508 0.257475 0.191775 0.26256 0.124128
0 0.866735 0.717624 0.194906 0.419145 0.122867
0 0.891324 0.477732 0.217351 0.951696 0.108166
0 0.278267 0.627437 0.228233 0.745126 0.101625
