0 0.450271 0.380097 0.102718 0.249584 0.632056
0 0.582927 0.211634 0.0550467 0.0961877 0.610852
0 0.721283 0.545986 0.114057 0.234282 0.606939
0 0.501513 0.234801 0.0645012 0.0983017 0.586794
0 0.522747 0.709323 0.132395 0.51903 0.574594
0 0.317056 0.248596 0.0687611 0.166646 0.557375
0 0.152139 0.760418 0.153791 0.43593 0.542365
0 0.885676 0.800512 0.182671 0.397581 0.539609
0 0.268604 0.262952 0.0568786 0.0820823 0.51182
0 0.448073 0.220428 0.0662121 0.128788 0.493578
0 0.819095 0.311798 0.0657166 0.148655 0.487651
0 0.359214 0.416099 0.111324 0.318831 0.471263
0 0.227644 0.231406 0.0584414 0.137295 0.45909
0 0.766215 0.325933 0.0689796 0.231007 0.447369
0 0.166917 0.427313 0.121288 0.441146 0.442694
0 0.427831 0.658325 0.0985655 0.382391 0.441195
0 0.260745 0.263697 0.0933288 0.0895088 0.434317
0 0.363388 0.212918 0.0604433 0.130557 0.416285
0 0.808796 0.569587 0.102789 0.242799 0.39991
0 0.34435 0.735819 0.172517 0.493111 0.397319
0 0.164166 0.726339 0.122675 0.371151 0.376696
0 0.709799 0.288379 0.0656279 0.243931 0.369034
0 0.255566 0.584686 0.0922132 0.203233 0.359756
0 0.407056 0.225286 0.0505935 0.138942 0.351687
0 0.329746 0.735587 0.266317 0.493772 0.341239
0 0.58086 0.215337 0.0661357 0.123403 0.319006
0 0.656557 0.276014 0.0664789 0.240068 0.314615
0 0.687957 0.749823 0.165756 0.479439 0.310143
0 0.525655 0.377816 0.0810494 0.259592 0.308101
0 0.656539 0.245854 0.0619855 0.17166 0.286488
0 0.603948 0.376465 0.112314 0.308356 0.27424
0 0.618345 0.532404 0.104314 0.17744 0.27323
0 0.895176 0.587042 0.195746 0.580719 0.248999
0 0.802087 0.675208 0.130279 0.455386 0.248688
0 0.815663 0.334904 0.062571 0.217751 0.23717
0 0.705415 0.709238 0.141327 0.571644 0.215893
0 0.709062 0.241394 0.0563763 0.12415 0.203828
0 0.266477 0.269221 0.0556581 0.112194 0.202913
0 0.269557 0.331668 0.0657205 0.101271 0.20056
