0 0.282628 0.726535 0.138257 0.53103 0.717712
0 0.403633 0.722851 0.149996 0.527028 0.706505
0 0.142583 0.740913 0.164294 0.491533 0.692099
0 0.284297 0.725309 0.161017 0.535344 0.679897
0 0.901084 0.737848 0.179843 0.512781 0.677838
0 0.470116 0.392092 0.114897 0.423899 0.651023
0 0.347269 0.374017 0.160192 0.425062 0.644034
0 0.892572 0.73651 0.177998 0.522019 0.64213
0 0.145082 0.743978 0.184273 0.495018 0.626447
0 0.780273 0.345202 0.139275 0.48067 0.605596
0 0.590232 0.74232 0.201735 0.479829 0.602899
0 0.737912 0.751309 0.168378 0.468356 0.601352
0 0.403855 0.724068 0.164643 0.515832 0.595036
0 0.46867 0.395934 0.130626 0.42585 0.582559
0 0.895364 0.394316 0.145744 0.475046 0.573388
0 0.737317 0.753658 0.184595 0.47591 0.570203
0 0.571032 0.37497 0.104132 0.480596 0.566121
0 0.22059 0.415091 0.141378 0.426669 0.531535
0 0.667377 0.385068 0.104803 0.425783 0.52828
0 0.352803 0.358556 0.14787 0.37835 0.50797
0 0.78196 0.349786 0.161786 0.483048 0.504243
0 0.894674 0.425004 0.150811 0.529955 0.496672
0 0.0879182 0.50362 0.169196 0.553708 0.494036
0 0.571302 0.40335 0.106845 0.521272 0.484365
0 0.0878803 0.461039 0.163607 0.469788 0.46363
0 0.900745 0.382522 0.152669 0.458711 0.45092
0 0.0923565 0.592467 0.167694 0.732286 0.448863
0 0.135976 0.746605 0.21332 0.494426 0.444166
0 0.569349 0.420902 0.103745 0.478443 0.44
0 0.774415 0.361239 0.151528 0.503693 0.439706
0 0.897131 0.746387 0.197264 0.495456 0.4219
0 0.0908527 0.552317 0.161062 0.65205 0.418258
0 0.221986 0.381707 0.144229 0.374966 0.414847
0 0.573184 0.432032 0.108917 0.500697 0.410378
0 0.275984 0.741136 0.122559 0.492771 0.408251
0 0.892856 0.526852 0.163294 0.711486 0.401202
0 0.403526 0.735423 0.125217 0.507781 0.395874
0 0.219576 0.388638 0.13044 0.366486 0.390693
0 0.892544 0.58788 0.192736 0.817067 0.388629
0 0.900291 0.467284 0.161747 0.625873 0.385718
0 0.734332 0.757119 0.209525 0.475516 0.38357
0 0.893362 0.645027 0.186576 0.698117 0.381164
0 0.6601 0.396731 0.10852 0.454237 0.379435
0 0.0905454 0.566635 0.179579 0.684631 0.378576
0 0.123258 0.615956 0.240582 0.75866 0.357146
0 0.736844 0.764719 0.160498 0.470562 0.341703
0 0.666208 0.411927 0.107584 0.49999 0.316243
0 0.898682 0.57332 0.173627 0.819783 0.313338
0 0.656073 0.403249 0.0992434 0.468575 0.297307
0 0.567643 0.384997 0.0986238 0.503166 0.296852
0 0.576033 0.446145 0.113312 0.507768 0.295359
0 0.577219 0.513868 0.128703 0.712912 0.292602
0 0.660384 0.382872 0.111765 0.418951 0.287848
0 0.582688 0.571588 0.227866 0.824936 0.281163
0 0.0816836 0.514344 0.138475 0.521616 0.253725
0 0.655815 0.420149 0.0956242 0.473819 0.248656
0 0.220682 0.374481 0.126324 0.352722 0.246554
0 0.352931 0.353214 0.129712 0.363945 0.245527
0 0.406515 0.717818 0.126781 0.501552 0.244417
0 0.143259 0.750954 0.135953 0.498092 0.230486
0 0.586083 0.74388 0.141928 0.467206 0.224599
0 0.0915132 0.606779 0.179371 0.76177 0.220654
0 0.895525 0.425421 0.129882 0.491017 0.218271
0 0.588384 0.600709 0.217044 0.76409 0.218208
0 0.216394 0.409827 0.153723 0.417981 0.208788
0 0.109261 0.606442 0.218523 0.776502 0.207252
0 0.0835253 0.480524 0.136637 0.498284 0.202016
0 0.739454 0.765788 0.143786 0.468423 0.195361
0 0.580901 0.748633 0.229257 0.483075 0.193542
0 0.892722 0.77749 0.210545 0.44352 0.192466
0 0.894149 0.428212 0.117694 0.499543 0.189326
0 0.274772 0.731047 0.111696 0.49353 0.186614
0 0.89693 0.40452 0.125868 0.477441 0.181399
0 0.14117 0.751416 0.116616 0.497168 0.178012
0 0.771825 0.366406 0.154559 0.434312 0.169017
0 0.777871 0.370021 0.171958 0.503364 0.168741
0 0.742461 0.749357 0.141527 0.454971 0.1687
0 0.600968 0.550706 0.195818 0.79344 0.168394
0 0.776143 0.3561 0.125064 0.468995 0.165679
0 0.351827 0.384357 0.174747 0.425489 0.162732
0 0.663916 0.395077 0.120343 0.430735 0.158924
0 0.660465 0.373159 0.123568 0.403909 0.15868
0 0.893418 0.444906 0.136229 0.50043 0.15854
0 0.0175933 0.479061 0.0349349 0.623957 0.153925
0 0.659757 0.427286 0.106441 0.464645 0.150716
0 0.0158887 0.489935 0.0317774 0.682181 0.14044
0 0.895547 0.374135 0.11305 0.421749 0.134344
0 0.896782 0.375582 0.126804 0.418202 0.133217
0 0.225859 0.402177 0.162803 0.360764 0.124129
0 0.661981 0.36843 0.111366 0.386843 0.123761
0 0.74244 0.744862 0.127556 0.444746 0.122728
0 0.891694 0.450693 0.123097 0.511492 0.120592
0 0.744388 0.720355 0.134987 0.394748 0.110943
0 0.14533 0.758072 0.273092 0.480478 0.109041
0 0.0847253 0.444855 0.131696 0.447 0.108315
0 0.883203 0.765876 0.233593 0.466432 0.107765
0 0.0210699 0.479538 0.0411355 0.542177 0.105486
0 0.408358 0.720353 0.140354 0.476705 0.105277
0 0.0157481 0.673403 0.0314962 0.625773 0.104335
0 0.0156743 0.665441 0.0313485 0.669119 0.103094
0 0.593935 0.570054 0.22384 0.853495 0.101742
