0 0.61198 0.718633 0.735294 0.223173 0.783258
0 0.544143 0.545278 0.804938 0.236068 0.729388
0 0.523544 0.379402 0.940625 0.22662 0.710877
0 0.181833 0.945716 0.318421 0.108568 0.699002
0 0.0920536 0.855917 0.181592 0.12295 0.636688
0 0.528565 0.901187 0.909959 0.197626 0.629042
0 0.51698 0.21508 0.8804 0.229885 0.620937
0 0.144825 0.159255 0.281833 0.103661 0.612857
0 0.101857 0.753724 0.182976 0.0953287 0.599593
0 0.238266 0.727579 0.222365 0.132301 0.573358
0 0.382679 0.218399 0.62658 0.142894 0.460096
0 0.516483 0.0960309 0.776932 0.166226 0.387092
0 0.223685 0.818023 0.252114 0.122523 0.37702
0 0.112059 0.0770211 0.222741 0.106841 0.279635
