0 0.497814 0.349077 0.812551 0.295606 0.678927
0 0.501548 0.108193 0.727507 0.211608 0.67552
0 0.539543 0.104431 0.640504 0.20537 0.649198
0 0.477349 0.115841 0.754791 0.226443 0.630291
0 0.434943 0.123695 0.869887 0.24293 0.550371
0 0.591617 0.84871 0.802925 0.285947 0.521945
0 0.446861 0.358951 0.893721 0.312959 0.52131
0 0.560966 0.866156 0.85518 0.252893 0.520549
0 0.48124 0.350816 0.876395 0.305062 0.487165
0 0.531505 0.871664 0.918674 0.248677 0.444684
0 0.496107 0.655287 0.901228 0.26574 0.410695
0 0.209731 0.879467 0.419463 0.0946281 0.37974
0 0.518336 0.630418 0.894561 0.282902 0.376163
0 0.203181 0.876176 0.406362 0.097316 0.365324
0 0.455352 0.370549 0.910703 0.322517 0.351646
0 0.627024 0.847743 0.745951 0.293977 0.336036
0 0.571146 0.348083 0.678368 0.299341 0.327949
0 0.489606 0.669273 0.921918 0.247313 0.306533
0 0.596472 0.0973311 0.521147 0.194561 0.302754
0 0.54232 0.608267 0.810477 0.27981 0.278806
0 0.504567 0.667882 0.899601 0.268787 0.276507
0 0.207004 0.785 0.399504 0.0768498 0.269481
0 0.202939 0.873196 0.405879 0.108572 0.24038
0 0.471399 0.662877 0.925631 0.196622 0.240031
0 0.428621 0.349011 0.852756 0.297701 0.23861
0 0.504818 0.666129 0.932671 0.221144 0.234336
0 0.342192 0.943533 0.680721 0.112935 0.225191
0 0.41947 0.115152 0.83894 0.229229 0.219781
0 0.469111 0.367446 0.938223 0.278341 0.215806
0 0.576463 0.595527 0.775284 0.248885 0.215495
0 0.567762 0.57706 0.783448 0.200525 0.206299
0 0.226324 0.785901 0.432612 0.0788452 0.198085
0 0.260561 0.787994 0.521122 0.0864317 0.190342
0 0.476287 0.677256 0.934907 0.223299 0.184392
0 0.336095 0.729678 0.529808 0.0826511 0.178964
0 0.684502 0.844364 0.625301 0.291036 0.177038
0 0.242784 0.78712 0.485569 0.0835571 0.175867
0 0.485967 0.633102 0.902503 0.298552 0.174991
0 0.177248 0.0867004 0.354497 0.140847 0.171447
0 0.402754 0.942088 0.805508 0.115825 0.170271
0 0.357808 0.730315 0.554293 0.0868766 0.166156
0 0.211559 0.872746 0.423118 0.109564 0.163286
0 0.301606 0.730572 0.517312 0.0754451 0.163081
0 0.179569 0.103079 0.359139 0.165711 0.162425
0 0.533075 0.572278 0.824251 0.193201 0.157956
0 0.521921 0.857051 0.921375 0.260635 0.156923
0 0.524306 0.111248 0.669323 0.222496 0.154772
0 0.594828 0.57918 0.715805 0.201657 0.148861
0 0.53998 0.94596 0.895621 0.10808 0.14856
0 0.440634 0.132878 0.881269 0.265755 0.144551
0 0.279676 0.940793 0.553911 0.118415 0.144363
0 0.365862 0.902599 0.730478 0.179668 0.132324
0 0.463686 0.942146 0.922691 0.115708 0.12139
0 0.269554 0.901581 0.534427 0.180091 0.119828
0 0.273605 0.731807 0.510601 0.0694458 0.115033
0 0.184267 0.109131 0.359584 0.163664 0.113318
0 0.447729 0.682721 0.895459 0.189909 0.101124
