0 0.499393 0.702261 0.178835 0.493604 0.660085
0 0.770778 0.266464 0.130442 0.341748 0.552823
0 0.505597 0.703305 0.216462 0.498962 0.546719
0 0.49084 0.265803 0.104065 0.307916 0.496564
0 0.370149 0.254071 0.109073 0.334651 0.488474
0 0.76921 0.26828 0.11721 0.34483 0.454972
0 0.771681 0.283003 0.129952 0.354951 0.446893
0 0.562631 0.276144 0.0835205 0.258236 0.436352
0 0.635398 0.228334 0.0850756 0.291325 0.404482
0 0.373011 0.262237 0.118141 0.343977 0.398994
0 0.634673 0.239003 0.0812531 0.310284 0.39345
0 0.638654 0.234307 0.0871856 0.301761 0.391631
0 0.691902 0.234913 0.0849651 0.255946 0.390074
0 0.691993 0.249111 0.0861387 0.298282 0.388895
0 0.491911 0.261096 0.0973556 0.289434 0.364661
0 0.260802 0.487724 0.185599 0.819167 0.350265
0 0.635975 0.217955 0.0874474 0.265614 0.340062
0 0.50397 0.695664 0.148878 0.466976 0.326701
0 0.563264 0.27595 0.088372 0.274909 0.325781
0 0.562886 0.273877 0.0744785 0.253348 0.322605
0 0.489349 0.271484 0.115475 0.320409 0.320061
0 0.633325 0.247999 0.0769711 0.329425 0.319923
0 0.563202 0.283491 0.0827985 0.290161 0.308466
0 0.691571 0.218982 0.0841038 0.228401 0.30479
0 0.255977 0.360263 0.173649 0.569534 0.288696
0 0.771111 0.282272 0.144263 0.356011 0.279505
0 0.265844 0.27841 0.163696 0.404878 0.268327
0 0.766381 0.267531 0.104239 0.340206 0.258198
0 0.692883 0.260269 0.0938702 0.320145 0.256809
0 0.636635 0.254102 0.0818405 0.325531 0.247984
0 0.692209 0.244087 0.0944716 0.28381 0.229816
0 0.636145 0.211664 0.0681225 0.214278 0.218581
0 0.256515 0.442499 0.17398 0.729333 0.21594
0 0.647318 0.223892 0.112189 0.278526 0.197594
0 0.501684 0.694748 0.131704 0.462095 0.193517
0 0.689038 0.227008 0.0806017 0.215448 0.185603
0 0.688879 0.190627 0.076569 0.148111 0.182421
0 0.263322 0.304193 0.164819 0.462997 0.178326
0 0.690202 0.189443 0.0704066 0.138339 0.177025
0 0.562796 0.261441 0.076827 0.224648 0.176533
0 0.635923 0.204184 0.0896116 0.244134 0.168668
0 0.637155 0.195443 0.073381 0.196834 0.158172
0 0.688961 0.206593 0.0824362 0.185277 0.154558
0 0.651431 0.238739 0.121045 0.307031 0.151832
0 0.493019 0.246402 0.0841576 0.251707 0.146636
0 0.644506 0.213152 0.104763 0.254337 0.140087
0 0.264411 0.309253 0.150479 0.465958 0.137266
0 0.690077 0.243666 0.0800304 0.248917 0.136364
0 0.689603 0.217952 0.0787493 0.183307 0.136236
0 0.688186 0.202879 0.0776399 0.169641 0.133386
0 0.638135 0.195907 0.0693672 0.184571 0.129231
0 0.632463 0.262659 0.0734348 0.354515 0.124636
0 0.267304 0.277497 0.139819 0.401726 0.124357
0 0.261868 0.484922 0.206821 0.817182 0.122135
0 0.51026 0.693851 0.168761 0.470339 0.117217
0 0.493972 0.276947 0.11478 0.331959 0.116717
0 0.252274 0.301796 0.189006 0.453549 0.106473
