0 0.42211 0.792328 0.84422 0.415345 0.762002
0 0.528458 0.206797 0.943084 0.396641 0.643022
0 0.410354 0.5046 0.528068 0.316742 0.600718
0 0.48882 0.210191 0.890759 0.355118 0.570294
0 0.442921 0.824836 0.839224 0.348741 0.54215
0 0.387941 0.499963 0.468609 0.309117 0.480746
0 0.570723 0.508442 0.858553 0.311035 0.472475
0 0.542947 0.240074 0.914107 0.476662 0.360857
0 0.543366 0.507148 0.79712 0.31931 0.354989
0 0.461563 0.843446 0.922353 0.312135 0.351321
0 0.498978 0.847424 0.917273 0.302401 0.301823
0 0.464403 0.209795 0.840666 0.382378 0.301082
0 0.573392 0.526509 0.853216 0.309526 0.243571
0 0.420215 0.243261 0.739494 0.295124 0.219806
0 0.5533 0.219979 0.876693 0.437201 0.219125
0 0.368254 0.803499 0.729181 0.393002 0.210947
0 0.813959 0.221515 0.368441 0.441127 0.188843
0 0.800574 0.374666 0.398852 0.291798 0.162806
0 0.805408 0.315939 0.382424 0.419912 0.160054
0 0.817797 0.199611 0.357122 0.399223 0.154772
0 0.545332 0.181171 0.902073 0.360177 0.14911
0 0.545934 0.280541 0.908132 0.553834 0.145794
0 0.552438 0.249557 0.872922 0.424591 0.137268
0 0.52805 0.256086 0.943901 0.512172 0.132411
0 0.616088 0.222426 0.756661 0.444516 0.124486
0 0.554577 0.84979 0.847509 0.293545 0.124263
0 0.573994 0.50813 0.852012 0.346918 0.119241
0 0.810995 0.622275 0.374181 0.274623 0.118522
0 0.804623 0.260037 0.390753 0.485993 0.109946
0 0.572 0.367022 0.855999 0.645459 0.108617
0 0.543572 0.28292 0.912856 0.498811 0.107722
0 0.570697 0.384437 0.858606 0.576536 0.10389
