0 0.296242 0.615515 0.360841 0.7543 0.794896
0 0.702053 0.542061 0.288259 0.888757 0.701334
0 0.522232 0.548367 0.249677 0.865418 0.64893
0 0.693976 0.524858 0.299832 0.947031 0.569205
0 0.534009 0.546306 0.262946 0.892647 0.568034
0 0.712901 0.496293 0.273684 0.800151 0.443605
0 0.506813 0.551759 0.261779 0.872729 0.415262
0 0.293214 0.621512 0.400796 0.742907 0.36131
0 0.157102 0.425017 0.120479 0.239662 0.350152
0 0.677025 0.529228 0.333252 0.937783 0.332581
0 0.57823 0.534402 0.345991 0.908388 0.300107
0 0.938482 0.265014 0.123036 0.530027 0.262615
0 0.156087 0.431509 0.131189 0.248205 0.257393
0 0.942765 0.376227 0.11447 0.752455 0.252996
0 0.941009 0.300236 0.117982 0.600472 0.247048
0 0.93576 0.23505 0.128479 0.468618 0.214936
0 0.161776 0.423056 0.133204 0.247127 0.202301
0 0.942694 0.42294 0.114612 0.832571 0.200483
0 0.492484 0.518835 0.2796 0.827734 0.174079
0 0.946483 0.332916 0.102146 0.424998 0.14822
0 0.596284 0.534153 0.410435 0.926857 0.146894
0 0.718137 0.447477 0.270827 0.693987 0.143141
0 0.152146 0.41576 0.122384 0.231575 0.141499
0 0.155536 0.446727 0.136097 0.289827 0.141261
0 0.168278 0.418067 0.0990078 0.222384 0.137448
0 0.166384 0.435687 0.153449 0.264219 0.137386
0 0.939917 0.0960255 0.11699 0.192051 0.135082
0 0.943555 0.351764 0.107671 0.468891 0.133977
0 0.94947 0.364337 0.10106 0.492506 0.132115
0 0.952144 0.344097 0.0957128 0.459425 0.116469
0 0.948881 0.316731 0.0965797 0.388153 0.11421
0 0.949397 0.2869 0.0954592 0.375733 0.106979
0 0.296079 0.598624 0.326684 0.710971 0.100547
