0 0.791636 0.418005 0.145032 0.665641 0.884899
0 0.910727 0.346799 0.156773 0.688646 0.828692
0 0.786956 0.400067 0.148192 0.669936 0.790722
0 0.657433 0.353944 0.170333 0.541331 0.6345
0 0.31407 0.527515 0.102395 0.151158 0.60715
0 0.7952 0.393897 0.131247 0.658502 0.514847
0 0.332616 0.634025 0.0937661 0.177602 0.48812
0 0.911016 0.347786 0.172583 0.695571 0.484765
0 0.655827 0.387135 0.179451 0.612381 0.469328
0 0.481132 0.549259 0.0857822 0.14887 0.457188
0 0.33264 0.625116 0.101463 0.19455 0.435488
0 0.48442 0.54906 0.0864265 0.143192 0.430683
0 0.317071 0.531211 0.105112 0.149091 0.420796
0 0.429989 0.644606 0.0863638 0.14695 0.418782
0 0.331573 0.637618 0.0932442 0.146875 0.413099
0 0.433617 0.648118 0.0890879 0.131336 0.410751
0 0.245377 0.543365 0.0888792 0.157189 0.402054
0 0.781949 0.405148 0.162274 0.677999 0.394053
0 0.127499 0.377906 0.235046 0.739543 0.392003
0 0.113148 0.390212 0.226132 0.776557 0.377842
0 0.243221 0.543444 0.088014 0.141522 0.37261
0 0.313934 0.529412 0.0909582 0.143098 0.365119
0 0.330114 0.637487 0.0930284 0.15895 0.360089
0 0.800572 0.414828 0.143926 0.678465 0.327361
0 0.139512 0.531978 0.163502 0.423248 0.323351
0 0.102491 0.400468 0.203798 0.794425 0.319092
0 0.560913 0.570702 0.0892841 0.249332 0.316513
0 0.915126 0.363616 0.169749 0.68143 0.315265
0 0.250263 0.408835 0.127819 0.154098 0.273208
0 0.806848 0.36651 0.101547 0.574031 0.272803
0 0.484264 0.411144 0.182323 0.409731 0.258894
0 0.426135 0.596027 0.101535 0.251862 0.257644
0 0.319977 0.473838 0.123062 0.26108 0.251292
0 0.126404 0.379143 0.205535 0.738686 0.248973
0 0.498663 0.405956 0.15845 0.410195 0.23459
0 0.560483 0.575059 0.082534 0.238851 0.232451
0 0.140762 0.527228 0.179907 0.4407 0.231169
0 0.558594 0.565076 0.0965885 0.261567 0.228106
0 0.32262 0.46624 0.115659 0.27277 0.222921
0 0.911948 0.288051 0.119863 0.576102 0.222151
0 0.318569 0.490428 0.107199 0.228451 0.22109
0 0.555545 0.616147 0.080625 0.153784 0.219121
0 0.558704 0.616737 0.0748495 0.136572 0.210431
0 0.156248 0.558767 0.120564 0.378438 0.20968
0 0.309898 0.522049 0.091826 0.1603 0.206058
0 0.243348 0.532776 0.0960549 0.183759 0.200039
0 0.668063 0.585478 0.126963 0.271504 0.199873
0 0.132607 0.397407 0.18148 0.697126 0.199652
0 0.313687 0.453547 0.148163 0.301595 0.18929
0 0.330698 0.636482 0.0915738 0.12933 0.188876
0 0.315557 0.517612 0.0940626 0.166082 0.183198
0 0.668445 0.594631 0.11782 0.253321 0.178168
0 0.660984 0.646118 0.094274 0.120287 0.176034
0 0.753617 0.204993 0.0586567 0.207382 0.167374
0 0.663702 0.344402 0.152071 0.534644 0.166634
0 0.239466 0.381849 0.124001 0.209305 0.160911
0 0.152462 0.584184 0.141363 0.305803 0.160696
0 0.240838 0.247701 0.186476 0.490007 0.155384
0 0.432196 0.599598 0.08747 0.246244 0.154126
0 0.419891 0.594823 0.0950378 0.253004 0.153658
0 0.237574 0.364111 0.131104 0.258372 0.15199
0 0.137694 0.37272 0.208144 0.74544 0.150076
0 0.496383 0.433939 0.0955955 0.382647 0.150059
0 0.32218 0.446639 0.111146 0.325848 0.144268
0 0.659015 0.647518 0.0891375 0.13395 0.133854
0 0.674203 0.582629 0.115599 0.275881 0.131915
0 0.311484 0.531718 0.0820481 0.139292 0.127864
0 0.31525 0.511738 0.0958261 0.196331 0.127464
0 0.151385 0.593165 0.159822 0.299268 0.123718
0 0.13069 0.377951 0.261079 0.748112 0.123036
0 0.243106 0.538369 0.0944348 0.159538 0.120522
0 0.23196 0.359279 0.140519 0.268678 0.119555
0 0.144829 0.45027 0.188446 0.589222 0.118721
0 0.309747 0.46239 0.146727 0.284471 0.117135
0 0.754712 0.213846 0.0628401 0.232715 0.117021
0 0.660534 0.643441 0.0909771 0.110193 0.116539
0 0.245709 0.542666 0.0951246 0.146717 0.113789
0 0.665511 0.601945 0.103792 0.240883 0.112543
0 0.754352 0.228029 0.0538319 0.244642 0.110421
0 0.912592 0.275839 0.117692 0.539644 0.108475
0 0.161354 0.635599 0.111562 0.210746 0.108318
0 0.0907411 0.352486 0.180663 0.700047 0.107773
0 0.325221 0.428413 0.130168 0.365235 0.101494
