0 0.675423 0.454758 0.243148 0.798691 0.599404
0 0.503453 0.464273 0.219904 0.661994 0.580945
0 0.498369 0.471804 0.200148 0.673445 0.572042
0 0.508054 0.474228 0.243847 0.680548 0.550784
0 0.224606 0.488457 0.247028 0.811355 0.494052
0 0.688678 0.484579 0.27281 0.853658 0.482837
0 0.509495 0.509303 0.258302 0.762906 0.474249
0 0.405731 0.175297 0.123234 0.234081 0.410896
0 0.407054 0.172243 0.116879 0.222123 0.404719
0 0.212797 0.485057 0.25707 0.843486 0.400347
0 0.227503 0.484036 0.287924 0.802141 0.35774
0 0.504836 0.453075 0.191639 0.625903 0.327277
0 0.344045 0.0807265 0.0948123 0.161453 0.317008
0 0.33453 0.0952114 0.125394 0.190423 0.308355
0 0.341791 0.0871988 0.103532 0.174398 0.304098
0 0.233429 0.473831 0.224265 0.78858 0.301872
0 0.363742 0.517096 0.133897 0.655227 0.292778
0 0.337586 0.0892395 0.122992 0.178479 0.28948
0 0.196285 0.679894 0.150857 0.388956 0.280749
0 0.334794 0.105705 0.1281 0.211411 0.241278
0 0.513206 0.547075 0.269515 0.864937 0.236919
0 0.358428 0.504591 0.136362 0.681349 0.233231
0 0.669296 0.424559 0.230172 0.74339 0.217355
0 0.347433 0.079856 0.085526 0.159712 0.207845
0 0.338419 0.0809111 0.103856 0.161822 0.20675
0 0.336808 0.0919148 0.146588 0.183646 0.206271
0 0.33089 0.0822052 0.132365 0.16441 0.193963
0 0.332284 0.100778 0.160381 0.201557 0.167937
0 0.0743192 0.524625 0.148638 0.940479 0.158366
0 0.699848 0.496793 0.29686 0.890362 0.153679
0 0.402717 0.16524 0.120228 0.238437 0.153086
0 0.345168 0.0873932 0.0900708 0.174786 0.149827
0 0.509934 0.550571 0.292948 0.841475 0.145329
0 0.367634 0.501195 0.150072 0.642419 0.138366
0 0.745815 0.6249 0.140448 0.426913 0.137911
0 0.334541 0.0908558 0.13539 0.178674 0.137608
0 0.201875 0.500022 0.229988 0.90287 0.134298
0 0.241026 0.407834 0.210198 0.650973 0.128793
0 0.203973 0.680867 0.131951 0.380509 0.128289
0 0.246203 0.480799 0.330307 0.793973 0.128122
0 0.0694231 0.501794 0.138846 0.91179 0.127086
0 0.553252 0.110171 0.182441 0.220342 0.126689
0 0.410013 0.172301 0.15156 0.256849 0.126676
0 0.55324 0.106566 0.161853 0.213132 0.126158
0 0.407533 0.187802 0.125091 0.272763 0.11802
0 0.195799 0.675085 0.138385 0.396068 0.109519
0 0.335009 0.123548 0.122094 0.247095 0.108335
0 0.554698 0.0937673 0.156068 0.187535 0.103618
0 0.341588 0.0979659 0.146355 0.192368 0.103074
