0 0.526077 0.312746 0.313648 0.625493 0.685234
0 0.532037 0.320064 0.288566 0.630814 0.563311
0 0.787755 0.481338 0.354434 0.950279 0.407911
0 0.144383 0.495072 0.282961 0.972801 0.355902
0 0.13594 0.459882 0.259903 0.919764 0.341362
0 0.769257 0.479199 0.342389 0.953431 0.308244
0 0.914693 0.469029 0.166043 0.936638 0.192272
0 0.0407469 0.461851 0.0766381 0.923702 0.17548
0 0.043346 0.483071 0.0822592 0.961911 0.174584
0 0.12244 0.4642 0.242044 0.927984 0.165928
0 0.324278 0.464614 0.289869 0.929227 0.15031
0 0.508669 0.3021 0.346627 0.6042 0.130572
0 0.170086 0.860772 0.297513 0.278455 0.128754
0 0.174055 0.871389 0.299565 0.254917 0.123782
0 0.532481 0.302502 0.340593 0.605005 0.122664
0 0.761186 0.559543 0.345416 0.854479 0.11609
0 0.546363 0.318581 0.276214 0.628581 0.106292
