0 0.479131 0.710937 0.0944927 0.183317 0.786824
0 0.515978 0.393962 0.0742361 0.177422 0.732561
0 0.497034 0.213728 0.0557772 0.156728 0.681417
0 0.0505693 0.587863 0.101139 0.173015 0.614741
0 0.937514 0.95633 0.117892 0.0868668 0.585701
0 0.147511 0.961956 0.157282 0.0760128 0.521427
0 0.554499 0.0587883 0.0562269 0.117149 0.515417
0 0.433693 0.0308469 0.053463 0.0616938 0.508304
0 0.498316 0.0481327 0.0667634 0.0953159 0.502606
0 0.0354659 0.581884 0.0709317 0.181949 0.467018
0 0.0352091 0.0299432 0.068656 0.0598865 0.444229
0 0.498139 0.182836 0.0555205 0.224231 0.377112
0 0.013577 0.0492824 0.0263722 0.0941782 0.373614
0 0.548264 0.0155765 0.0446054 0.0302941 0.250587
0 0.0332863 0.048055 0.0665726 0.0956533 0.219582
