0 0.320427 0.620611 0.215033 0.75735 0.596076
0 0.12936 0.6472 0.244161 0.691289 0.580093
0 0.87006 0.628744 0.259881 0.742511 0.4416
0 0.873016 0.529777 0.250715 0.538462 0.398587
0 0.671625 0.472857 0.171705 0.492984 0.367682
0 0.333427 0.619236 0.232642 0.761528 0.347874
0 0.677361 0.579477 0.184373 0.714254 0.300756
0 0.685636 0.500276 0.154795 0.52025 0.278779
0 0.675355 0.541927 0.176568 0.628124 0.275037
0 0.864846 0.513183 0.22644 0.452046 0.266357
0 0.681712 0.467011 0.152872 0.447643 0.259599
0 0.844409 0.624304 0.306299 0.738667 0.246337
0 0.328979 0.61771 0.262229 0.756542 0.209446
0 0.115866 0.646924 0.225866 0.692348 0.200105
0 0.681871 0.613081 0.19768 0.773838 0.169869
0 0.865375 0.513135 0.229715 0.510382 0.161835
0 0.680654 0.453703 0.143219 0.4225 0.155889
0 0.137841 0.649322 0.272158 0.693217 0.153264
0 0.857256 0.629476 0.285489 0.735742 0.149394
0 0.689601 0.492188 0.183564 0.505139 0.148988
0 0.686333 0.468121 0.182746 0.449399 0.141036
0 0.851833 0.500722 0.164393 0.425881 0.138011
0 0.145507 0.571834 0.203393 0.517427 0.128874
0 0.86972 0.503976 0.251623 0.44461 0.119866
