0 0.415409 0.793831 0.0740561 0.262851 0.738281
0 0.633358 0.58228 0.129031 0.620964 0.646551
0 0.330247 0.823615 0.105759 0.290901 0.636834
0 0.328868 0.820782 0.114873 0.30192 0.628679
0 0.135479 0.593249 0.232916 0.813393 0.575525
0 0.670441 0.255387 0.071585 0.112211 0.559677
0 0.148837 0.598683 0.216148 0.802634 0.553421
0 0.416293 0.795419 0.0807547 0.269129 0.541225
0 0.73086 0.297228 0.0837972 0.160839 0.528867
0 0.579747 0.298088 0.0879757 0.213653 0.517595
0 0.632006 0.567406 0.150383 0.616507 0.508543
0 0.408602 0.293336 0.0712856 0.137159 0.503505
0 0.334682 0.826931 0.0908738 0.282307 0.490364
0 0.895557 0.54777 0.172911 0.77739 0.469406
0 0.631306 0.519847 0.12818 0.500215 0.468719
0 0.729737 0.299399 0.0771849 0.144851 0.460541
0 0.901606 0.526646 0.168116 0.740046 0.454137
0 0.337069 0.817431 0.0948613 0.294107 0.435702
0 0.890165 0.577449 0.188354 0.839337 0.428967
0 0.669771 0.260504 0.077886 0.119916 0.405479
0 0.671015 0.256583 0.0654685 0.108493 0.40419
0 0.296621 0.587487 0.165864 0.771652 0.400718
0 0.812367 0.284899 0.0722545 0.169443 0.392423
0 0.642509 0.576414 0.172611 0.629856 0.388178
0 0.576775 0.294737 0.0977477 0.218837 0.375445
0 0.175065 0.598372 0.239736 0.799788 0.373527
0 0.335455 0.814538 0.103493 0.303908 0.367861
0 0.729061 0.293482 0.0742991 0.131741 0.367741
0 0.363168 0.630716 0.0561238 0.182562 0.361511
0 0.81335 0.278236 0.0719261 0.143091 0.360606
0 0.505416 0.548115 0.165336 0.675087 0.359529
0 0.408672 0.299342 0.0780169 0.156217 0.324038
0 0.8115 0.292764 0.0869883 0.187623 0.320136
0 0.30217 0.582422 0.191867 0.761077 0.309547
0 0.743085 0.570602 0.135009 0.667976 0.306483
0 0.654494 0.575987 0.203184 0.623758 0.301595
0 0.811229 0.287723 0.0691436 0.156916 0.292543
0 0.29355 0.574269 0.154846 0.743676 0.290675
0 0.883081 0.265758 0.0985273 0.164433 0.290669
0 0.632781 0.587521 0.143472 0.627486 0.288283
0 0.489099 0.356231 0.159571 0.291813 0.287207
0 0.52075 0.283776 0.0678555 0.126562 0.282083
0 0.501821 0.354396 0.122809 0.287094 0.27097
0 0.810862 0.283726 0.0926699 0.184001 0.269796
0 0.402142 0.348562 0.111199 0.272218 0.26188
0 0.808762 0.341482 0.0883198 0.317048 0.26143
0 0.401583 0.36077 0.120764 0.299548 0.252703
0 0.495373 0.557457 0.174857 0.697087 0.250905
0 0.488851 0.797614 0.0850684 0.200597 0.250487
0 0.630826 0.748387 0.0634113 0.240518 0.242691
0 0.580932 0.253454 0.0700454 0.107837 0.240618
0 0.810577 0.334533 0.0875799 0.275037 0.239535
0 0.507119 0.359033 0.102737 0.293404 0.238922
0 0.418772 0.788811 0.0644078 0.223566 0.237062
0 0.404616 0.339021 0.0952026 0.245049 0.235256
0 0.73101 0.299353 0.0922111 0.167434 0.217369
0 0.408015 0.303597 0.0876926 0.175077 0.211277
0 0.728619 0.289628 0.0899246 0.166481 0.199573
0 0.581689 0.276552 0.0729713 0.155046 0.192244
0 0.634423 0.500934 0.116261 0.457182 0.186982
0 0.73073 0.290195 0.0763987 0.143071 0.184033
0 0.475362 0.35812 0.191772 0.292327 0.183769
0 0.814627 0.281518 0.0784946 0.162535 0.183197
0 0.630239 0.541212 0.131961 0.555388 0.182699
0 0.807586 0.341372 0.0984852 0.317185 0.182155
0 0.815899 0.272461 0.0751587 0.142221 0.181803
0 0.728413 0.28718 0.0704271 0.118166 0.181035
0 0.772309 0.34539 0.162095 0.304707 0.178261
0 0.362341 0.643592 0.0571848 0.166419 0.176889
0 0.905609 0.496811 0.172465 0.680148 0.176095
0 0.802164 0.345371 0.105506 0.310558 0.175882
0 0.487778 0.804877 0.0889596 0.202977 0.174348
0 0.726825 0.29776 0.0738904 0.135403 0.170154
0 0.362789 0.634312 0.0606946 0.193339 0.167608
0 0.885323 0.274214 0.104987 0.189897 0.167495
0 0.421912 0.790283 0.0604043 0.222869 0.164602
0 0.0413231 0.592399 0.0786552 0.815203 0.158788
0 0.044876 0.601252 0.085536 0.797496 0.157952
0 0.633532 0.492903 0.12702 0.444144 0.155409
0 0.663567 0.258139 0.087389 0.145906 0.153663
0 0.808359 0.336859 0.100771 0.284141 0.150032
0 0.581481 0.287695 0.0764216 0.198989 0.147356
0 0.628827 0.754722 0.0708172 0.250926 0.147313
0 0.296692 0.403672 0.15448 0.419936 0.140608
0 0.129237 0.567813 0.240018 0.765285 0.140412
0 0.499474 0.809158 0.0614868 0.165457 0.140201
0 0.41713 0.774061 0.0782709 0.298836 0.137187
0 0.736532 0.560149 0.140513 0.668964 0.136608
0 0.76328 0.350797 0.181832 0.293639 0.134641
0 0.541405 0.760051 0.0577009 0.16779 0.133796
0 0.628122 0.749317 0.0567141 0.239763 0.133066
0 0.581575 0.303618 0.110833 0.257134 0.132823
0 0.300752 0.302859 0.0897141 0.165014 0.131773
0 0.418501 0.797995 0.0659744 0.210982 0.131136
0 0.807325 0.288572 0.105056 0.191559 0.128337
0 0.297224 0.35384 0.138809 0.308533 0.125271
0 0.297621 0.367681 0.14576 0.343405 0.12294
0 0.536549 0.768241 0.0588347 0.160142 0.121919
0 0.570201 0.746702 0.0642966 0.184986 0.120719
0 0.90503 0.884435 0.18994 0.230655 0.11918
0 0.812012 0.274533 0.0667494 0.134458 0.119113
0 0.881248 0.262381 0.0931713 0.155117 0.118702
0 0.755972 0.537678 0.156362 0.752987 0.118512
0 0.127591 0.381665 0.222892 0.392437 0.116627
0 0.490647 0.820049 0.0779388 0.176872 0.108931
0 0.30021 0.333032 0.119253 0.247498 0.10754
0 0.784446 0.354805 0.134484 0.314423 0.107505
0 0.630453 0.744153 0.0590114 0.240646 0.106452
0 0.66969 0.25 0.0647081 0.112736 0.10566
0 0.493646 0.813718 0.0731958 0.172803 0.105086
0 0.127577 0.38739 0.240351 0.419121 0.105063
0 0.579382 0.301163 0.079314 0.241412 0.103683
0 0.578589 0.31544 0.107712 0.285804 0.103084
