0 0.128736 0.42314 0.257433 0.846279 0.751904
0 0.571144 0.296159 0.204266 0.592318 0.723742
0 0.372746 0.403317 0.229539 0.806634 0.667129
0 0.886331 0.381544 0.219957 0.74301 0.641709
0 0.328628 0.418906 0.32283 0.832606 0.496495
0 0.571488 0.654039 0.24289 0.508542 0.491381
0 0.71587 0.426052 0.215325 0.850701 0.394045
0 0.586697 0.726448 0.205833 0.410516 0.367722
0 0.570184 0.684513 0.228613 0.313708 0.357862
0 0.569477 0.558761 0.241075 0.589089 0.342449
0 0.721148 0.596381 0.220373 0.529574 0.283365
0 0.419425 0.865272 0.234751 0.269456 0.230837
0 0.847124 0.388515 0.302694 0.777029 0.211468
