0 0.269109 0.52882 0.538219 0.26714 0.760853
0 0.265169 0.521621 0.530339 0.233236 0.737931
0 0.549317 0.128152 0.643571 0.239233 0.637102
0 0.500138 0.128953 0.748309 0.242151 0.623503
0 0.455265 0.841113 0.910531 0.255405 0.58562
0 0.85126 0.444116 0.258983 0.111153 0.582399
0 0.583863 0.128327 0.58123 0.238927 0.57538
0 0.263972 0.552919 0.526564 0.283281 0.554531
0 0.459992 0.128181 0.820612 0.243915 0.528915
0 0.437036 0.83332 0.874072 0.298193 0.464165
0 0.430526 0.863279 0.861053 0.239698 0.46038
0 0.450528 0.825168 0.869408 0.267881 0.457333
0 0.451128 0.126168 0.902256 0.242168 0.451334
0 0.486347 0.819834 0.916015 0.238515 0.43606
0 0.852974 0.437386 0.257159 0.121764 0.419526
0 0.49267 0.306362 0.835652 0.171439 0.418075
0 0.295128 0.129934 0.590257 0.259797 0.407875
0 0.372254 0.129844 0.744508 0.259687 0.398604
0 0.519568 0.8071 0.882574 0.209225 0.397085
0 0.528497 0.310229 0.779871 0.171224 0.388539
0 0.502064 0.438322 0.521322 0.159625 0.388043
0 0.436351 0.290409 0.872702 0.178288 0.386236
0 0.429237 0.130238 0.858474 0.260475 0.379904
0 0.796174 0.629867 0.206708 0.108218 0.362128
0 0.468403 0.298712 0.904048 0.168964 0.351393
0 0.561049 0.312975 0.70203 0.169748 0.319303
0 0.392046 0.125385 0.784092 0.247996 0.314004
0 0.490068 0.940283 0.702254 0.119434 0.307596
0 0.540818 0.796319 0.820364 0.202998 0.306146
0 0.470276 0.944864 0.762683 0.110272 0.266853
0 0.464233 0.859036 0.928465 0.271194 0.259666
0 0.669297 0.544582 0.459811 0.105902 0.257451
0 0.258209 0.0678888 0.516418 0.135778 0.246976
0 0.621343 0.316941 0.574778 0.167351 0.243209
0 0.410524 0.298854 0.821048 0.196436 0.240487
0 0.27627 0.510912 0.551512 0.287731 0.236687
0 0.355749 0.298968 0.711497 0.194711 0.236392
0 0.747693 0.630675 0.304354 0.110295 0.234275
0 0.449615 0.671467 0.599233 0.165943 0.226245
0 0.448229 0.293428 0.896458 0.167263 0.225624
0 0.450429 0.297784 0.900858 0.195509 0.225278
0 0.27399 0.0725079 0.541506 0.145016 0.224111
0 0.27101 0.0930161 0.539385 0.186032 0.220835
0 0.407681 0.432994 0.734366 0.179716 0.211773
0 0.266224 0.572045 0.528283 0.255295 0.211722
0 0.445377 0.437562 0.657791 0.174519 0.207161
0 0.680607 0.545095 0.42447 0.101296 0.199963
0 0.850055 0.447669 0.264268 0.121863 0.199907
0 0.444029 0.949851 0.819747 0.100298 0.191952
0 0.576872 0.780669 0.78547 0.216459 0.189429
0 0.658499 0.543741 0.479379 0.120813 0.186851
0 0.520111 0.934854 0.642002 0.130293 0.184088
0 0.566119 0.437961 0.401826 0.154292 0.177877
0 0.387219 0.709313 0.774439 0.175516 0.177429
0 0.401346 0.875445 0.802692 0.244579 0.176496
0 0.388534 0.718616 0.777068 0.167425 0.172444
0 0.652079 0.308913 0.526617 0.14945 0.167577
0 0.670047 0.312508 0.493988 0.145825 0.166797
0 0.392162 0.398285 0.784324 0.140229 0.160862
0 0.392689 0.413365 0.785378 0.156205 0.160596
0 0.408473 0.789977 0.816946 0.296251 0.152847
0 0.405613 0.672775 0.699623 0.172763 0.143409
0 0.519455 0.431634 0.508467 0.144503 0.137547
0 0.715372 0.764821 0.479527 0.188172 0.136937
0 0.27663 0.514808 0.524114 0.156671 0.130439
0 0.844829 0.438096 0.286581 0.124786 0.129914
0 0.845067 0.435385 0.261556 0.140875 0.129785
0 0.276322 0.113683 0.552645 0.223501 0.129625
0 0.270212 0.498705 0.53318 0.243624 0.125486
0 0.404695 0.76308 0.80939 0.236375 0.122825
0 0.361948 0.736076 0.72295 0.166957 0.122565
0 0.343506 0.732379 0.683225 0.15432 0.11552
0 0.723515 0.754676 0.454433 0.160792 0.11512
0 0.423958 0.952816 0.847915 0.0943684 0.114614
0 0.51915 0.809579 0.852622 0.242704 0.113886
0 0.358262 0.872096 0.714582 0.222359 0.108658
0 0.477122 0.776974 0.883876 0.326785 0.106517
0 0.709085 0.545751 0.365935 0.0999712 0.105822
0 0.537704 0.669751 0.41903 0.135034 0.103294
0 0.257464 0.0467736 0.514928 0.0935471 0.102171
0 0.597759 0.55366 0.496942 0.150425 0.101852
0 0.683847 0.633451 0.437689 0.116487 0.10113
0 0.404702 0.679703 0.730077 0.192631 0.100672
0 0.614133 0.770869 0.69191 0.193317 0.100373
