0 0.177848 0.53018 0.239939 0.886582 0.420119
0 0.622432 0.426547 0.146752 0.791863 0.402153
0 0.381872 0.53302 0.189063 0.885248 0.384532
0 0.84888 0.406476 0.157178 0.812952 0.375324
0 0.751738 0.526644 0.188132 0.946712 0.35073
0 0.37703 0.556407 0.169056 0.887187 0.350462
0 0.770218 0.516282 0.227775 0.967436 0.340832
0 0.736162 0.435801 0.135795 0.733935 0.332779
0 0.741266 0.429258 0.155466 0.743972 0.328921
0 0.77657 0.508168 0.244315 0.939585 0.326284
0 0.357355 0.401485 0.11373 0.545324 0.302478
0 0.520971 0.440376 0.118196 0.75097 0.283467
0 0.354829 0.465589 0.123146 0.713214 0.276193
0 0.622968 0.500032 0.148344 0.937607 0.27335
0 0.739193 0.512273 0.149167 0.899708 0.271167
0 0.428475 0.244292 0.118758 0.336178 0.270105
0 0.363917 0.528333 0.140732 0.842579 0.256462
0 0.396712 0.525421 0.213888 0.902122 0.251193
0 0.429563 0.266041 0.120095 0.37993 0.244243
0 0.524324 0.372787 0.108121 0.566125 0.228375
0 0.186421 0.539131 0.234462 0.921738 0.223522
0 0.525332 0.353304 0.114656 0.545684 0.222722
0 0.231888 0.462056 0.140331 0.783883 0.210259
0 0.735002 0.358386 0.130085 0.556683 0.209402
0 0.431204 0.457451 0.122959 0.74218 0.203159
0 0.378342 0.523959 0.21505 0.944207 0.201095
0 0.143914 0.403723 0.132475 0.548668 0.200109
0 0.395367 0.548185 0.199769 0.903631 0.196368
0 0.618198 0.510725 0.178153 0.940773 0.193938
0 0.165494 0.559559 0.210382 0.880882 0.186921
0 0.431521 0.33862 0.121317 0.524793 0.186829
0 0.618591 0.32777 0.120857 0.573786 0.180825
0 0.228139 0.517927 0.151835 0.886528 0.175554
0 0.740195 0.374063 0.116076 0.575673 0.162239
0 0.35483 0.360944 0.108869 0.473611 0.159248
0 0.356547 0.375286 0.114526 0.506283 0.158804
0 0.227808 0.343242 0.136208 0.535847 0.153349
0 0.426086 0.231702 0.11264 0.311399 0.148757
0 0.521388 0.512179 0.123165 0.901497 0.146511
0 0.418677 0.518464 0.151271 0.870801 0.14221
0 0.530702 0.371444 0.116971 0.565893 0.137864
0 0.844532 0.490468 0.150463 0.980935 0.137775
0 0.794441 0.502584 0.230164 0.994832 0.136038
0 0.618394 0.304582 0.126243 0.543938 0.132137
0 0.363678 0.422707 0.107856 0.575687 0.13038
0 0.146642 0.423193 0.119592 0.571827 0.127581
0 0.736388 0.429494 0.14637 0.707532 0.126735
0 0.842336 0.274816 0.139251 0.549633 0.12615
0 0.621116 0.380343 0.144344 0.699799 0.117344
0 0.520941 0.530138 0.133314 0.939724 0.11431
0 0.637759 0.513259 0.187047 0.973481 0.106673
0 0.423291 0.22101 0.106047 0.298151 0.104053
0 0.828707 0.489303 0.183568 0.967781 0.101507
0 0.225481 0.292634 0.131618 0.447198 0.10078
