0 0.787184 0.606338 0.365625 0.784768 0.689111
0 0.210643 0.577108 0.412329 0.845784 0.564965
0 0.525577 0.635536 0.322821 0.722241 0.371985
0 0.50405 0.638914 0.360546 0.717238 0.273376
0 0.546315 0.633673 0.324728 0.729311 0.239881
0 0.780203 0.626684 0.404294 0.738251 0.238541
0 0.198221 0.578831 0.380638 0.842339 0.228999
0 0.496703 0.633085 0.411935 0.728232 0.158002
0 0.811068 0.620306 0.372388 0.753385 0.146562
0 0.854077 0.621628 0.288668 0.747188 0.114368
0 0.260634 0.585915 0.450765 0.82817 0.101211
