0 0.6055 0.557185 0.300395 0.871842 0.575569
0 0.318157 0.480744 0.382619 0.961488 0.465592
0 0.295928 0.493139 0.446622 0.980561 0.418293
0 0.605047 0.558148 0.273462 0.883704 0.252082
0 0.587222 0.29546 0.195755 0.347332 0.229801
0 0.59116 0.43564 0.230668 0.643384 0.228578
0 0.352169 0.254472 0.294541 0.508943 0.214793
0 0.336475 0.455902 0.329193 0.908033 0.209739
0 0.621182 0.566594 0.303345 0.866811 0.195174
0 0.355668 0.222043 0.293167 0.444085 0.178873
0 0.591657 0.311809 0.211863 0.388363 0.176547
0 0.338288 0.478967 0.348803 0.957934 0.17539
0 0.828813 0.530369 0.309455 0.924726 0.15954
0 0.276262 0.522608 0.476183 0.934963 0.146692
0 0.346697 0.396683 0.303073 0.793367 0.13532
0 0.597316 0.519204 0.249587 0.813577 0.133831
0 0.845817 0.531061 0.306808 0.921582 0.132603
0 0.616412 0.555611 0.344496 0.878753 0.12759
0 0.590172 0.319054 0.240243 0.412484 0.115879
0 0.585781 0.283062 0.182938 0.34706 0.114934
0 0.363549 0.189435 0.244179 0.363093 0.113986
0 0.269178 0.488511 0.538355 0.977023 0.111765
