0 0.871372 0.661289 0.203859 0.673548 0.763282
0 0.72793 0.632489 0.177225 0.735022 0.732635
0 0.715459 0.634804 0.18248 0.727549 0.717865
0 0.555323 0.492096 0.181022 0.421926 0.679938
0 0.544292 0.805869 0.190177 0.388263 0.669832
0 0.869002 0.664334 0.182232 0.671333 0.666777
0 0.354586 0.429661 0.144358 0.301128 0.614744
0 0.341357 0.737248 0.296447 0.523744 0.592344
0 0.170561 0.638434 0.223232 0.723133 0.549216
0 0.56167 0.486224 0.159081 0.41161 0.539452
0 0.356385 0.42563 0.132162 0.282085 0.526796
0 0.173361 0.548124 0.211942 0.538571 0.485262
0 0.353226 0.415699 0.127903 0.262259 0.469662
0 0.367679 0.738135 0.256981 0.523731 0.455381
0 0.534532 0.803615 0.18395 0.392139 0.418901
0 0.15917 0.637202 0.213577 0.713001 0.417219
0 0.555343 0.48824 0.157285 0.431348 0.348413
0 0.981622 0.0761857 0.0367563 0.123309 0.334066
0 0.152651 0.642414 0.262892 0.715171 0.305716
0 0.0504324 0.616322 0.0955062 0.767356 0.304193
0 0.162493 0.519503 0.190836 0.467347 0.295617
0 0.0463377 0.595132 0.0878238 0.754954 0.266743
0 0.16298 0.527014 0.175822 0.506018 0.258756
0 0.353599 0.402848 0.118842 0.233023 0.247336
0 0.166345 0.511239 0.16972 0.469117 0.245111
0 0.170265 0.507771 0.211832 0.453839 0.228908
0 0.0557581 0.487962 0.104999 0.489899 0.215244
0 0.750964 0.0497597 0.0272049 0.0916241 0.206693
0 0.536604 0.808151 0.168089 0.383697 0.203442
0 0.39926 0.572538 0.101868 0.172393 0.196731
0 0.164462 0.880816 0.181681 0.238368 0.189231
0 0.735678 0.634717 0.167964 0.730566 0.18917
0 0.545118 0.808146 0.224194 0.383322 0.185196
0 0.557474 0.481448 0.143665 0.410547 0.183343
0 0.980252 0.0699727 0.0394964 0.136657 0.17355
0 0.983796 0.0780994 0.0317104 0.114371 0.171544
0 0.962601 0.650789 0.070026 0.698421 0.171453
0 0.749222 0.0469924 0.0251856 0.0877585 0.169703
0 0.979423 0.655086 0.0408867 0.495526 0.163952
0 0.401569 0.609659 0.156477 0.263754 0.160558
0 0.726739 0.0641238 0.0234726 0.0743073 0.157374
0 0.727534 0.630431 0.19746 0.731045 0.152441
0 0.750655 0.044003 0.0253693 0.0837725 0.14528
0 0.978923 0.674376 0.0420736 0.554364 0.139673
0 0.75208 0.0499679 0.0279501 0.0947334 0.136523
0 0.0419226 0.520132 0.0792566 0.627603 0.136355
0 0.392381 0.572314 0.0876033 0.168019 0.13299
0 0.554527 0.599257 0.191871 0.646382 0.132061
0 0.0474832 0.488859 0.0938201 0.515618 0.129978
0 0.399093 0.569543 0.0966574 0.160921 0.124387
0 0.0582531 0.485533 0.0935701 0.501792 0.122404
0 0.156686 0.873301 0.194848 0.253398 0.12134
0 0.966197 0.660277 0.0629833 0.676886 0.119882
0 0.396225 0.619904 0.18584 0.290239 0.119371
0 0.977747 0.0811967 0.0445067 0.154416 0.118273
0 0.751297 0.0519493 0.029958 0.0959191 0.118094
0 0.652429 0.12831 0.0201118 0.0556134 0.115285
0 0.345393 0.461609 0.17763 0.3699 0.115281
0 0.97234 0.0758742 0.0553193 0.150672 0.112261
0 0.72756 0.0626223 0.0233438 0.0791413 0.111078
0 0.97978 0.647348 0.0400528 0.413879 0.110583
0 0.400942 0.610342 0.134336 0.25057 0.103624
0 0.402389 0.615966 0.171945 0.271258 0.101875
0 0.164862 0.868207 0.17093 0.263587 0.101475
