0 0.593109 0.594966 0.193259 0.809245 0.781845
0 0.780455 0.559351 0.266585 0.881299 0.745744
0 0.135225 0.553421 0.219169 0.893158 0.732487
0 0.451153 0.583011 0.187383 0.826377 0.712374
0 0.135485 0.557736 0.198508 0.884528 0.665198
0 0.462668 0.588406 0.172572 0.823187 0.664425
0 0.601761 0.596892 0.172536 0.806217 0.627016
0 0.148369 0.558546 0.224397 0.882908 0.614935
0 0.472528 0.585703 0.158239 0.828595 0.591391
0 0.270111 0.563204 0.138394 0.873592 0.528582
0 0.795667 0.561059 0.294034 0.877882 0.453935
0 0.445801 0.583177 0.210413 0.833646 0.431231
0 0.358818 0.574169 0.124213 0.851662 0.41247
0 0.365013 0.574024 0.124401 0.846942 0.381627
0 0.475157 0.583334 0.146073 0.819553 0.371393
0 0.350077 0.574067 0.13823 0.851865 0.365214
0 0.26987 0.432983 0.123286 0.58607 0.351479
0 0.755677 0.555388 0.270231 0.883709 0.326229
0 0.353182 0.573654 0.16495 0.842004 0.301397
0 0.367276 0.454495 0.122565 0.58989 0.298106
0 0.160292 0.547171 0.238385 0.897787 0.264142
0 0.591043 0.596971 0.150713 0.802517 0.239757
0 0.581546 0.571295 0.199962 0.850452 0.234636
0 0.454495 0.575777 0.160556 0.847069 0.22811
0 0.27513 0.563712 0.157925 0.869126 0.220239
0 0.331952 0.568678 0.215998 0.862643 0.209604
0 0.43604 0.567887 0.176312 0.859425 0.207073
0 0.769186 0.555288 0.305532 0.882841 0.199143
0 0.368869 0.435741 0.135076 0.549201 0.197355
0 0.133535 0.527009 0.188952 0.820131 0.197055
0 0.27187 0.416999 0.11743 0.545519 0.172592
0 0.369621 0.39142 0.122293 0.47081 0.166921
0 0.780379 0.556227 0.239911 0.887546 0.16093
0 0.432897 0.578985 0.239734 0.84203 0.146204
0 0.150753 0.400281 0.149339 0.560752 0.139737
0 0.317266 0.571488 0.23593 0.857023 0.136024
0 0.957772 0.549945 0.0844557 0.888482 0.131047
0 0.449847 0.596125 0.158588 0.78863 0.130266
0 0.369699 0.349073 0.116517 0.382063 0.127908
0 0.598252 0.4815 0.140815 0.549256 0.126015
0 0.469439 0.476875 0.12878 0.580863 0.12087
0 0.967272 0.551853 0.0654551 0.87254 0.119728
0 0.74384 0.571691 0.252467 0.856619 0.102084
