0 0.295081 0.670069 0.319974 0.655341 0.797692
0 0.555822 0.655137 0.26235 0.678046 0.756793
0 0.286519 0.671846 0.35935 0.651118 0.605141
0 0.362375 0.267875 0.246224 0.402325 0.532173
0 0.621425 0.241053 0.320811 0.482107 0.418907
0 0.61988 0.355981 0.329462 0.704344 0.390274
0 0.6154 0.26539 0.31427 0.53078 0.387185
0 0.357666 0.262857 0.278947 0.40377 0.341455
0 0.3697 0.279604 0.23044 0.422 0.328679
0 0.302201 0.66663 0.286468 0.659535 0.312494
0 0.554374 0.662057 0.230638 0.671062 0.264349
0 0.36732 0.259931 0.21611 0.38105 0.243559
0 0.368319 0.243055 0.199563 0.339894 0.241118
0 0.631437 0.476997 0.326016 0.94866 0.229814
0 0.622072 0.449384 0.33784 0.898768 0.227966
0 0.541089 0.635718 0.235634 0.638999 0.185096
0 0.609099 0.236936 0.291371 0.473871 0.150843
0 0.356199 0.30885 0.265459 0.483329 0.135773
