0 0.164031 0.428011 0.303112 0.856023 0.523597
0 0.647104 0.468912 0.290298 0.937824 0.453325
0 0.863577 0.431644 0.267349 0.863288 0.43721
0 0.393508 0.457598 0.326029 0.914468 0.357555
0 0.456139 0.467039 0.462346 0.934077 0.322291
0 0.641272 0.727359 0.206137 0.350487 0.257795
0 0.608016 0.472438 0.392821 0.944875 0.237718
0 0.416969 0.776826 0.151556 0.212712 0.225397
0 0.640687 0.456405 0.320795 0.909175 0.221878
0 0.223537 0.759219 0.151237 0.190069 0.205546
0 0.408256 0.460059 0.408922 0.920118 0.201543
0 0.173623 0.428145 0.339171 0.85629 0.201449
0 0.511811 0.473985 0.650344 0.94797 0.195686
0 0.879497 0.437079 0.2384 0.872168 0.193025
0 0.225181 0.764888 0.15308 0.17397 0.186597
0 0.651011 0.508575 0.227673 0.806867 0.166372
0 0.654766 0.458885 0.267303 0.91777 0.16569
0 0.194288 0.456995 0.268747 0.815437 0.164635
0 0.184738 0.434386 0.287403 0.868771 0.147405
0 0.655118 0.478857 0.242675 0.867338 0.146709
0 0.417587 0.76423 0.156845 0.242874 0.141298
0 0.429061 0.678666 0.188946 0.423041 0.129957
0 0.390064 0.449299 0.383116 0.893645 0.127843
0 0.171277 0.435997 0.320302 0.871995 0.123266
0 0.386177 0.429534 0.319922 0.855516 0.122497
0 0.427715 0.501591 0.222938 0.794157 0.120862
0 0.856574 0.460503 0.259887 0.852823 0.120269
0 0.19441 0.652569 0.205724 0.41047 0.119774
0 0.418621 0.678823 0.190755 0.419714 0.118597
0 0.2028 0.651783 0.181956 0.418847 0.114823
0 0.815669 0.751357 0.185484 0.213192 0.10902
0 0.647921 0.540504 0.228431 0.736044 0.105504
0 0.643601 0.420293 0.270843 0.837844 0.101721
