0 0.487989 0.53162 0.0704664 0.156895 0.749262
0 0.473633 0.933434 0.0863581 0.132205 0.69564
0 0.485945 0.175582 0.0701868 0.209659 0.674741
0 0.429177 0.0406304 0.0565979 0.0787326 0.663886
0 0.482493 0.177656 0.0595572 0.191126 0.604606
0 0.157673 0.475142 0.100105 0.183931 0.585956
0 0.153458 0.478073 0.0911896 0.168921 0.577987
0 0.531606 0.263326 0.0681305 0.210989 0.55764
0 0.326989 0.149256 0.0781318 0.220879 0.552906
0 0.658636 0.578687 0.0866877 0.200649 0.552618
0 0.724923 0.357242 0.0828267 0.180622 0.549035
0 0.321307 0.144764 0.0555381 0.202037 0.548703
0 0.797533 0.189476 0.125203 0.211803 0.542032
0 0.802349 0.189544 0.112527 0.210967 0.541705
0 0.323347 0.150346 0.0772497 0.224496 0.539412
0 0.721975 0.356723 0.097832 0.191935 0.538822
0 0.534252 0.26252 0.0768366 0.197687 0.535792
0 0.657698 0.575974 0.0976833 0.197191 0.53126
0 0.792229 0.189511 0.148761 0.217429 0.516784
0 0.72249 0.361616 0.101211 0.178237 0.512443
0 0.484823 0.177919 0.0644508 0.210474 0.512252
0 0.323777 0.153435 0.0574899 0.216437 0.511292
0 0.868486 0.402529 0.14307 0.192646 0.490042
0 0.870138 0.403783 0.130094 0.192174 0.489717
0 0.488509 0.532098 0.0801146 0.171943 0.487681
0 0.795254 0.183003 0.139376 0.224331 0.487021
0 0.473689 0.934622 0.0792526 0.130756 0.478226
0 0.263875 0.612063 0.101512 0.183529 0.475646
0 0.0499942 0.556943 0.0837054 0.158173 0.472552
0 0.658929 0.578119 0.088006 0.179995 0.462606
0 0.194871 0.792665 0.162229 0.172451 0.453784
0 0.429398 0.0388998 0.0527973 0.0767892 0.453588
0 0.804975 0.510047 0.115295 0.175466 0.445549
0 0.152231 0.466933 0.105927 0.17947 0.436694
0 0.0308155 0.345432 0.0615411 0.0992256 0.42925
0 0.0470097 0.552943 0.0790863 0.141174 0.428864
0 0.945007 0.737451 0.109986 0.167528 0.424057
0 0.521319 0.0707242 0.0731183 0.138823 0.423833
0 0.48482 0.178834 0.07689 0.206036 0.420647
0 0.320493 0.154025 0.0749016 0.233174 0.41524
0 0.949449 0.738576 0.100613 0.160129 0.412036
0 0.729228 0.361611 0.0769714 0.17504 0.404984
0 0.946669 0.74409 0.106663 0.159409 0.404697
0 0.262087 0.625807 0.0793116 0.186418 0.404091
0 0.867329 0.316734 0.0940563 0.214727 0.399843
0 0.190964 0.792845 0.173679 0.164552 0.398428
0 0.155925 0.471074 0.111075 0.185777 0.39507
0 0.867044 0.312638 0.104776 0.202663 0.394627
0 0.269012 0.609387 0.112506 0.188111 0.389455
0 0.937506 0.738213 0.124187 0.163966 0.382996
0 0.276131 0.621422 0.107199 0.170716 0.381213
0 0.115385 0.618001 0.11543 0.197998 0.368625
0 0.472082 0.931298 0.0986777 0.136777 0.368103
0 0.518893 0.0706859 0.0919945 0.141372 0.365425
0 0.0317622 0.341877 0.0635244 0.0999514 0.361352
0 0.331754 0.158347 0.0856643 0.237416 0.360753
0 0.531836 0.265688 0.0625794 0.202532 0.352241
0 0.817684 0.174634 0.0982609 0.183583 0.343543
0 0.5179 0.0648352 0.0710262 0.126294 0.341912
0 0.103024 0.617793 0.110505 0.204827 0.331694
0 0.655854 0.575227 0.108024 0.198622 0.327404
0 0.0457441 0.548423 0.0826186 0.148131 0.325535
0 0.432128 0.0416002 0.0517016 0.0832004 0.324233
0 0.491139 0.530521 0.0835943 0.179853 0.318608
0 0.872115 0.312597 0.0904663 0.194838 0.315812
0 0.804801 0.497701 0.112791 0.205896 0.314545
0 0.0650513 0.961827 0.123167 0.076255 0.313048
0 0.907317 0.570471 0.1065 0.195567 0.306711
0 0.719631 0.356039 0.109192 0.196304 0.305607
0 0.0504316 0.553423 0.089685 0.162092 0.301551
0 0.900791 0.577054 0.117117 0.180266 0.296402
0 0.895107 0.578775 0.121624 0.18078 0.290622
0 0.149862 0.475595 0.0834667 0.156018 0.289995
0 0.791368 0.147498 0.147799 0.294995 0.286906
0 0.0542769 0.558141 0.0789707 0.152113 0.280515
0 0.860367 0.3167 0.122895 0.206985 0.27891
0 0.816222 0.175588 0.0989798 0.215435 0.27818
0 0.188837 0.782285 0.172395 0.197533 0.277716
0 0.321344 0.148974 0.0833213 0.231761 0.274311
0 0.18896 0.801164 0.13618 0.159333 0.271051
0 0.201679 0.800766 0.172076 0.157999 0.270777
0 0.731017 0.357957 0.0698816 0.165263 0.260726
0 0.484193 0.17764 0.0516138 0.183639 0.256224
0 0.182995 0.789153 0.144882 0.182642 0.255251
0 0.809528 0.510416 0.123052 0.181871 0.252313
0 0.255269 0.619819 0.0671679 0.173646 0.249684
0 0.046517 0.535944 0.0930339 0.189359 0.248949
0 0.902356 0.568803 0.112214 0.202986 0.248347
0 0.255184 0.607793 0.0940521 0.195483 0.244989
0 0.0640487 0.950953 0.126234 0.0966148 0.244031
0 0.0327714 0.340842 0.0655428 0.108981 0.242026
0 0.966285 0.446436 0.0674305 0.106237 0.239728
0 0.109423 0.615568 0.118231 0.199816 0.236025
0 0.0402606 0.539707 0.0740605 0.143845 0.235215
0 0.860894 0.316917 0.10951 0.207098 0.233355
0 0.977757 0.904282 0.0432415 0.0974312 0.231717
0 0.788712 0.0944271 0.143066 0.188854 0.227453
0 0.887438 0.407634 0.103589 0.204487 0.226879
0 0.9649 0.542683 0.0702002 0.326937 0.226381
0 0.472679 0.927469 0.103142 0.145063 0.224149
0 0.789589 0.0950569 0.128919 0.18978 0.223545
0 0.0942844 0.611305 0.122152 0.215546 0.221006
0 0.25927 0.609986 0.104748 0.194354 0.219616
0 0.33682 0.15734 0.0930554 0.242022 0.219457
0 0.956553 0.738471 0.085236 0.158946 0.217298
0 0.720591 0.358854 0.115277 0.182128 0.217172
0 0.268901 0.617098 0.0968187 0.179102 0.211797
0 0.734432 0.36184 0.0675409 0.165024 0.207677
0 0.25485 0.609781 0.0701616 0.153725 0.201253
0 0.0439095 0.545217 0.0723802 0.130148 0.198352
0 0.126886 0.645908 0.110994 0.139413 0.197777
0 0.865921 0.356312 0.141059 0.288976 0.196934
0 0.817751 0.164637 0.0980553 0.157059 0.196224
0 0.789538 0.10587 0.143274 0.21174 0.195429
0 0.906159 0.559979 0.121735 0.223062 0.194385
0 0.42793 0.0359161 0.0569257 0.0718321 0.193585
0 0.65521 0.571516 0.113495 0.212146 0.191709
0 0.0516313 0.545865 0.102436 0.177316 0.190127
0 0.0660506 0.946572 0.132101 0.106856 0.189925
0 0.0577104 0.960639 0.1086 0.0779823 0.18392
0 0.882466 0.615703 0.102897 0.0885639 0.182523
0 0.884457 0.401728 0.105921 0.220329 0.181746
0 0.86902 0.374535 0.14955 0.270217 0.181352
0 0.162059 0.480598 0.0979325 0.164824 0.180927
0 0.279359 0.631903 0.111647 0.147815 0.180693
0 0.524355 0.0725512 0.0993626 0.145102 0.179952
0 0.519906 0.0752174 0.0848464 0.150404 0.179044
0 0.177696 0.795508 0.108122 0.157443 0.17683
0 0.272013 0.60998 0.119649 0.207033 0.176542
0 0.535097 0.262275 0.0915964 0.213179 0.175742
0 0.112559 0.635507 0.0838052 0.190992 0.175391
0 0.116025 0.622179 0.141539 0.191515 0.175211
0 0.0533283 0.554137 0.0730814 0.137061 0.174065
0 0.646838 0.0250453 0.0920839 0.0500907 0.173689
0 0.86932 0.303374 0.110507 0.202151 0.171283
0 0.190821 0.795126 0.157824 0.199312 0.168209
0 0.189467 0.785257 0.181016 0.163754 0.168147
0 0.962193 0.744143 0.0720686 0.157151 0.167285
0 0.523468 0.259479 0.0975075 0.208511 0.166334
0 0.929145 0.731265 0.14171 0.192546 0.164807
0 0.913358 0.59182 0.0813534 0.162252 0.164599
0 0.109179 0.6433 0.0774735 0.173231 0.162612
0 0.268526 0.610298 0.134942 0.185071 0.160234
0 0.189237 0.766502 0.183281 0.208616 0.160206
0 0.0418415 0.504304 0.083683 0.247052 0.160008
0 0.12446 0.63728 0.108283 0.162569 0.157434
0 0.127199 0.660863 0.114542 0.0964113 0.155064
0 0.96995 0.577139 0.0601004 0.398864 0.153144
0 0.874746 0.303292 0.0825621 0.16151 0.150971
0 0.0715477 0.95169 0.143095 0.0947311 0.150779
0 0.964977 0.525938 0.0698547 0.280892 0.149423
0 0.277121 0.625554 0.110343 0.149082 0.147913
0 0.774322 0.100909 0.107928 0.201818 0.147527
0 0.0562307 0.550796 0.106582 0.173943 0.144966
0 0.150143 0.465788 0.107072 0.195208 0.144397
0 0.859694 0.322699 0.0944569 0.208732 0.141708
0 0.0554585 0.558196 0.0839496 0.163617 0.140687
0 0.0136078 0.392304 0.0252612 0.0580938 0.140514
0 0.657884 0.573709 0.126151 0.198046 0.140479
0 0.872335 0.305227 0.0854568 0.179912 0.140055
0 0.114484 0.636644 0.0899319 0.180041 0.13891
0 0.889508 0.584336 0.129765 0.172697 0.138648
0 0.160864 0.470035 0.127625 0.18841 0.138628
0 0.0138608 0.395617 0.0262004 0.0546886 0.136103
0 0.518558 0.0651339 0.0963192 0.126744 0.13584
0 0.812414 0.51017 0.143382 0.17864 0.135705
0 0.864613 0.308323 0.123227 0.20421 0.134418
0 0.203637 0.811104 0.137839 0.166137 0.133584
0 0.488192 0.536952 0.0609425 0.163667 0.132807
0 0.895031 0.576402 0.144057 0.187551 0.132325
0 0.662659 0.577703 0.0744186 0.181321 0.131778
0 0.863252 0.321925 0.1403 0.214692 0.131058
0 0.976084 0.901992 0.0478314 0.0916716 0.130476
0 0.807131 0.530074 0.103866 0.142483 0.130222
0 0.250212 0.60634 0.0653028 0.14635 0.129331
0 0.647193 0.563672 0.121865 0.225592 0.129212
0 0.655754 0.0252466 0.0760877 0.0504932 0.126715
0 0.190968 0.79365 0.175963 0.201536 0.126229
0 0.0127331 0.388716 0.0249754 0.0605175 0.125848
0 0.875044 0.294191 0.0821785 0.145926 0.125363
0 0.163543 0.472817 0.113672 0.193106 0.124662
0 0.932099 0.74005 0.135621 0.182437 0.122708
0 0.97331 0.883127 0.0533798 0.177026 0.122495
0 0.964905 0.486375 0.0701897 0.204674 0.121778
0 0.807431 0.177428 0.0839199 0.222143 0.120874
0 0.111178 0.638748 0.0717869 0.18975 0.120759
0 0.106428 0.563628 0.0664889 0.0915899 0.118682
0 0.104046 0.561421 0.0691156 0.0997295 0.117334
0 0.154776 0.467436 0.118616 0.200501 0.117198
0 0.940526 0.742439 0.118949 0.159206 0.115414
0 0.6604 0.575123 0.0789997 0.169506 0.114167
0 0.272997 0.638141 0.0945498 0.151346 0.113028
0 0.0648501 0.939193 0.125999 0.120867 0.112232
0 0.969977 0.540409 0.0600461 0.309529 0.111916
0 0.532162 0.267427 0.0547597 0.199446 0.111828
0 0.808004 0.53305 0.113302 0.151788 0.111045
0 0.644183 0.0229945 0.0913296 0.0459389 0.110561
0 0.792724 0.184217 0.160122 0.222351 0.10987
0 0.0309658 0.325269 0.0595753 0.178986 0.109622
0 0.90013 0.560432 0.137563 0.219035 0.108797
0 0.473755 0.925392 0.115228 0.149216 0.107849
0 0.803023 0.524227 0.0994051 0.135985 0.105773
0 0.968362 0.451287 0.0632767 0.106011 0.105674
0 0.527187 0.0751745 0.0818064 0.148367 0.105607
0 0.193661 0.783326 0.186016 0.183644 0.105566
0 0.0297674 0.351098 0.0595348 0.111916 0.105119
0 0.881566 0.613245 0.108839 0.0960959 0.104378
0 0.279964 0.632601 0.114398 0.130248 0.104201
0 0.119139 0.630888 0.0792189 0.190352 0.102644
0 0.812694 0.532732 0.0889542 0.142061 0.102445
0 0.038198 0.496101 0.076396 0.235875 0.101275
0 0.988757 0.903892 0.0224861 0.0997381 0.101195
0 0.891219 0.40764 0.096401 0.194765 0.100569
