0 0.377539 0.31668 0.0596478 0.312735 0.638247
0 0.440165 0.322795 0.0682264 0.302122 0.62776
0 0.379542 0.318017 0.0540074 0.307485 0.604521
0 0.440801 0.32574 0.0567304 0.304018 0.542026
0 0.436074 0.323219 0.0655554 0.312441 0.533216
0 0.379511 0.31342 0.0658428 0.312365 0.508077
0 0.383718 0.31911 0.0475977 0.31383 0.47146
0 0.437226 0.318216 0.0753584 0.312767 0.413446
0 0.436299 0.327657 0.0597543 0.315257 0.392059
0 0.746455 0.152067 0.503932 0.303877 0.269456
0 0.671014 0.155601 0.657972 0.306518 0.212349
0 0.81228 0.15067 0.375439 0.301339 0.188732
0 0.835281 0.505899 0.0225388 0.0841969 0.187679
0 0.774309 0.154987 0.451382 0.305676 0.186264
0 0.489777 0.411106 0.0291994 0.187698 0.185886
0 0.24326 0.363538 0.026808 0.116217 0.176325
0 0.48883 0.408401 0.032316 0.201732 0.160166
0 0.969803 0.564222 0.0434368 0.116847 0.155271
0 0.434235 0.3146 0.0527552 0.280847 0.154971
0 0.243192 0.365131 0.0303033 0.115358 0.154596
0 0.636039 0.158519 0.727923 0.317038 0.150404
0 0.815609 0.501746 0.0207653 0.0732586 0.138468
0 0.489984 0.403908 0.0306791 0.179843 0.135691
0 0.490418 0.408718 0.0318737 0.193799 0.133505
0 0.969411 0.56477 0.0380838 0.113805 0.129512
0 0.859936 0.513844 0.0251347 0.082863 0.122342
0 0.489994 0.375111 0.0270523 0.114812 0.112575
0 0.836176 0.507262 0.0251328 0.0850224 0.111799
0 0.926346 0.542349 0.0261654 0.09515 0.105868
0 0.441133 0.319676 0.0795425 0.314191 0.104153
