0 0.622218 0.675428 0.0688892 0.316086 0.757386
0 0.563602 0.664253 0.0552166 0.28738 0.707584
0 0.618994 0.676831 0.0638866 0.324416 0.66625
0 0.62132 0.678364 0.075543 0.32529 0.455466
0 0.396632 0.145833 0.0683163 0.291666 0.428978
0 0.397704 0.14859 0.0884373 0.297179 0.367463
0 0.561933 0.650017 0.0513432 0.232849 0.210849
0 0.561573 0.638979 0.0496663 0.224186 0.169739
0 0.509464 0.614192 0.0316268 0.138172 0.168381
0 0.396821 0.146582 0.0990648 0.293164 0.159798
0 0.39343 0.144631 0.0743782 0.289262 0.15891
0 0.61851 0.649103 0.0536846 0.240235 0.15537
0 0.392422 0.151519 0.0659517 0.303038 0.149583
0 0.510624 0.611704 0.0309672 0.143515 0.138468
0 0.268219 0.679424 0.536438 0.62971 0.133204
0 0.62113 0.649879 0.0511211 0.240016 0.130478
0 0.512238 0.608834 0.0461113 0.152514 0.119581
0 0.621705 0.67775 0.0651226 0.333784 0.116932
0 0.616282 0.643192 0.0511034 0.236983 0.105405
