0 0.228852 0.688071 0.270308 0.619154 0.735211
0 0.59395 0.723761 0.22352 0.544842 0.733226
0 0.801714 0.713089 0.243394 0.570705 0.729134
0 0.288229 0.246309 0.19311 0.409734 0.722234
0 0.55632 0.287182 0.168562 0.481919 0.718719
0 0.434183 0.264535 0.145618 0.441317 0.699991
0 0.425215 0.715573 0.21809 0.561309 0.674957
0 0.43521 0.269503 0.164786 0.448469 0.663172
0 0.28594 0.253677 0.208814 0.421016 0.660171
0 0.227791 0.688647 0.234872 0.615358 0.654317
0 0.71137 0.275633 0.193272 0.458672 0.647829
0 0.721012 0.283812 0.205369 0.468523 0.545513
0 0.724048 0.303255 0.217597 0.503904 0.508946
0 0.939524 0.717125 0.120953 0.559352 0.449866
0 0.56038 0.304016 0.171565 0.498044 0.440508
0 0.414609 0.710002 0.227395 0.571798 0.356465
0 0.22102 0.686285 0.334115 0.624701 0.308105
0 0.430013 0.279599 0.147053 0.423203 0.276653
0 0.596731 0.724665 0.259887 0.545944 0.269844
0 0.942017 0.682819 0.115966 0.60665 0.226117
0 0.560013 0.284789 0.148661 0.467774 0.211232
0 0.437205 0.272421 0.181371 0.440849 0.209551
0 0.402135 0.71672 0.222848 0.564019 0.198763
0 0.285523 0.277114 0.219037 0.471639 0.181577
0 0.429345 0.277596 0.156652 0.448436 0.180201
0 0.29435 0.236166 0.161773 0.383881 0.174905
0 0.0502656 0.321069 0.0994491 0.63782 0.164149
0 0.0411493 0.277209 0.0822985 0.53484 0.16223
0 0.291803 0.237887 0.179249 0.398537 0.152374
0 0.0404304 0.309278 0.0808609 0.55104 0.148463
0 0.766631 0.540819 0.141606 0.24377 0.13958
0 0.77278 0.542128 0.154722 0.255977 0.13622
0 0.0536273 0.367222 0.106931 0.725106 0.13043
0 0.0294832 0.273815 0.0570521 0.54763 0.113997
0 0.715188 0.262108 0.165336 0.416984 0.1133
0 0.952553 0.718171 0.0948933 0.528859 0.110905
0 0.432047 0.269881 0.125574 0.432973 0.108814
0 0.0188748 0.298671 0.0362595 0.578409 0.10325
0 0.716305 0.265015 0.182171 0.420229 0.102771
0 0.953227 0.714846 0.0935452 0.570308 0.101444
0 0.0329315 0.257945 0.063804 0.51589 0.101222
