0 0.323553 0.273323 0.262911 0.546645 0.76495
0 0.34266 0.275726 0.310964 0.54541 0.690404
0 0.366817 0.273448 0.423389 0.543485 0.64997
0 0.856937 0.494849 0.212432 0.709065 0.592405
0 0.342454 0.273558 0.363622 0.547116 0.579684
0 0.4033 0.676306 0.115194 0.184179 0.573806
0 0.410298 0.677335 0.0918288 0.192184 0.542482
0 0.408146 0.675291 0.099258 0.202342 0.531616
0 0.402557 0.675301 0.124617 0.190388 0.504722
0 0.481 0.727246 0.0781455 0.15368 0.489589
0 0.413162 0.682351 0.0877001 0.178122 0.432223
0 0.725128 0.53753 0.165318 0.25808 0.421708
0 0.411964 0.691493 0.0856785 0.156704 0.407209
0 0.658219 0.664911 0.118802 0.251523 0.402805
0 0.68374 0.80912 0.108263 0.188434 0.400818
0 0.729055 0.747161 0.0691947 0.158595 0.379518
0 0.855863 0.500073 0.213689 0.782344 0.375547
0 0.312891 0.697935 0.140931 0.197551 0.369989
0 0.838153 0.513739 0.242825 0.719823 0.366812
0 0.541951 0.713907 0.115108 0.2 0.356854
0 0.680028 0.812035 0.123813 0.192659 0.342004
0 0.5446 0.695817 0.118513 0.2353 0.324284
0 0.413834 0.696199 0.0834222 0.147703 0.323332
0 0.123487 0.453404 0.241546 0.904767 0.320693
0 0.47989 0.724191 0.0889456 0.147035 0.319382
0 0.72291 0.536112 0.151761 0.251136 0.318847
0 0.111408 0.461784 0.222816 0.923569 0.311905
0 0.517034 0.320715 0.207751 0.619455 0.307662
0 0.103992 0.481573 0.207983 0.953712 0.305044
0 0.054521 0.471194 0.104884 0.942388 0.300596
0 0.518944 0.317733 0.226541 0.631757 0.299331
0 0.725245 0.535158 0.178507 0.272874 0.296948
0 0.684944 0.824168 0.0958408 0.168268 0.2778
0 0.0586064 0.481119 0.11423 0.946904 0.273968
0 0.656345 0.668205 0.106993 0.238499 0.27279
0 0.377196 0.290531 0.456671 0.581063 0.248303
0 0.310017 0.68861 0.138411 0.205762 0.247059
0 0.657614 0.710003 0.0920213 0.157745 0.24475
0 0.50727 0.489079 0.126159 0.264566 0.236928
0 0.509229 0.316013 0.257964 0.631449 0.233102
0 0.477449 0.723385 0.0951895 0.165729 0.228866
0 0.54471 0.669726 0.124152 0.291052 0.228126
0 0.113086 0.386675 0.21856 0.769929 0.227557
0 0.963651 0.54062 0.069482 0.802007 0.223574
0 0.541683 0.681723 0.122915 0.262475 0.222379
0 0.85271 0.541315 0.223071 0.613763 0.218696
0 0.311696 0.696961 0.124915 0.178595 0.215251
0 0.0430893 0.470148 0.0803057 0.940295 0.204582
0 0.963081 0.520141 0.0719107 0.906265 0.203784
0 0.962099 0.462499 0.0733414 0.924997 0.201756
0 0.0684735 0.451324 0.135674 0.89766 0.200216
0 0.548383 0.737009 0.0942621 0.161406 0.197737
0 0.808347 0.740265 0.180687 0.203677 0.194838
0 0.138494 0.449111 0.244155 0.898222 0.193212
0 0.650485 0.660878 0.11774 0.260068 0.186995
0 0.164541 0.474796 0.211522 0.84975 0.184782
0 0.056735 0.408236 0.11051 0.816472 0.176152
0 0.524533 0.320166 0.256423 0.640332 0.174315
0 0.676524 0.815051 0.143035 0.194959 0.172569
0 0.319893 0.443346 0.13859 0.192093 0.171617
0 0.47847 0.728705 0.0682712 0.149606 0.169425
0 0.326099 0.4445 0.111361 0.203486 0.162782
0 0.397588 0.690069 0.159927 0.220175 0.1591
0 0.514079 0.458062 0.150055 0.337787 0.153729
0 0.491079 0.319041 0.293584 0.638083 0.153319
0 0.155644 0.449263 0.212841 0.898526 0.153279
0 0.473121 0.712194 0.0980422 0.176968 0.152954
0 0.155113 0.450414 0.239026 0.900827 0.150682
0 0.43114 0.31718 0.393907 0.634359 0.149768
0 0.0429233 0.53952 0.080721 0.909557 0.149506
0 0.50566 0.526558 0.104943 0.17082 0.149387
0 0.105533 0.374619 0.211065 0.749238 0.145801
0 0.510739 0.469453 0.14265 0.308691 0.143891
0 0.311832 0.692475 0.152402 0.207807 0.143553
0 0.125067 0.358629 0.205811 0.713414 0.140855
0 0.515773 0.480542 0.154523 0.290266 0.140589
0 0.140048 0.450157 0.21867 0.900314 0.140543
0 0.166164 0.722479 0.167108 0.316561 0.139477
0 0.545682 0.738716 0.103711 0.162601 0.135587
0 0.680039 0.811007 0.132467 0.20028 0.134389
0 0.31136 0.706008 0.120912 0.176267 0.132685
0 0.157737 0.719604 0.193507 0.323822 0.131563
0 0.545592 0.656182 0.114459 0.319944 0.129193
0 0.162173 0.510574 0.205611 0.761246 0.128614
0 0.479293 0.700753 0.107511 0.204933 0.127548
0 0.47961 0.71637 0.0887816 0.132063 0.124466
0 0.0423655 0.384411 0.0801323 0.766821 0.120059
0 0.124247 0.428536 0.210261 0.857072 0.11987
0 0.0402887 0.606945 0.0765982 0.786111 0.118623
0 0.475009 0.71879 0.104896 0.174144 0.118509
0 0.320337 0.698361 0.180666 0.211505 0.11403
0 0.677083 0.799261 0.126008 0.214681 0.108619
0 0.842083 0.574438 0.233921 0.546413 0.10796
0 0.549597 0.716671 0.100179 0.176379 0.106098
0 0.515843 0.489579 0.15044 0.267443 0.100268
