0 0.749624 0.424124 0.178345 0.700047 0.869183
0 0.90156 0.435626 0.187495 0.745722 0.838758
0 0.750681 0.432041 0.164256 0.721338 0.770753
0 0.29879 0.763689 0.131227 0.117059 0.748795
0 0.56055 0.397373 0.242022 0.701864 0.744009
0 0.229485 0.862228 0.119984 0.116612 0.687947
0 0.801733 0.74617 0.123688 0.212916 0.682682
0 0.442022 0.85108 0.129818 0.244813 0.625467
0 0.803997 0.749625 0.113161 0.207594 0.608071
0 0.597095 0.7806 0.144887 0.216217 0.593968
0 0.691947 0.87215 0.106351 0.116659 0.578754
0 0.550183 0.40118 0.264633 0.688503 0.575229
0 0.601867 0.785791 0.137607 0.198581 0.56424
0 0.186034 0.759967 0.129892 0.115668 0.563697
0 0.441355 0.860417 0.13746 0.232867 0.55666
0 0.435597 0.889895 0.118101 0.171751 0.539459
0 0.603921 0.777077 0.127157 0.22061 0.533212
0 0.546888 0.434176 0.272576 0.728356 0.530352
0 0.441615 0.847659 0.140508 0.252833 0.528874
0 0.316253 0.460553 0.223465 0.857126 0.496896
0 0.125605 0.397931 0.243666 0.784725 0.496011
0 0.803209 0.763677 0.110947 0.188234 0.489875
0 0.736269 0.701453 0.13897 0.124504 0.478548
0 0.89298 0.444251 0.183267 0.795939 0.450874
0 0.117607 0.417338 0.233241 0.828558 0.438176
0 0.323495 0.441579 0.236385 0.807467 0.424363
0 0.18406 0.756371 0.136294 0.125947 0.416489
0 0.392697 0.763519 0.125248 0.201256 0.412642
0 0.700499 0.837738 0.126859 0.220823 0.40978
0 0.187245 0.733246 0.145168 0.177087 0.391278
0 0.39546 0.728469 0.129588 0.276356 0.384317
0 0.602925 0.791397 0.116135 0.195078 0.366964
0 0.695651 0.869631 0.104297 0.112599 0.357823
0 0.184175 0.770109 0.134153 0.0938562 0.356445
0 0.228964 0.858542 0.114963 0.133846 0.352451
0 0.394214 0.73949 0.121404 0.249853 0.349948
0 0.392014 0.785453 0.113814 0.164219 0.348192
0 0.604299 0.767498 0.132374 0.238122 0.343155
0 0.436171 0.907643 0.122185 0.132525 0.336067
0 0.0892501 0.641111 0.1785 0.208157 0.333034
0 0.187682 0.729665 0.134457 0.180877 0.323373
0 0.394184 0.779607 0.113248 0.172509 0.313579
0 0.572953 0.404932 0.238104 0.689929 0.310757
0 0.126569 0.438818 0.251151 0.875461 0.286796
0 0.593155 0.782483 0.163289 0.222248 0.285935
0 0.333184 0.460541 0.22933 0.852934 0.279453
0 0.090494 0.674485 0.180988 0.146134 0.277109
0 0.29498 0.759224 0.131149 0.132172 0.263752
0 0.537811 0.652839 0.11492 0.156623 0.240463
0 0.396873 0.72557 0.119343 0.286151 0.231324
0 0.189817 0.736082 0.120199 0.166978 0.230352
0 0.0881156 0.681482 0.166843 0.136895 0.229315
0 0.08983 0.6286 0.177681 0.238433 0.221193
0 0.601995 0.783516 0.108601 0.19441 0.220652
0 0.527705 0.407202 0.23029 0.707865 0.213951
0 0.537661 0.650701 0.122167 0.16557 0.207725
0 0.115003 0.370013 0.230006 0.740027 0.20576
0 0.539565 0.666353 0.121427 0.123883 0.19642
0 0.803661 0.778318 0.106671 0.144783 0.180532
0 0.524058 0.436272 0.231949 0.748282 0.175271
0 0.435294 0.898791 0.120545 0.149132 0.167511
0 0.230872 0.860169 0.105903 0.115382 0.162046
0 0.0135868 0.272163 0.0271737 0.544326 0.155165
0 0.43466 0.913807 0.124318 0.118305 0.153998
0 0.580217 0.427906 0.232854 0.735387 0.146484
0 0.390191 0.754561 0.134759 0.222393 0.135848
0 0.187014 0.719825 0.125082 0.202369 0.133103
0 0.0129587 0.278594 0.0259174 0.557187 0.126951
0 0.0134785 0.317552 0.0267067 0.633987 0.125013
0 0.302626 0.761775 0.141774 0.118241 0.120428
0 0.089085 0.621615 0.175275 0.262202 0.115632
0 0.97779 0.355359 0.044419 0.578914 0.112765
0 0.908365 0.450809 0.174274 0.722037 0.108328
0 0.181748 0.727785 0.156428 0.188942 0.102493
