0 0.889986 0.655984 0.131334 0.647564 0.785496
0 0.782188 0.649404 0.124267 0.622444 0.757209
0 0.898454 0.663033 0.146174 0.651761 0.734783
0 0.887476 0.659045 0.149862 0.656172 0.672947
0 0.778738 0.654844 0.136738 0.623754 0.670604
0 0.682656 0.639378 0.114183 0.598424 0.6337
0 0.68084 0.63169 0.0988113 0.59068 0.541203
0 0.886797 0.626548 0.11372 0.571394 0.533391
0 0.789902 0.652288 0.12158 0.615405 0.524151
0 0.681956 0.620244 0.0993822 0.53823 0.466413
0 0.304422 0.216331 0.127007 0.35718 0.392441
0 0.788404 0.639345 0.105631 0.568577 0.371065
0 0.67405 0.648961 0.125442 0.613257 0.329409
0 0.0380213 0.514239 0.0557939 0.0914339 0.317411
0 0.885372 0.617182 0.105127 0.540953 0.275271
0 0.677349 0.641234 0.0845167 0.612532 0.27006
0 0.30789 0.229069 0.134785 0.353509 0.254698
0 0.0824939 0.518862 0.0510123 0.0915997 0.238311
0 0.782799 0.634448 0.10413 0.566762 0.23617
0 0.781618 0.660354 0.157783 0.647649 0.22212
0 0.680862 0.593961 0.0971803 0.485347 0.196327
0 0.300074 0.226928 0.138612 0.377723 0.191431
0 0.788735 0.624273 0.101656 0.53059 0.18053
0 0.248989 0.217304 0.269538 0.359884 0.151742
0 0.783036 0.619557 0.101113 0.523974 0.151115
0 0.0378677 0.515763 0.0591733 0.105783 0.137346
0 0.964237 0.582652 0.0647877 0.520009 0.131917
0 0.881588 0.590459 0.101273 0.493062 0.111065
0 0.1727 0.521669 0.0393054 0.0795395 0.101725
0 0.684327 0.646368 0.130378 0.603955 0.101421
