0 0.545668 0.564128 0.282631 0.129391 0.448874
0 0.442781 0.74599 0.638342 0.246192 0.410649
0 0.538595 0.561821 0.310845 0.137994 0.387388
0 0.419573 0.746601 0.694216 0.254346 0.328364
0 0.432889 0.729562 0.649961 0.20944 0.323936
0 0.349579 0.54632 0.697799 0.219353 0.322409
0 0.448323 0.738338 0.618489 0.228541 0.306292
0 0.387081 0.733129 0.759485 0.219285 0.283065
0 0.46049 0.20309 0.873142 0.394624 0.274543
0 0.393529 0.754232 0.726358 0.226208 0.234112
0 0.344995 0.556189 0.681442 0.201344 0.229132
0 0.517949 0.432933 0.224644 0.167703 0.22663
0 0.375084 0.716386 0.750167 0.200797 0.213463
0 0.390861 0.553794 0.598502 0.160639 0.208919
0 0.416952 0.80134 0.692919 0.150737 0.196181
0 0.358255 0.549343 0.700815 0.195905 0.166624
0 0.456193 0.224117 0.860963 0.367262 0.159453
0 0.429822 0.792613 0.665726 0.170343 0.155619
0 0.347927 0.519753 0.690332 0.26971 0.148783
0 0.460907 0.154044 0.896994 0.298383 0.147384
0 0.420916 0.9785 0.599417 0.0429478 0.143625
0 0.539216 0.549158 0.3187 0.17615 0.132755
0 0.482211 0.186019 0.915169 0.37001 0.126688
0 0.521102 0.564616 0.333962 0.141706 0.124321
0 0.465346 0.739667 0.590951 0.258104 0.119069
0 0.348351 0.553146 0.696703 0.173488 0.114738
0 0.412622 0.206357 0.811752 0.321888 0.107236
0 0.519116 0.430881 0.242743 0.189989 0.105969
0 0.354681 0.567546 0.709362 0.220121 0.104123
