0 0.255797 0.299809 0.511594 0.196655 0.773038
0 0.27872 0.742579 0.55744 0.214401 0.722729
0 0.274035 0.455382 0.544203 0.190049 0.511935
0 0.23137 0.601384 0.462741 0.146497 0.503671
0 0.241322 0.59822 0.481689 0.156131 0.493414
0 0.275597 0.463652 0.551194 0.183224 0.478595
0 0.651169 0.733212 0.69764 0.203169 0.444916
0 0.695484 0.601596 0.609032 0.14966 0.388523
0 0.668312 0.735602 0.663375 0.184076 0.341637
0 0.592117 0.734346 0.814997 0.216093 0.332927
0 0.670519 0.739417 0.658963 0.159769 0.299357
0 0.761764 0.602298 0.469139 0.148721 0.281977
0 0.661322 0.603339 0.677098 0.155419 0.277994
0 0.265276 0.470012 0.530553 0.195328 0.277497
0 0.247908 0.587458 0.495479 0.187362 0.273891
0 0.271489 0.462901 0.542977 0.211427 0.266886
0 0.669549 0.72903 0.660902 0.161039 0.259772
0 0.452267 0.537411 0.194706 0.0858139 0.209928
0 0.44805 0.385104 0.251629 0.0838809 0.195326
0 0.366247 0.383849 0.423884 0.084454 0.192049
0 0.251278 0.562065 0.500448 0.239041 0.187856
0 0.233518 0.604182 0.467037 0.124612 0.187623
0 0.25178 0.293622 0.50356 0.162338 0.166217
0 0.337903 0.383847 0.486335 0.085957 0.152831
0 0.739488 0.7406 0.516791 0.174595 0.151328
0 0.249317 0.583 0.498634 0.218137 0.147359
0 0.454889 0.38405 0.229511 0.0888878 0.14585
0 0.490148 0.386515 0.165138 0.0845064 0.143727
0 0.47157 0.897695 0.877097 0.19599 0.136054
0 0.412163 0.904716 0.778644 0.184392 0.135344
0 0.409757 0.465359 0.244449 0.0919904 0.130958
0 0.271544 0.444896 0.543088 0.178255 0.128086
0 0.428616 0.535007 0.247253 0.0830568 0.126668
0 0.232883 0.602013 0.463493 0.115724 0.11975
0 0.279405 0.73651 0.558811 0.263771 0.110881
0 0.743203 0.592846 0.513595 0.110692 0.109885
0 0.425856 0.466299 0.220141 0.0898667 0.104141
0 0.26518 0.484584 0.524991 0.274525 0.103774
0 0.359173 0.912064 0.655393 0.169735 0.102393
0 0.454529 0.533543 0.209724 0.101863 0.100542
0 0.639555 0.0334956 0.72089 0.0667541 0.100395
