0 0.3583 0.441046 0.204979 0.416003 0.736259
0 0.818768 0.686321 0.223058 0.614987 0.694185
0 0.809709 0.678033 0.209637 0.623574 0.685646
0 0.649238 0.746919 0.195806 0.449267 0.631967
0 0.569617 0.473245 0.177427 0.396968 0.600527
0 0.150169 0.752184 0.295987 0.472467 0.594895
0 0.575458 0.455661 0.169297 0.372257 0.56627
0 0.799572 0.684534 0.194595 0.630932 0.560049
0 0.57232 0.486223 0.190909 0.432966 0.517507
0 0.362541 0.449048 0.219462 0.445365 0.511447
0 0.203346 0.434538 0.169475 0.290549 0.502222
0 0.410143 0.744703 0.268156 0.489489 0.490323
0 0.20208 0.477094 0.175039 0.378555 0.481649
0 0.572723 0.449499 0.156684 0.353225 0.47948
0 0.157404 0.75924 0.266912 0.472819 0.476247
0 0.409659 0.744345 0.238344 0.491066 0.454578
0 0.209427 0.434114 0.150836 0.289203 0.451359
0 0.742218 0.379391 0.171919 0.307692 0.446189
0 0.741066 0.375826 0.156622 0.295239 0.437434
0 0.200857 0.498467 0.184929 0.420784 0.429572
0 0.737122 0.356772 0.164358 0.267704 0.413708
0 0.742879 0.350999 0.150365 0.243481 0.385937
0 0.733251 0.371977 0.183167 0.302383 0.360524
0 0.201687 0.447591 0.176735 0.320698 0.348293
0 0.349406 0.43572 0.174644 0.402603 0.346999
0 0.577045 0.499575 0.206976 0.45244 0.312034
0 0.958615 0.644011 0.0790588 0.711977 0.291637
0 0.742046 0.342661 0.132699 0.223882 0.289916
0 0.738464 0.418981 0.195014 0.409375 0.268045
0 0.653496 0.756181 0.268971 0.469756 0.247866
0 0.181082 0.758916 0.362164 0.480875 0.236963
0 0.573612 0.476431 0.199216 0.404221 0.232584
0 0.175176 0.753272 0.217191 0.474511 0.232203
0 0.826234 0.680063 0.241316 0.639768 0.223844
0 0.184974 0.784782 0.369949 0.430435 0.212646
0 0.734638 0.398211 0.175502 0.360535 0.210849
0 0.149329 0.737467 0.282172 0.440185 0.203697
0 0.355736 0.429296 0.191798 0.403064 0.20261
0 0.179564 0.729823 0.198657 0.426601 0.173287
0 0.410676 0.71959 0.218841 0.463634 0.162689
0 0.218465 0.43105 0.133471 0.272795 0.161405
0 0.193541 0.480354 0.195007 0.393475 0.159613
0 0.730318 0.388413 0.191522 0.350368 0.156739
0 0.155969 0.724772 0.252964 0.417424 0.151646
0 0.740434 0.33993 0.118755 0.215937 0.149509
0 0.340606 0.427008 0.152807 0.386072 0.148808
0 0.232207 0.409374 0.0896951 0.184789 0.139389
0 0.580245 0.383271 0.102458 0.195405 0.119167
0 0.643927 0.749802 0.178272 0.461725 0.116391
0 0.959689 0.681029 0.0764198 0.637943 0.113072
0 0.348751 0.422315 0.165043 0.389207 0.111688
0 0.359407 0.505487 0.213694 0.562965 0.102422
0 0.194852 0.51165 0.204798 0.483559 0.100223
