0 0.389859 0.730693 0.13243 0.526634 0.675498
0 0.90107 0.69207 0.148402 0.583201 0.662996
0 0.38841 0.732227 0.151969 0.526892 0.662425
0 0.244819 0.713028 0.169148 0.557892 0.638403
0 0.128618 0.662191 0.179604 0.642111 0.621686
0 0.635407 0.721183 0.123761 0.540065 0.617257
0 0.252146 0.711681 0.170402 0.571229 0.61593
0 0.116099 0.669062 0.166157 0.644881 0.578629
0 0.814618 0.661572 0.0886797 0.507392 0.552928
0 0.635478 0.721521 0.148834 0.548726 0.549793
0 0.738633 0.70895 0.123649 0.578212 0.543883
0 0.400788 0.729702 0.174565 0.52571 0.535623
0 0.736535 0.709284 0.103985 0.521734 0.491395
0 0.902838 0.701384 0.174114 0.59621 0.490651
0 0.816412 0.696899 0.0913866 0.585698 0.488047
0 0.458935 0.459325 0.108512 0.278825 0.487928
0 0.73435 0.717668 0.119915 0.555457 0.484051
0 0.814035 0.687541 0.0851284 0.531182 0.483979
0 0.514312 0.713431 0.130822 0.557238 0.462566
0 0.461866 0.458919 0.120204 0.276964 0.453347
0 0.586518 0.490157 0.0886374 0.229604 0.446944
0 0.237058 0.706064 0.209074 0.578986 0.410705
0 0.351613 0.450042 0.109439 0.238326 0.395864
0 0.242019 0.717571 0.192111 0.556403 0.37308
0 0.352883 0.431359 0.10501 0.197787 0.367356
0 0.349358 0.475143 0.115531 0.297886 0.349428
0 0.132547 0.643983 0.169978 0.602463 0.348596
0 0.815383 0.638698 0.0897938 0.472564 0.347037
0 0.747071 0.715582 0.144838 0.558333 0.333816
0 0.684862 0.487521 0.0925751 0.214329 0.326175
0 0.630306 0.738991 0.120742 0.522018 0.319486
0 0.352976 0.453947 0.125121 0.249769 0.317343
0 0.685803 0.483033 0.0857609 0.2118 0.297802
0 0.735308 0.682466 0.111251 0.506313 0.287686
0 0.736259 0.674446 0.102019 0.498675 0.282628
0 0.813165 0.714847 0.0768909 0.543893 0.273525
0 0.815191 0.68905 0.0986516 0.562559 0.270241
0 0.256246 0.406045 0.108659 0.133109 0.259755
0 0.689649 0.475227 0.0717052 0.2006 0.245141
0 0.6886 0.47807 0.0707121 0.180804 0.241274
0 0.251492 0.412125 0.117726 0.146019 0.236837
0 0.521206 0.681775 0.138072 0.493875 0.230376
0 0.343996 0.477364 0.116916 0.305654 0.220505
0 0.259564 0.41168 0.111912 0.135417 0.217502
0 0.469922 0.454392 0.149865 0.292263 0.216484
0 0.159874 0.673514 0.248395 0.652205 0.210914
0 0.678506 0.482236 0.104802 0.220092 0.209335
0 0.350893 0.480265 0.139179 0.313207 0.197907
0 0.813996 0.626317 0.098517 0.454319 0.184
0 0.257528 0.42045 0.100435 0.132454 0.182778
0 0.385763 0.741799 0.119687 0.516401 0.180371
0 0.251205 0.412725 0.13415 0.150592 0.178185
0 0.89899 0.666001 0.130651 0.516289 0.167212
0 0.896739 0.688978 0.133749 0.545748 0.164236
0 0.245054 0.686478 0.138727 0.508651 0.154635
0 0.409292 0.731291 0.204716 0.528134 0.153326
0 0.585808 0.48571 0.0730487 0.215109 0.153302
0 0.737082 0.660327 0.101262 0.453663 0.127216
0 0.579816 0.486158 0.107172 0.233268 0.122826
0 0.586319 0.482102 0.0781679 0.223468 0.121803
0 0.733046 0.682176 0.0923021 0.494675 0.120645
0 0.586058 0.50398 0.0944594 0.253471 0.11927
0 0.735733 0.732244 0.0948633 0.535511 0.119222
0 0.388555 0.725892 0.117428 0.511304 0.118361
0 0.521304 0.651432 0.13669 0.460978 0.109472
0 0.590178 0.490497 0.125409 0.240489 0.107741
0 0.466005 0.448822 0.118522 0.264897 0.107083
0 0.511752 0.709496 0.155346 0.548309 0.106261
0 0.897833 0.667094 0.113208 0.515698 0.105562
0 0.518721 0.686627 0.115505 0.499063 0.102235
0 0.894966 0.691538 0.114768 0.547636 0.100589
