0 0.66099 0.740582 0.0918397 0.256848 0.689552
0 0.833272 0.71398 0.104823 0.195069 0.689442
0 0.743514 0.639932 0.108199 0.249539 0.682812
0 0.660515 0.792513 0.0840338 0.16602 0.674373
0 0.208264 0.792382 0.0834841 0.189154 0.665707
0 0.153484 0.413044 0.181178 0.799851 0.66091
0 0.326075 0.800314 0.0833702 0.21042 0.619207
0 0.663325 0.741487 0.104174 0.262426 0.6173
0 0.832734 0.720182 0.100303 0.185555 0.611753
0 0.790927 0.328437 0.130285 0.654517 0.6046
0 0.208458 0.795169 0.0794546 0.175154 0.603155
0 0.138043 0.410619 0.204885 0.791787 0.595984
0 0.802691 0.330061 0.158503 0.660121 0.575699
0 0.216094 0.792737 0.0651589 0.177615 0.568116
0 0.835949 0.697819 0.114181 0.231428 0.551683
0 0.493162 0.730009 0.0967962 0.226446 0.539472
0 0.395436 0.443018 0.155629 0.808379 0.535995
0 0.822854 0.331475 0.201875 0.66295 0.533122
0 0.799334 0.330966 0.141559 0.655503 0.523527
0 0.324534 0.826416 0.0701592 0.158911 0.522108
0 0.570873 0.754704 0.112916 0.231071 0.506665
0 0.815834 0.862545 0.0915546 0.16572 0.502775
0 0.383586 0.440713 0.145613 0.822917 0.482008
0 0.819187 0.865471 0.0850245 0.172944 0.481078
0 0.516212 0.454006 0.151934 0.884978 0.472644
0 0.117557 0.430068 0.211804 0.836746 0.468879
0 0.743181 0.633489 0.102731 0.267948 0.467913
0 0.617718 0.453755 0.145461 0.893058 0.46553
0 0.746567 0.671392 0.0933887 0.186457 0.45794
0 0.836521 0.673855 0.128702 0.281259 0.446795
0 0.383687 0.427221 0.131896 0.833974 0.427674
0 0.324185 0.797154 0.0937259 0.217992 0.425513
0 0.266719 0.42127 0.164051 0.8265 0.422601
0 0.272579 0.404548 0.153837 0.785081 0.415348
0 0.508868 0.448362 0.141886 0.861533 0.41075
0 0.612652 0.472447 0.131064 0.923063 0.405595
0 0.498755 0.778841 0.0816822 0.128053 0.403457
0 0.242856 0.417808 0.200992 0.824413 0.403097
0 0.292348 0.675833 0.092766 0.219208 0.401499
0 0.21906 0.790625 0.0604529 0.17382 0.393639
0 0.660482 0.749453 0.0985455 0.246081 0.381328
0 0.788355 0.346996 0.161998 0.693172 0.355943
0 0.593272 0.455173 0.18631 0.88507 0.344876
0 0.395349 0.423978 0.143723 0.847957 0.342297
0 0.297085 0.673181 0.0814287 0.216499 0.337577
0 0.799448 0.34515 0.173999 0.686298 0.337457
0 0.880978 0.3238 0.192734 0.645099 0.333368
0 0.853532 0.328616 0.23452 0.657227 0.332329
0 0.169383 0.73195 0.109699 0.142597 0.323482
0 0.520671 0.441591 0.147505 0.828717 0.321563
0 0.745607 0.683157 0.0985347 0.172374 0.317535
0 0.203374 0.79137 0.092012 0.189347 0.31524
0 0.292489 0.672621 0.105475 0.207306 0.310335
0 0.327453 0.821899 0.0651514 0.167991 0.302425
0 0.324284 0.819825 0.0721859 0.167029 0.299696
0 0.572993 0.76668 0.122004 0.217206 0.293852
0 0.492489 0.719759 0.0918282 0.258178 0.286536
0 0.817168 0.86199 0.100307 0.171591 0.286332
0 0.388703 0.44787 0.143196 0.86543 0.285825
0 0.597904 0.467669 0.148663 0.91568 0.276327
0 0.0435548 0.439985 0.0832451 0.863984 0.266095
0 0.905305 0.361504 0.171902 0.721159 0.249398
0 0.717657 0.337795 0.116147 0.673737 0.2426
0 0.868565 0.343173 0.220543 0.679172 0.235199
0 0.223357 0.407613 0.260274 0.785246 0.233654
0 0.642601 0.92161 0.138182 0.15678 0.232975
0 0.38186 0.320896 0.131382 0.544353 0.225414
0 0.3802 0.281859 0.1283 0.496287 0.220959
0 0.571286 0.74322 0.110175 0.255907 0.21886
0 0.82029 0.860716 0.0752792 0.157277 0.216689
0 0.898414 0.41859 0.176718 0.833479 0.215487
0 0.815644 0.855511 0.09585 0.18159 0.206134
0 0.381693 0.246571 0.131888 0.430523 0.204688
0 0.111544 0.444433 0.204998 0.885034 0.203299
0 0.688477 0.430221 0.116652 0.853601 0.202999
0 0.380588 0.214019 0.12996 0.400172 0.202589
0 0.206378 0.799771 0.084472 0.163471 0.201288
0 0.832459 0.711723 0.115795 0.202247 0.201202
0 0.0582862 0.450212 0.114989 0.893654 0.200778
0 0.573867 0.792259 0.092293 0.154861 0.199826
0 0.0397953 0.525145 0.0742111 0.906016 0.197217
0 0.512507 0.422188 0.158675 0.836884 0.196304
0 0.103385 0.44952 0.206769 0.897322 0.195747
0 0.745645 0.690375 0.100673 0.151545 0.193624
0 0.58562 0.442459 0.214557 0.853013 0.192936
0 0.687885 0.457818 0.107686 0.904327 0.192555
0 0.888532 0.349882 0.189368 0.697369 0.192337
0 0.9033 0.474391 0.168694 0.947242 0.18651
0 0.666443 0.287019 0.0879892 0.574037 0.186218
0 0.977954 0.282706 0.0440928 0.565413 0.185215
0 0.0391876 0.472921 0.0726493 0.921562 0.183723
0 0.966315 0.484417 0.0657333 0.968835 0.175538
0 0.662918 0.269344 0.0895685 0.537665 0.166418
0 0.977442 0.265254 0.0451168 0.530508 0.163597
0 0.378179 0.233902 0.125755 0.431931 0.162869
0 0.640854 0.920503 0.154915 0.158994 0.159865
0 0.658665 0.198221 0.0904114 0.391331 0.158727
0 0.673957 0.287532 0.10055 0.575063 0.157869
0 0.493115 0.699913 0.0928559 0.298388 0.153988
0 0.683554 0.408671 0.118909 0.816363 0.153499
0 0.750633 0.137021 0.124995 0.270963 0.149387
0 0.7407 0.191657 0.102706 0.379924 0.14655
0 0.968367 0.394437 0.0610754 0.788873 0.141627
0 0.708036 0.346121 0.118037 0.692241 0.138247
0 0.760627 0.133735 0.139257 0.26676 0.137574
0 0.115942 0.412683 0.230406 0.803909 0.131106
0 0.0645778 0.419322 0.126551 0.838644 0.131095
0 0.664779 0.790416 0.0798498 0.166968 0.130069
0 0.680395 0.450948 0.108431 0.890018 0.12954
0 0.404814 0.765788 0.0944244 0.165919 0.125795
0 0.291116 0.682585 0.0943074 0.186185 0.125352
0 0.73117 0.358024 0.140904 0.712527 0.122313
0 0.641454 0.920641 0.125737 0.156362 0.121614
0 0.255695 0.389911 0.182181 0.778122 0.118887
0 0.967094 0.445298 0.0628944 0.883843 0.111601
0 0.720222 0.284505 0.0816998 0.569009 0.110524
0 0.293573 0.683331 0.0846636 0.18059 0.106677
0 0.729051 0.284026 0.0817576 0.568053 0.105697
0 0.323119 0.828139 0.0696343 0.148618 0.104564
0 0.613511 0.4206 0.126413 0.840106 0.104437
0 0.27639 0.401136 0.133743 0.802272 0.101541
