0 0.119452 0.588592 0.205863 0.797706 0.681958
0 0.743374 0.3224 0.0946726 0.19615 0.67549
0 0.571725 0.21271 0.083693 0.183665 0.626534
0 0.279036 0.587755 0.125519 0.743826 0.618185
0 0.20186 0.175255 0.0722798 0.136841 0.536995
0 0.323758 0.170506 0.0755872 0.174545 0.520443
0 0.849866 0.28631 0.122435 0.217696 0.504316
0 0.813835 0.163601 0.121341 0.2392 0.461441
0 0.406251 0.557035 0.166515 0.799639 0.440632
0 0.845816 0.668413 0.199062 0.653126 0.429908
0 0.836898 0.266543 0.0918701 0.165694 0.270386
0 0.658226 0.216919 0.101153 0.193756 0.234662
