0 0.688336 0.373966 0.142651 0.719323 0.699629
0 0.825158 0.40052 0.203818 0.778191 0.671162
0 0.286208 0.348229 0.237623 0.681623 0.649345
0 0.688522 0.387332 0.153459 0.736312 0.645298
0 0.832411 0.395332 0.226174 0.783228 0.639966
0 0.684912 0.375877 0.131206 0.666931 0.617997
0 0.469402 0.357232 0.116592 0.714465 0.613386
0 0.572987 0.373316 0.117021 0.63974 0.607095
0 0.695981 0.369669 0.185498 0.728382 0.599734
0 0.242477 0.346707 0.306254 0.688534 0.58487
0 0.231535 0.347589 0.370518 0.685686 0.577343
0 0.471899 0.383003 0.118047 0.635779 0.576392
0 0.28304 0.348498 0.208215 0.690957 0.575229
0 0.562865 0.381645 0.123836 0.662982 0.574466
0 0.554101 0.362308 0.133598 0.661307 0.559117
0 0.820758 0.404614 0.187002 0.755554 0.554704
0 0.206992 0.34004 0.364447 0.67571 0.471803
0 0.46138 0.359767 0.117935 0.714494 0.454669
0 0.851594 0.39607 0.192743 0.78993 0.406483
0 0.701265 0.356646 0.197647 0.693772 0.403525
0 0.860634 0.401971 0.169704 0.802577 0.398795
0 0.553937 0.339031 0.156152 0.668831 0.392226
0 0.577067 0.405177 0.112174 0.528544 0.372936
0 0.231038 0.360247 0.462076 0.716157 0.363897
0 0.472853 0.410396 0.125284 0.584875 0.351941
0 0.451621 0.353572 0.132004 0.703329 0.340342
0 0.264495 0.344868 0.224468 0.685351 0.333575
0 0.208802 0.462433 0.417604 0.923909 0.284572
0 0.861077 0.334807 0.18176 0.668463 0.274442
0 0.562817 0.382128 0.109129 0.481737 0.271095
0 0.552362 0.356777 0.168826 0.697111 0.265374
0 0.169257 0.474899 0.336829 0.949798 0.257443
0 0.464082 0.392203 0.088377 0.521732 0.248134
0 0.197947 0.488639 0.395893 0.970305 0.235119
0 0.223727 0.477613 0.447454 0.947319 0.234959
0 0.423062 0.349603 0.129485 0.696896 0.227873
0 0.681019 0.405856 0.128765 0.596538 0.211839
0 0.575644 0.382129 0.116067 0.478762 0.210338
0 0.966857 0.283549 0.066286 0.567097 0.201271
0 0.416572 0.135729 0.108315 0.271458 0.198857
0 0.572169 0.390562 0.0980898 0.4943 0.196113
0 0.424384 0.347073 0.154568 0.694146 0.193741
0 0.328279 0.10857 0.113491 0.217139 0.192972
0 0.325986 0.115495 0.119531 0.230991 0.191953
0 0.546976 0.340639 0.18049 0.681211 0.189861
0 0.533192 0.369265 0.187576 0.699222 0.18332
0 0.46271 0.381038 0.0955027 0.507649 0.180008
0 0.311144 0.343699 0.211099 0.687399 0.179197
0 0.815186 0.432053 0.177964 0.701087 0.170022
0 0.967232 0.303253 0.0655366 0.606505 0.169579
0 0.85596 0.25949 0.098978 0.51898 0.168371
0 0.50556 0.365959 0.170258 0.706575 0.163333
0 0.953698 0.458019 0.0926037 0.909705 0.156393
0 0.95529 0.434041 0.0894199 0.846415 0.156332
0 0.416077 0.122508 0.105212 0.245016 0.155745
0 0.51365 0.100442 0.146243 0.200885 0.149071
0 0.912917 0.269873 0.0851427 0.539747 0.146081
0 0.452638 0.345752 0.168112 0.691505 0.144276
0 0.865608 0.237606 0.124142 0.475213 0.139648
0 0.857665 0.287747 0.190833 0.575494 0.136174
0 0.465651 0.405637 0.0800703 0.530046 0.131799
0 0.552358 0.37547 0.115873 0.484529 0.130736
0 0.416722 0.135507 0.123197 0.271014 0.128028
0 0.946589 0.496507 0.106823 0.89761 0.121556
0 0.509714 0.107608 0.132102 0.215217 0.120976
0 0.97262 0.288704 0.0547609 0.577408 0.112913
0 0.540762 0.373104 0.104377 0.477527 0.11037
0 0.710984 0.346668 0.216095 0.681242 0.110061
0 0.415333 0.112179 0.120176 0.224359 0.108349
0 0.542469 0.358444 0.10093 0.444111 0.10795
0 0.287578 0.344605 0.180332 0.684534 0.103872
0 0.331091 0.117295 0.101923 0.231844 0.102505
0 0.416447 0.357366 0.109385 0.709293 0.102198
0 0.104135 0.479596 0.20827 0.958424 0.101194
