0 0.791444 0.508059 0.277505 0.927751 0.773542
0 0.553352 0.557931 0.314057 0.863474 0.758692
0 0.541015 0.554278 0.280012 0.868396 0.71121
0 0.781065 0.488049 0.262197 0.908206 0.663573
0 0.555219 0.563152 0.37527 0.86642 0.610501
0 0.797735 0.483626 0.260305 0.945987 0.440841
0 0.788263 0.445323 0.273721 0.826405 0.436572
0 0.942524 0.483028 0.114952 0.95518 0.429629
0 0.935804 0.488395 0.126622 0.959506 0.38311
0 0.939357 0.44596 0.120937 0.891328 0.380336
0 0.236522 0.573092 0.303365 0.853816 0.37765
0 0.194524 0.575226 0.217296 0.846035 0.345702
0 0.262002 0.571818 0.295311 0.856363 0.328256
0 0.200706 0.573704 0.261788 0.847974 0.289744
0 0.300037 0.565462 0.211736 0.856179 0.26422
0 0.938365 0.380377 0.122956 0.760755 0.259105
0 0.0590411 0.601746 0.113766 0.796508 0.257111
0 0.286662 0.55994 0.225559 0.868337 0.242833
0 0.258597 0.562065 0.35435 0.872557 0.240389
0 0.066498 0.603768 0.130126 0.791709 0.232735
0 0.304017 0.554451 0.236096 0.874936 0.227654
0 0.939985 0.51525 0.120031 0.898516 0.222415
0 0.92919 0.491205 0.136676 0.905089 0.217743
0 0.0526311 0.59054 0.100103 0.81892 0.214284
0 0.277115 0.0862144 0.551933 0.167271 0.212564
0 0.208462 0.567956 0.23847 0.841463 0.192547
0 0.815857 0.504911 0.290793 0.962747 0.17736
0 0.936593 0.34688 0.126625 0.692223 0.177333
0 0.258038 0.0920302 0.516077 0.179889 0.175634
0 0.935723 0.415629 0.128109 0.831259 0.174352
0 0.081229 0.598498 0.162458 0.80256 0.169038
0 0.245526 0.53877 0.29973 0.810984 0.167846
0 0.0499021 0.575346 0.0946552 0.824324 0.146527
0 0.0743542 0.601739 0.148708 0.796523 0.140256
0 0.284966 0.0674154 0.569933 0.134831 0.135282
0 0.304017 0.542272 0.295395 0.905086 0.125322
0 0.948279 0.265992 0.102324 0.531985 0.117905
0 0.911793 0.514935 0.171606 0.929213 0.116288
0 0.264401 0.0642363 0.52478 0.128473 0.115847
0 0.547585 0.506311 0.275361 0.769065 0.114716
