0 0.542461 0.822868 0.396039 0.184847 0.413349
0 0.619703 0.460345 0.418039 0.135875 0.379211
0 0.545958 0.695109 0.403793 0.131053 0.377137
0 0.369393 0.367235 0.151045 0.0905139 0.368466
0 0.591146 0.166305 0.416515 0.196791 0.36485
0 0.5599 0.820587 0.420241 0.178364 0.356804
0 0.585999 0.841529 0.480236 0.182773 0.34879
0 0.551181 0.700568 0.406262 0.120093 0.321506
0 0.576613 0.175615 0.404855 0.17441 0.316462
0 0.528499 0.695198 0.361436 0.120511 0.309896
0 0.382643 0.469873 0.123072 0.0913003 0.302289
0 0.630483 0.574327 0.47311 0.141216 0.299727
0 0.348698 0.72378 0.112122 0.0747096 0.298158
0 0.374743 0.36726 0.16787 0.097379 0.296496
0 0.608316 0.32257 0.382666 0.147154 0.292422
0 0.388067 0.471124 0.134366 0.0988331 0.292276
0 0.58115 0.697681 0.465816 0.137396 0.26465
0 0.607838 0.32439 0.402755 0.160155 0.260816
0 0.622293 0.318596 0.423589 0.178258 0.257606
0 0.38793 0.472561 0.12912 0.0882295 0.251136
0 0.61564 0.452805 0.429074 0.141892 0.242633
0 0.61214 0.462123 0.401372 0.126749 0.237839
0 0.612104 0.579955 0.436322 0.154457 0.237086
0 0.351294 0.721386 0.118414 0.0795158 0.236166
0 0.598266 0.573741 0.400819 0.13394 0.229293
0 0.351306 0.71939 0.125871 0.0839991 0.221943
0 0.618784 0.583254 0.44856 0.167587 0.221863
0 0.637464 0.160881 0.499917 0.221615 0.214635
0 0.58336 0.700769 0.465068 0.120378 0.208217
0 0.632506 0.831128 0.575459 0.20137 0.207236
0 0.62273 0.579292 0.452689 0.135857 0.206243
0 0.370912 0.368929 0.144076 0.0797502 0.205699
0 0.37128 0.619083 0.239052 0.104735 0.199973
0 0.532305 0.824225 0.368308 0.169054 0.197506
0 0.385809 0.555805 0.0960267 0.0668154 0.189904
0 0.364879 0.2458 0.118553 0.0737103 0.189779
0 0.360427 0.622188 0.223819 0.10099 0.187859
0 0.361737 0.618216 0.215423 0.106175 0.178506
0 0.367584 0.35799 0.160661 0.111576 0.175508
0 0.599784 0.836523 0.507521 0.210822 0.164857
0 0.388503 0.228261 0.180164 0.140167 0.160648
0 0.61134 0.583454 0.457493 0.191696 0.155548
0 0.66105 0.84796 0.635245 0.23686 0.154019
0 0.343512 0.623346 0.184046 0.102171 0.150409
0 0.519805 0.697416 0.353371 0.112168 0.148977
0 0.372497 0.238124 0.148066 0.114815 0.146229
0 0.396082 0.468836 0.157743 0.103523 0.144908
0 0.373418 0.359247 0.178606 0.114926 0.144789
0 0.594826 0.579009 0.388707 0.129596 0.143716
0 0.366467 0.367013 0.1385 0.0837718 0.142342
0 0.391308 0.468859 0.136232 0.107722 0.141556
0 0.547807 0.81956 0.39935 0.161966 0.128346
0 0.565466 0.176748 0.374614 0.159596 0.127087
0 0.374447 0.367493 0.162568 0.110908 0.124584
0 0.564506 0.574774 0.333007 0.124747 0.123253
0 0.583487 0.462477 0.360132 0.130522 0.113845
0 0.336877 0.625796 0.131987 0.0759887 0.113699
0 0.394091 0.614335 0.271005 0.114684 0.11175
0 0.349611 0.723964 0.121437 0.0709138 0.110836
0 0.597061 0.714203 0.495328 0.169952 0.10904
0 0.442438 0.819902 0.175468 0.134682 0.105847
0 0.595037 0.321979 0.350892 0.142584 0.105504
0 0.616846 0.168933 0.451217 0.223662 0.103896
0 0.585134 0.46206 0.343777 0.122452 0.100679
