0 0.932258 0.68513 0.129786 0.416337 0.766541
0 0.517191 0.468673 0.0864576 0.164707 0.598086
0 0.599245 0.82141 0.118971 0.35718 0.569259
0 0.131426 0.286422 0.135843 0.306887 0.544499
0 0.328119 0.508003 0.136043 0.29553 0.536119
0 0.516956 0.469763 0.0901322 0.180708 0.519761
0 0.215487 0.430157 0.143061 0.307468 0.511719
0 0.596077 0.821765 0.106812 0.352587 0.499493
0 0.30151 0.307366 0.107739 0.21238 0.49916
0 0.608257 0.388637 0.104243 0.226745 0.486532
0 0.218009 0.423767 0.124138 0.301274 0.464605
0 0.742053 0.682958 0.169996 0.442066 0.463777
0 0.302331 0.309563 0.121004 0.218591 0.454557
0 0.519141 0.473295 0.0817958 0.166007 0.447779
0 0.325729 0.50164 0.119545 0.292191 0.447331
0 0.556688 0.582257 0.110915 0.244069 0.437854
0 0.414354 0.426684 0.129022 0.260136 0.435471
0 0.412963 0.425267 0.118176 0.254315 0.427842
0 0.931303 0.682168 0.116536 0.42251 0.42232
0 0.430989 0.762841 0.214638 0.465606 0.40534
0 0.332952 0.510607 0.141676 0.283491 0.395403
0 0.447361 0.745482 0.150636 0.4538 0.395241
0 0.709082 0.364731 0.107045 0.306062 0.371947
0 0.448788 0.758195 0.162526 0.474895 0.361865
0 0.611176 0.386691 0.116874 0.232926 0.350192
0 0.710303 0.375051 0.115322 0.329261 0.348064
0 0.558084 0.59087 0.122758 0.270972 0.33295
0 0.346583 0.797368 0.147397 0.365752 0.329648
0 0.414207 0.420194 0.106902 0.243659 0.32193
0 0.441374 0.755252 0.181534 0.47914 0.313326
0 0.443758 0.72199 0.14664 0.413746 0.311361
0 0.221327 0.415319 0.110985 0.29104 0.310273
0 0.41221 0.768032 0.266153 0.455721 0.306581
0 0.55914 0.575562 0.102057 0.240292 0.289601
0 0.491752 0.330897 0.109425 0.210326 0.281811
0 0.331421 0.504411 0.152412 0.295691 0.263201
0 0.302032 0.309515 0.134709 0.221166 0.262393
0 0.494968 0.334667 0.117708 0.220205 0.25332
0 0.445327 0.689311 0.138655 0.339131 0.248556
0 0.709372 0.376187 0.124329 0.318646 0.248341
0 0.380953 0.80567 0.233275 0.38012 0.241353
0 0.709677 0.360298 0.0989989 0.305276 0.23631
0 0.433434 0.912419 0.209683 0.172565 0.234973
0 0.734683 0.686799 0.173736 0.459421 0.232377
0 0.929177 0.690038 0.14073 0.430774 0.220826
0 0.135915 0.280747 0.112308 0.301621 0.217306
0 0.902276 0.170845 0.195448 0.145335 0.215902
0 0.519064 0.469564 0.102929 0.190956 0.211181
0 0.202547 0.727427 0.223086 0.528046 0.210561
0 0.559091 0.598524 0.134602 0.29086 0.208934
0 0.713584 0.367966 0.12305 0.318544 0.208136
0 0.902159 0.178994 0.193167 0.158101 0.207389
0 0.213165 0.434209 0.156549 0.307494 0.198651
0 0.306324 0.303104 0.106717 0.224666 0.198611
0 0.339381 0.512611 0.168198 0.297274 0.196474
0 0.358633 0.796184 0.187381 0.375084 0.186993
0 0.559233 0.577528 0.120845 0.257743 0.184589
0 0.902288 0.162988 0.193528 0.155999 0.183819
0 0.329475 0.52033 0.143934 0.30494 0.18242
0 0.716482 0.376889 0.141211 0.334436 0.18131
0 0.6106 0.396426 0.1107 0.241087 0.17946
0 0.347076 0.792221 0.133475 0.364675 0.177885
0 0.343568 0.795285 0.170409 0.373406 0.174671
0 0.41703 0.419009 0.122593 0.249761 0.174122
0 0.298493 0.283658 0.0837111 0.171122 0.169593
0 0.747964 0.601935 0.139612 0.289703 0.162805
0 0.4419 0.758206 0.139882 0.483589 0.160815
0 0.224288 0.40433 0.100415 0.262304 0.156075
0 0.423782 0.763222 0.248711 0.464231 0.154924
0 0.251468 0.597591 0.111755 0.25626 0.150753
0 0.406443 0.798263 0.282116 0.396058 0.14803
0 0.593653 0.818064 0.136812 0.362394 0.142931
0 0.742409 0.601229 0.124046 0.290831 0.140559
0 0.934681 0.683211 0.108276 0.440623 0.140404
0 0.487721 0.3292 0.116756 0.218595 0.140369
0 0.748689 0.621522 0.151933 0.316617 0.140073
0 0.446722 0.677192 0.130281 0.33066 0.130395
0 0.249156 0.60571 0.116553 0.278389 0.128268
0 0.746932 0.661076 0.147574 0.395483 0.120412
0 0.349395 0.803654 0.175415 0.381026 0.117874
0 0.497525 0.323043 0.126068 0.227069 0.117576
0 0.408239 0.419438 0.115163 0.24416 0.116411
0 0.493268 0.339277 0.120483 0.245374 0.116269
0 0.621027 0.424566 0.141479 0.303925 0.114179
0 0.519384 0.46206 0.0727766 0.142913 0.106099
0 0.411512 0.450754 0.136558 0.300605 0.102867
0 0.747042 0.685746 0.155773 0.458358 0.10098
