0 0.43015 0.747191 0.188295 0.49894 0.763257
0 0.576386 0.69379 0.144599 0.502576 0.725333
0 0.722526 0.111198 0.0664815 0.127672 0.692382
0 0.263858 0.749687 0.159898 0.477822 0.683595
0 0.388856 0.1435 0.0797613 0.172722 0.675672
0 0.622691 0.177294 0.0753211 0.150468 0.6533
0 0.677912 0.167857 0.0664073 0.144713 0.622279
0 0.295588 0.086726 0.0750337 0.139368 0.618388
0 0.77799 0.402183 0.118384 0.589004 0.578393
0 0.138342 0.566825 0.269096 0.84863 0.553104
0 0.824258 0.114634 0.0661633 0.166432 0.547365
0 0.876949 0.508696 0.143807 0.712169 0.543859
0 0.598824 0.0934402 0.0771306 0.135453 0.525309
0 0.124541 0.227238 0.106785 0.152241 0.488737
0 0.55035 0.376964 0.125714 0.507981 0.462346
0 0.427188 0.571181 0.101463 0.154626 0.392343
0 0.887741 0.398874 0.140752 0.696648 0.372787
0 0.273564 0.181172 0.0919653 0.147817 0.368706
0 0.716722 0.212736 0.0746118 0.127013 0.365995
0 0.335412 0.16798 0.0631253 0.140635 0.331109
0 0.713752 0.0519827 0.186663 0.103079 0.330709
0 0.365806 0.34848 0.139204 0.490433 0.311907
0 0.724809 0.581607 0.111053 0.15658 0.307933
0 0.502756 0.158179 0.0683221 0.126297 0.295182
0 0.259403 0.350676 0.128099 0.4901 0.291026
0 0.737967 0.751926 0.144361 0.488666 0.280875
0 0.75014 0.464246 0.152341 0.74776 0.252776
0 0.488255 0.0473224 0.183857 0.0934127 0.250674
0 0.567162 0.535523 0.14762 0.83224 0.245102
0 0.73419 0.624514 0.14388 0.738206 0.230094
0 0.68644 0.0536754 0.116985 0.107351 0.218246
0 0.578062 0.529052 0.101019 0.160949 0.2161
0 0.667232 0.0504721 0.0802747 0.100944 0.202094
