0 0.632615 0.326983 0.142474 0.293214 0.678468
0 0.748404 0.707038 0.17834 0.577547 0.565987
0 0.424512 0.336757 0.127221 0.319049 0.526675
0 0.259341 0.708732 0.144687 0.55589 0.516233
0 0.26193 0.36679 0.131932 0.32085 0.492019
0 0.616884 0.704432 0.155281 0.569703 0.489816
0 0.754728 0.377462 0.143023 0.297699 0.488044
0 0.515459 0.370299 0.131793 0.338045 0.479771
0 0.636135 0.32936 0.156931 0.295874 0.473184
0 0.132061 0.585381 0.198797 0.804769 0.465912
0 0.34473 0.316403 0.11621 0.303242 0.461473
0 0.3616 0.700602 0.129724 0.56589 0.453193
0 0.42343 0.330783 0.118145 0.313899 0.450426
0 0.25841 0.366831 0.11927 0.322773 0.43324
0 0.255556 0.712904 0.162096 0.574192 0.43202
0 0.752817 0.368197 0.137256 0.27913 0.427955
0 0.51162 0.365626 0.119432 0.336326 0.413356
0 0.478226 0.710779 0.161069 0.558656 0.396367
0 0.518729 0.373959 0.156431 0.346276 0.377871
0 0.346086 0.326856 0.124089 0.304444 0.371152
0 0.345969 0.31046 0.108684 0.296594 0.362136
0 0.630563 0.323006 0.129954 0.289239 0.355191
0 0.890509 0.635722 0.216259 0.721023 0.353549
0 0.247698 0.715549 0.18223 0.568902 0.353398
0 0.744974 0.643948 0.170256 0.450657 0.32627
0 0.753496 0.705468 0.194943 0.589064 0.323959
0 0.763811 0.38781 0.155714 0.313152 0.322638
0 0.509694 0.351101 0.119062 0.312201 0.318534
0 0.756792 0.375763 0.160855 0.293795 0.316803
0 0.26351 0.358452 0.151351 0.306528 0.3113
0 0.119386 0.579293 0.214318 0.841414 0.308933
0 0.507794 0.360151 0.106271 0.329801 0.305035
0 0.512041 0.350529 0.130069 0.298998 0.293157
0 0.747999 0.362495 0.12041 0.262472 0.279728
0 0.256623 0.358634 0.111603 0.309774 0.268447
0 0.459137 0.528127 0.124231 0.192827 0.262844
0 0.365621 0.706624 0.143774 0.584691 0.25567
0 0.48735 0.71389 0.163416 0.57222 0.250835
0 0.626593 0.709812 0.18379 0.580377 0.220247
0 0.362696 0.669791 0.121741 0.520948 0.207889
0 0.637561 0.342339 0.154963 0.327925 0.194145
0 0.344649 0.304362 0.101763 0.273654 0.188773
0 0.351121 0.325958 0.144397 0.30497 0.188449
0 0.372483 0.709022 0.180287 0.581955 0.187525
0 0.42059 0.315168 0.104843 0.281734 0.181091
0 0.240532 0.714576 0.266056 0.570848 0.177833
0 0.747821 0.657236 0.150726 0.483798 0.174811
0 0.615479 0.711505 0.169573 0.576991 0.172904
0 0.498193 0.71485 0.204294 0.5703 0.169296
0 0.742151 0.602357 0.152507 0.357091 0.166411
0 0.137481 0.445824 0.181965 0.516332 0.152593
0 0.457465 0.518504 0.100607 0.160008 0.150397
0 0.878922 0.521391 0.186657 0.469304 0.148658
0 0.34342 0.326092 0.141915 0.302391 0.14839
0 0.503888 0.286567 0.0901814 0.171543 0.147832
0 0.420772 0.321522 0.112645 0.29518 0.146113
0 0.889208 0.624658 0.194264 0.694738 0.144925
0 0.213496 0.715826 0.275156 0.568349 0.138707
0 0.465204 0.542952 0.131809 0.223357 0.137756
0 0.418688 0.298407 0.103894 0.243517 0.137077
0 0.459626 0.534883 0.136337 0.205707 0.134912
0 0.132632 0.586252 0.220903 0.824141 0.131769
0 0.419386 0.279731 0.100714 0.190021 0.130812
0 0.361883 0.628813 0.118486 0.43458 0.128182
0 0.744764 0.334158 0.112744 0.209248 0.127628
0 0.885651 0.543936 0.190254 0.505026 0.12412
0 0.653718 0.707699 0.234864 0.584602 0.118731
0 0.744553 0.313355 0.107557 0.15209 0.117888
0 0.360496 0.62009 0.111799 0.409637 0.11631
0 0.747557 0.317887 0.114266 0.155791 0.111644
0 0.818276 0.0672768 0.358876 0.134554 0.108233
0 0.128191 0.264456 0.118847 0.225053 0.107404
0 0.578952 0.712762 0.265101 0.574476 0.105951
0 0.622615 0.692438 0.154962 0.540976 0.103392
0 0.373186 0.713199 0.225165 0.573602 0.10223
0 0.262203 0.34896 0.133725 0.307022 0.101016
