0 0.248085 0.542709 0.0984258 0.186413 0.826829
0 0.284433 0.220501 0.130036 0.178465 0.815129
0 0.251472 0.546199 0.100992 0.176702 0.772098
0 0.587161 0.440934 0.0969609 0.173866 0.758715
0 0.919543 0.247374 0.158614 0.162582 0.755548
0 0.0642013 0.683825 0.111764 0.18407 0.750601
0 0.465527 0.721171 0.0966448 0.216706 0.740694
0 0.251613 0.880425 0.0856224 0.23915 0.733955
0 0.337012 0.415095 0.0945886 0.18222 0.717513
0 0.0713975 0.680488 0.103993 0.167922 0.687438
0 0.823738 0.639265 0.109641 0.179084 0.66654
0 0.826619 0.642017 0.0985767 0.165353 0.659785
0 0.618454 0.620397 0.089324 0.184067 0.657819
0 0.578337 0.0627379 0.112835 0.125476 0.639223
0 0.567371 0.903679 0.121992 0.192641 0.638407
0 0.922923 0.879472 0.137618 0.18817 0.624864
0 0.948682 0.440926 0.102636 0.171809 0.5853
0 0.577188 0.0606741 0.102762 0.120501 0.584408
0 0.257603 0.880606 0.0872377 0.238789 0.573047
0 0.28568 0.222106 0.119297 0.169202 0.567692
0 0.0643385 0.0412009 0.128677 0.082362 0.549987
0 0.0318376 0.632619 0.062428 0.0958704 0.548509
0 0.918375 0.870385 0.147794 0.203458 0.545164
0 0.0759174 0.677201 0.0961322 0.16214 0.527609
0 0.470602 0.964411 0.0567769 0.0711628 0.527441
0 0.945769 0.436253 0.108463 0.145374 0.51634
0 0.409295 0.856847 0.0810701 0.23816 0.502458
0 0.926828 0.883395 0.128817 0.182891 0.484784
0 0.940996 0.601514 0.118008 0.228714 0.483234
0 0.619444 0.621625 0.0791685 0.176873 0.482854
0 0.940359 0.439888 0.118995 0.153778 0.466521
0 0.0452216 0.10329 0.0904433 0.160331 0.466404
0 0.572204 0.905194 0.13852 0.189611 0.463789
0 0.911052 0.866555 0.158341 0.216179 0.455419
0 0.0493748 0.109325 0.0980038 0.154567 0.447319
0 0.58721 0.449102 0.0997532 0.154305 0.4353
0 0.466598 0.96387 0.0591933 0.0717688 0.429674
0 0.0309798 0.636994 0.0619595 0.102868 0.418119
0 0.0688328 0.0421003 0.125071 0.0842006 0.412508
0 0.934905 0.602539 0.13019 0.233169 0.409034
0 0.582707 0.411618 0.092364 0.10099 0.401271
0 0.563551 0.904293 0.106931 0.191159 0.395137
0 0.468232 0.964304 0.0507645 0.0711758 0.394079
0 0.583756 0.439142 0.101506 0.181442 0.380766
0 0.204774 0.410036 0.157409 0.193758 0.370984
0 0.0762687 0.67361 0.0889563 0.161961 0.366001
0 0.407944 0.863872 0.0858514 0.247582 0.365729
0 0.22091 0.398873 0.129242 0.166354 0.358735
0 0.0637808 0.680282 0.119796 0.189523 0.347756
0 0.928727 0.595477 0.140644 0.230439 0.335844
0 0.918591 0.860049 0.155233 0.228373 0.331808
0 0.948539 0.618246 0.102922 0.170561 0.326953
0 0.279489 0.219497 0.143625 0.182467 0.326709
0 0.466216 0.728268 0.0891193 0.195708 0.326134
0 0.0321697 0.632229 0.0643394 0.0888151 0.320966
0 0.0653785 0.685 0.108587 0.166421 0.312302
0 0.210528 0.402264 0.146342 0.180361 0.311969
0 0.191419 0.41629 0.180367 0.212385 0.309695
0 0.409111 0.82814 0.0744919 0.174018 0.309226
0 0.821225 0.63898 0.0938793 0.158668 0.307475
0 0.927057 0.675551 0.131686 0.179112 0.301836
0 0.931125 0.791318 0.137751 0.177654 0.300057
0 0.9409 0.793254 0.1182 0.167359 0.299938
0 0.199241 0.415208 0.166902 0.201925 0.297002
0 0.408643 0.839145 0.0726801 0.196095 0.296776
0 0.0933488 0.545608 0.162726 0.140122 0.289211
0 0.907558 0.866157 0.170719 0.206651 0.284135
0 0.0481621 0.104915 0.0956258 0.180331 0.282199
0 0.579104 0.0671402 0.119939 0.131707 0.280043
0 0.0395542 0.1049 0.0791085 0.162805 0.279271
0 0.945004 0.445168 0.109993 0.160801 0.277012
0 0.0482024 0.113035 0.0964047 0.129418 0.276568
0 0.933672 0.89116 0.11254 0.141054 0.275993
0 0.927497 0.183282 0.142718 0.332466 0.275688
0 0.465686 0.963197 0.0478384 0.0736059 0.266694
0 0.336407 0.410344 0.10225 0.188498 0.266352
0 0.410437 0.849753 0.0772367 0.225833 0.257927
0 0.923115 0.79714 0.153769 0.194268 0.253965
0 0.960839 0.792587 0.0783217 0.153936 0.248963
0 0.907434 0.844517 0.164862 0.25358 0.247894
0 0.920522 0.217772 0.158957 0.222343 0.245393
0 0.0942538 0.519078 0.162388 0.201414 0.241244
0 0.895094 0.49326 0.132917 0.195054 0.234834
0 0.819297 0.638139 0.108453 0.18416 0.233346
0 0.955292 0.79047 0.0893545 0.153478 0.233194
0 0.947549 0.433688 0.104902 0.181933 0.231341
0 0.407734 0.855676 0.0907189 0.241646 0.2307
0 0.94619 0.795062 0.107621 0.173111 0.229423
0 0.561066 0.903741 0.0971395 0.145903 0.227624
0 0.93826 0.426267 0.123479 0.12789 0.226981
0 0.583804 0.440672 0.0932674 0.157954 0.224303
0 0.966986 0.791457 0.0660281 0.151132 0.222871
0 0.0735875 0.0412299 0.10794 0.0824598 0.221147
0 0.904667 0.857313 0.171905 0.207679 0.22068
0 0.246913 0.922276 0.0707478 0.155449 0.219853
0 0.616127 0.616823 0.0945262 0.194669 0.217301
0 0.461304 0.664185 0.0853415 0.0944695 0.216055
0 0.622105 0.622623 0.0709707 0.172958 0.210614
0 0.927896 0.181776 0.143996 0.294272 0.209974
0 0.886874 0.492912 0.121282 0.1871 0.209623
0 0.945162 0.439756 0.109675 0.178915 0.206512
0 0.927189 0.691778 0.138618 0.212582 0.20624
0 0.340981 0.414263 0.0918638 0.172544 0.204721
0 0.942355 0.421038 0.114091 0.117246 0.201583
0 0.945415 0.611913 0.109169 0.210164 0.199896
0 0.920697 0.195252 0.157901 0.315892 0.199405
0 0.0532187 0.114618 0.106437 0.15758 0.198508
0 0.290155 0.219659 0.113387 0.16064 0.191237
0 0.931164 0.760739 0.137672 0.23874 0.187928
0 0.919015 0.252302 0.16197 0.147307 0.187401
0 0.929523 0.726932 0.137513 0.279199 0.181118
0 0.0316027 0.626113 0.0632053 0.10213 0.180533
0 0.39197 0.932633 0.10713 0.134733 0.176724
0 0.910383 0.80238 0.174241 0.212454 0.175275
0 0.90975 0.532932 0.151286 0.163424 0.174291
0 0.0944539 0.535829 0.159571 0.171331 0.174053
0 0.141972 0.464681 0.0950901 0.14882 0.173766
0 0.914713 0.178448 0.170575 0.337524 0.172867
0 0.0524796 0.123036 0.104959 0.153499 0.172828
0 0.881311 0.482734 0.113894 0.172306 0.171603
0 0.468724 0.965023 0.0753962 0.069134 0.161705
0 0.391736 0.938297 0.108427 0.123406 0.152396
0 0.15258 0.452899 0.118823 0.157459 0.151354
0 0.255224 0.879124 0.0962094 0.241751 0.142172
0 0.920814 0.576376 0.153616 0.222911 0.139384
0 0.616695 0.605669 0.0934772 0.216445 0.137999
0 0.402178 0.868269 0.0955133 0.257405 0.137057
0 0.211852 0.387715 0.143447 0.131597 0.132185
0 0.900893 0.499892 0.138713 0.210871 0.131255
0 0.137634 0.468939 0.0941312 0.151093 0.131125
0 0.916249 0.226802 0.166676 0.201858 0.128078
0 0.290878 0.209087 0.110954 0.134019 0.126912
0 0.907197 0.500462 0.153895 0.190728 0.123761
0 0.829839 0.643475 0.089101 0.162363 0.114126
0 0.147144 0.465911 0.100069 0.14256 0.11343
0 0.934859 0.774943 0.130165 0.204856 0.113274
0 0.928174 0.250588 0.143652 0.159642 0.112435
0 0.0422299 0.106826 0.0844598 0.206302 0.11222
0 0.0518523 0.1103 0.103323 0.197006 0.111323
0 0.0303482 0.105331 0.0606963 0.161829 0.110612
0 0.920735 0.564894 0.155452 0.188206 0.108163
0 0.558087 0.902835 0.0988829 0.193533 0.104594
0 0.217071 0.390805 0.126998 0.152382 0.103784
0 0.470117 0.964406 0.0891394 0.0705627 0.101798
0 0.942741 0.405844 0.112934 0.0821621 0.101658
