0 0.448246 0.70779 0.135588 0.451252 0.583605
0 0.139775 0.591308 0.152414 0.700497 0.573237
0 0.538549 0.469909 0.15302 0.358892 0.567946
0 0.538083 0.456346 0.146808 0.347255 0.546306
0 0.356977 0.249112 0.129114 0.204202 0.544034
0 0.262595 0.587085 0.1448 0.703412 0.54262
0 0.451563 0.720405 0.147848 0.477889 0.536951
0 0.618754 0.745939 0.14476 0.497196 0.520499
0 0.13962 0.605425 0.166178 0.732819 0.520106
0 0.615203 0.720536 0.13217 0.454196 0.467083
0 0.731105 0.586096 0.153759 0.523548 0.463947
0 0.354628 0.263957 0.132556 0.23617 0.463543
0 0.732869 0.656938 0.163286 0.679583 0.460398
0 0.140375 0.612162 0.181558 0.75945 0.458326
0 0.488925 0.298614 0.133102 0.26313 0.448372
0 0.49242 0.285416 0.128701 0.239191 0.44019
0 0.718661 0.288905 0.107434 0.195942 0.43935
0 0.732757 0.635691 0.15976 0.620418 0.435617
0 0.139988 0.479684 0.157214 0.460376 0.42116
0 0.355165 0.253697 0.121115 0.207422 0.416478
0 0.731873 0.514995 0.147308 0.378424 0.410817
0 0.537457 0.450209 0.135939 0.336108 0.405176
0 0.719504 0.285653 0.119967 0.203032 0.383357
0 0.626187 0.292714 0.110125 0.26918 0.381437
0 0.488683 0.311092 0.148966 0.290023 0.364337
0 0.145527 0.488332 0.151471 0.476069 0.350134
0 0.855798 0.579318 0.178334 0.788136 0.330723
0 0.731728 0.4977 0.145264 0.344711 0.323931
0 0.152629 0.61017 0.207065 0.758551 0.29956
0 0.389159 0.394459 0.114165 0.235701 0.298999
0 0.721361 0.275296 0.100895 0.160743 0.294558
0 0.258871 0.598579 0.134517 0.73202 0.292426
0 0.6237 0.280804 0.104042 0.23458 0.269798
0 0.530629 0.443619 0.164783 0.332593 0.262685
0 0.849319 0.551274 0.158666 0.743145 0.254501
0 0.642887 0.742406 0.202314 0.510051 0.2515
0 0.627736 0.320322 0.115775 0.322038 0.24363
0 0.536857 0.465962 0.179994 0.350943 0.243171
0 0.389207 0.421288 0.113143 0.290269 0.240312
0 0.628717 0.343148 0.135286 0.346568 0.237987
0 0.384661 0.461655 0.122928 0.369474 0.228465
0 0.627473 0.744 0.189325 0.501508 0.216457
0 0.87009 0.586615 0.173674 0.817682 0.2128
0 0.390094 0.418529 0.126296 0.29203 0.210325
0 0.628392 0.332864 0.128699 0.350093 0.205974
0 0.63232 0.343305 0.152428 0.344652 0.202862
0 0.718627 0.263396 0.0882647 0.130665 0.196516
0 0.390349 0.387459 0.126597 0.237356 0.196138
0 0.483518 0.325375 0.164121 0.317377 0.195673
0 0.245146 0.595951 0.189268 0.729012 0.194299
0 0.538916 0.435492 0.124327 0.311427 0.184562
0 0.141343 0.472884 0.135127 0.44998 0.175013
0 0.628642 0.286409 0.125255 0.248084 0.172012
0 0.448399 0.725981 0.176904 0.509164 0.170039
0 0.450204 0.702374 0.117309 0.443796 0.168746
0 0.845266 0.350221 0.141621 0.322191 0.16459
0 0.495661 0.244182 0.117354 0.133143 0.160201
0 0.388863 0.450409 0.129801 0.356716 0.158433
0 0.377635 0.466787 0.136155 0.377766 0.152931
0 0.147366 0.47826 0.128754 0.459993 0.146354
0 0.845818 0.358345 0.154636 0.342962 0.144029
0 0.255263 0.522171 0.124774 0.566844 0.142094
0 0.35374 0.248291 0.109379 0.185865 0.139867
0 0.357683 0.244682 0.117594 0.182301 0.13885
0 0.351452 0.274557 0.148153 0.263181 0.138549
0 0.258052 0.49473 0.129465 0.520754 0.133801
0 0.616986 0.740784 0.160747 0.498917 0.128406
0 0.846724 0.374284 0.144376 0.369368 0.127783
0 0.487797 0.284566 0.126567 0.224345 0.127438
0 0.256921 0.494106 0.148236 0.519639 0.1193
0 0.358773 0.263708 0.146912 0.241361 0.112353
0 0.384186 0.483838 0.140349 0.420122 0.110746
0 0.737149 0.561546 0.138904 0.466456 0.109064
0 0.259042 0.520832 0.143038 0.567203 0.105767
0 0.846302 0.417449 0.154027 0.457575 0.104746
0 0.878539 0.593394 0.152828 0.813212 0.102893
0 0.717326 0.278428 0.093067 0.168577 0.102658
0 0.151214 0.527604 0.138017 0.537264 0.100836
