0 0.315329 0.789216 0.629409 0.221239 0.610572
0 0.313481 0.806813 0.626079 0.223455 0.488109
0 0.353134 0.576628 0.699603 0.192392 0.468007
0 0.320009 0.779522 0.601655 0.205311 0.45402
0 0.349362 0.586056 0.698723 0.214483 0.453191
0 0.360867 0.23352 0.708379 0.228983 0.442001
0 0.355205 0.235148 0.710409 0.214481 0.380209
0 0.347667 0.567599 0.6835 0.171305 0.36225
0 0.380902 0.400489 0.760224 0.216974 0.344992
0 0.36821 0.240516 0.668326 0.207907 0.33864
0 0.356463 0.233174 0.706892 0.19794 0.31623
0 0.352821 0.243297 0.698218 0.152922 0.307401
0 0.436494 0.404271 0.708761 0.156047 0.303815
0 0.312345 0.820425 0.62469 0.192072 0.269513
0 0.343458 0.560109 0.686917 0.155694 0.268922
0 0.460782 0.40461 0.635856 0.154257 0.262172
0 0.347646 0.588791 0.684498 0.193772 0.257415
0 0.329994 0.937923 0.654972 0.124153 0.253633
0 0.356974 0.369936 0.703503 0.190302 0.249984
0 0.357678 0.230236 0.704223 0.154987 0.249177
0 0.415963 0.406646 0.769964 0.171643 0.233238
0 0.364678 0.379199 0.724585 0.218653 0.221786
0 0.357519 0.322448 0.708258 0.160229 0.201464
0 0.312102 0.825182 0.621009 0.23249 0.200452
0 0.401414 0.105996 0.791897 0.174859 0.185282
0 0.366086 0.279922 0.710125 0.175483 0.183389
0 0.366547 0.254282 0.685061 0.203692 0.177171
0 0.104423 0.260892 0.20609 0.137415 0.173796
0 0.36079 0.25989 0.721579 0.194664 0.151627
0 0.386661 0.420097 0.768706 0.207772 0.150377
0 0.397773 0.408731 0.795546 0.19012 0.148248
0 0.367526 0.589996 0.649629 0.211126 0.135925
0 0.394546 0.238097 0.610117 0.228176 0.128009
0 0.311645 0.776142 0.623291 0.231888 0.1265
0 0.370615 0.938305 0.74123 0.123391 0.123864
0 0.384241 0.132685 0.760631 0.21836 0.121601
0 0.340224 0.587462 0.680448 0.174034 0.120557
0 0.534078 0.418101 0.51639 0.135315 0.117707
0 0.353466 0.330926 0.696824 0.154704 0.11676
0 0.364007 0.106274 0.728014 0.188058 0.115965
0 0.449467 0.10496 0.888823 0.173694 0.115598
0 0.350293 0.243719 0.700586 0.137714 0.104266
