0 0.429819 0.545989 0.13883 0.249095 0.469346
0 0.264733 0.217902 0.295211 0.435803 0.468997
0 0.262641 0.499574 0.170187 0.265146 0.426845
0 0.262582 0.494239 0.189757 0.283878 0.410846
0 0.26892 0.492304 0.17271 0.278825 0.351349
0 0.440629 0.536442 0.177967 0.273105 0.351117
0 0.541224 0.843551 0.147206 0.201923 0.30277
0 0.439224 0.520366 0.165817 0.298153 0.299773
0 0.277889 0.217652 0.345935 0.435304 0.274673
0 0.718202 0.54489 0.19286 0.801838 0.248115
0 0.246119 0.505536 0.185883 0.249015 0.236168
0 0.542378 0.839379 0.165277 0.218372 0.219778
0 0.272798 0.492742 0.160804 0.268929 0.219414
0 0.717254 0.498974 0.193458 0.906537 0.218583
0 0.544765 0.830276 0.168007 0.244341 0.175148
0 0.540019 0.831341 0.134073 0.226127 0.169535
0 0.800188 0.467892 0.294126 0.935784 0.168255
0 0.252529 0.505312 0.167573 0.240033 0.164941
0 0.277002 0.481813 0.197759 0.307483 0.149585
0 0.717206 0.475665 0.213435 0.951329 0.146794
0 0.554092 0.609242 0.177127 0.694793 0.13708
0 0.792467 0.491392 0.314934 0.966109 0.131146
0 0.55094 0.647136 0.175766 0.615157 0.127828
0 0.70948 0.809205 0.14846 0.229753 0.108404
0 0.278898 0.477347 0.180612 0.303676 0.100179
