0 0.557856 0.542834 0.337589 0.861308 0.472933
0 0.500492 0.558037 0.198424 0.883926 0.445424
0 0.636899 0.569038 0.195398 0.831961 0.42941
0 0.635506 0.579983 0.209993 0.840034 0.416342
0 0.535008 0.539941 0.303442 0.881663 0.375782
0 0.623712 0.564222 0.239767 0.818459 0.368958
0 0.631924 0.532126 0.168253 0.756219 0.35392
0 0.498226 0.555393 0.177943 0.884657 0.347423
0 0.498501 0.51273 0.165903 0.820272 0.322197
0 0.562761 0.541417 0.387964 0.909876 0.3216
0 0.56564 0.574611 0.361886 0.840845 0.313001
0 0.499067 0.470554 0.157418 0.737065 0.261265
0 0.433392 0.522812 0.644713 0.944136 0.219674
0 0.628079 0.483284 0.161435 0.65833 0.196307
0 0.942167 0.264763 0.115666 0.524672 0.131937
0 0.624831 0.425 0.164899 0.49917 0.10725
