0 0.28466 0.664356 0.32186 0.663931 0.595894
0 0.297006 0.663995 0.288768 0.666007 0.552976
0 0.698245 0.596244 0.326751 0.793355 0.551208
0 0.481116 0.685014 0.245143 0.615674 0.542487
0 0.301405 0.664072 0.42358 0.663384 0.510919
0 0.497039 0.666695 0.25572 0.659496 0.419425
0 0.694864 0.62707 0.315088 0.737241 0.411147
0 0.902246 0.706184 0.192434 0.580232 0.391019
0 0.67825 0.597666 0.334247 0.795577 0.359504
0 0.696918 0.594869 0.366405 0.79757 0.336901
0 0.76724 0.0636302 0.189432 0.123162 0.313187
0 0.356029 0.665915 0.534277 0.664328 0.303297
0 0.300128 0.14349 0.59557 0.286979 0.299149
0 0.886546 0.700148 0.225934 0.577925 0.290783
0 0.390344 0.145124 0.778308 0.290247 0.259036
0 0.776349 0.063202 0.209146 0.123246 0.253319
0 0.70802 0.671439 0.323621 0.648467 0.246826
0 0.917526 0.707745 0.164947 0.576473 0.243261
0 0.875471 0.70116 0.249057 0.573658 0.219109
0 0.765755 0.0668827 0.1785 0.132394 0.203835
0 0.779058 0.0644491 0.229373 0.128898 0.201316
0 0.714333 0.631665 0.350506 0.727142 0.198695
0 0.313987 0.663295 0.244703 0.659449 0.176927
0 0.412534 0.688861 0.345608 0.612915 0.166846
0 0.928741 0.705042 0.142518 0.586777 0.155321
0 0.558227 0.0795521 0.169906 0.15787 0.142749
0 0.55539 0.0802956 0.215048 0.15936 0.142156
0 0.433693 0.151125 0.852837 0.302251 0.134826
0 0.333711 0.671104 0.529568 0.649084 0.126794
0 0.470723 0.691636 0.236874 0.611538 0.12123
0 0.309846 0.614883 0.26374 0.558426 0.114775
0 0.556618 0.0806287 0.238835 0.160831 0.105344
