0 0.336303 0.504067 0.138654 0.717926 0.711231
0 0.341682 0.516089 0.136206 0.744081 0.631008
0 0.636976 0.535222 0.136011 0.777571 0.604919
0 0.765531 0.565193 0.173925 0.869614 0.512343
0 0.530168 0.507559 0.131546 0.707752 0.508001
0 0.522357 0.488573 0.139155 0.670796 0.469081
0 0.337531 0.494142 0.155372 0.696234 0.461774
0 0.769794 0.564313 0.205203 0.871374 0.445354
0 0.441497 0.443174 0.0943722 0.570021 0.376807
0 0.343247 0.448975 0.119668 0.581924 0.366035
0 0.631216 0.441755 0.112767 0.574055 0.365864
0 0.444542 0.501635 0.113325 0.693675 0.326743
0 0.530703 0.465624 0.108408 0.574795 0.326375
0 0.52175 0.492262 0.156308 0.664008 0.2978
0 0.782888 0.57024 0.243437 0.859519 0.266522
0 0.626676 0.452136 0.114269 0.592257 0.261696
0 0.434631 0.491531 0.100951 0.688244 0.25815
0 0.525865 0.475751 0.112812 0.590874 0.238558
0 0.372839 0.497867 0.23926 0.688537 0.224965
0 0.630153 0.568474 0.152457 0.859532 0.221711
0 0.441464 0.423213 0.0911117 0.53771 0.215954
0 0.629121 0.543169 0.146557 0.804225 0.204223
0 0.442999 0.417462 0.0995698 0.526383 0.188511
0 0.530916 0.44756 0.101165 0.536743 0.182838
0 0.764259 0.428077 0.130017 0.579425 0.181888
0 0.430622 0.493523 0.130399 0.67348 0.181861
0 0.32359 0.506493 0.191661 0.705231 0.173416
0 0.766091 0.520453 0.16213 0.785106 0.163705
0 0.644447 0.571746 0.154273 0.840287 0.159481
0 0.629705 0.416196 0.106881 0.525252 0.148875
0 0.642759 0.563054 0.179867 0.848059 0.147463
0 0.801267 0.560981 0.267685 0.878038 0.137573
0 0.778473 0.56327 0.204011 0.87346 0.132354
0 0.459882 0.490748 0.108432 0.680424 0.128612
0 0.347035 0.413421 0.113069 0.52893 0.12573
0 0.532269 0.524935 0.159881 0.747741 0.115242
0 0.813661 0.563521 0.284134 0.872785 0.11474
0 0.433228 0.43629 0.102224 0.566281 0.113926
0 0.530908 0.567981 0.146798 0.831393 0.112207
0 0.529502 0.418826 0.0999674 0.47629 0.111485
