0 0.289993 0.652623 0.223793 0.655847 0.544827
0 0.29832 0.655945 0.256017 0.665482 0.508233
0 0.310088 0.653971 0.296391 0.665284 0.476305
0 0.674188 0.45243 0.317216 0.557832 0.42818
0 0.655708 0.444699 0.268258 0.546439 0.372027
0 0.641128 0.436051 0.237506 0.539776 0.359927
0 0.69571 0.492337 0.352648 0.627272 0.342094
0 0.658631 0.450252 0.288874 0.573123 0.32425
0 0.683285 0.553594 0.325884 0.756665 0.320461
0 0.289866 0.634256 0.190739 0.617559 0.30872
0 0.410401 0.435576 0.172936 0.413442 0.275251
0 0.627225 0.427349 0.213256 0.51984 0.274676
0 0.469057 0.662052 0.218384 0.650367 0.268664
0 0.403058 0.442253 0.15906 0.425204 0.260349
0 0.762762 0.956704 0.474475 0.0843458 0.2551
0 0.764456 0.952474 0.458636 0.0950521 0.230173
0 0.478767 0.668171 0.213939 0.650661 0.196078
0 0.402593 0.419776 0.153155 0.398826 0.183709
0 0.770017 0.970733 0.459967 0.0585339 0.160077
0 0.460784 0.635907 0.233745 0.700446 0.148608
0 0.481426 0.536033 0.141033 0.38151 0.148337
0 0.621113 0.426357 0.18532 0.490337 0.148257
0 0.740107 0.957305 0.519786 0.0838531 0.145499
0 0.481116 0.548487 0.153958 0.411796 0.136618
0 0.486485 0.566789 0.154913 0.448851 0.132357
0 0.455468 0.64284 0.233512 0.648258 0.127879
0 0.408482 0.471011 0.155666 0.390343 0.122854
0 0.283579 0.591752 0.195986 0.535083 0.122666
0 0.445169 0.59581 0.21521 0.718526 0.109894
0 0.488402 0.654417 0.223205 0.676656 0.107903
0 0.400823 0.364767 0.139726 0.308172 0.107793
0 0.748173 0.973775 0.503654 0.0524508 0.102095
