0 0.791944 0.72193 0.277556 0.55114 0.775799
0 0.492769 0.776788 0.165985 0.434131 0.697972
0 0.501759 0.779989 0.181329 0.429735 0.684308
0 0.634399 0.746949 0.157258 0.491364 0.660355
0 0.229863 0.757805 0.2101 0.473129 0.650748
0 0.367853 0.789431 0.129642 0.406332 0.637876
0 0.359503 0.790514 0.142353 0.407941 0.636807
0 0.353147 0.796173 0.165026 0.407654 0.49391
0 0.513621 0.788018 0.221709 0.423964 0.480691
0 0.629 0.760053 0.136984 0.479894 0.390786
0 0.498719 0.784805 0.160562 0.427749 0.385966
0 0.497544 0.780402 0.150401 0.439196 0.285008
0 0.361646 0.79037 0.154275 0.419261 0.270567
0 0.233757 0.771428 0.250679 0.455609 0.225113
0 0.35363 0.795423 0.142533 0.409155 0.213262
0 0.243612 0.761701 0.190749 0.469295 0.199254
0 0.237758 0.772733 0.18804 0.454534 0.173392
0 0.493993 0.786694 0.136333 0.422426 0.14206
0 0.24002 0.766037 0.174341 0.467927 0.137683
0 0.496824 0.78154 0.128111 0.43692 0.135933
0 0.781699 0.738564 0.296455 0.520791 0.129916
0 0.64079 0.756573 0.207624 0.48668 0.122638
0 0.642552 0.130694 0.015485 0.0283243 0.113811
0 0.57701 0.031225 0.0274241 0.0258161 0.113404
0 0.630175 0.763551 0.115057 0.472897 0.110811
0 0.492345 0.302429 0.209959 0.37175 0.100001
