0 0.572826 0.600726 0.138848 0.622017 0.742602
0 0.452391 0.609814 0.153499 0.718485 0.718041
0 0.441648 0.601245 0.14621 0.699596 0.697133
0 0.561902 0.602432 0.114362 0.621185 0.635484
0 0.707039 0.630515 0.179338 0.657174 0.575158
0 0.697997 0.629256 0.175941 0.65417 0.543405
0 0.694115 0.638593 0.190898 0.668738 0.531572
0 0.445291 0.604838 0.129512 0.700225 0.388988
0 0.681731 0.623847 0.156969 0.637871 0.344279
0 0.569134 0.583174 0.111007 0.589332 0.324627
0 0.724821 0.638622 0.193251 0.650949 0.309083
0 0.565085 0.573139 0.104973 0.554152 0.263649
0 0.558501 0.537645 0.10099 0.497553 0.226754
0 0.453531 0.552692 0.135615 0.589766 0.2225
0 0.558815 0.564435 0.106277 0.545925 0.17183
0 0.447094 0.548406 0.119614 0.584346 0.170746
0 0.578039 0.616638 0.151867 0.630643 0.156303
0 0.581684 0.612708 0.130038 0.641529 0.153464
0 0.559004 0.508447 0.095747 0.44445 0.137681
0 0.576717 0.59238 0.102934 0.604248 0.133627
0 0.450955 0.53163 0.119887 0.552571 0.126653
0 0.665363 0.594916 0.118547 0.552589 0.105464
