0 0.274984 0.756849 0.0792187 0.266529 0.63458
0 0.456935 0.780588 0.0798687 0.263156 0.614288
0 0.454907 0.779802 0.0725781 0.259766 0.582442
0 0.276908 0.757378 0.0879721 0.264999 0.56737
0 0.75167 0.717073 0.0950902 0.232963 0.55324
0 0.534001 0.775629 0.0846083 0.278746 0.542276
0 0.273612 0.755984 0.0661367 0.2568 0.452587
0 0.529239 0.771436 0.0764278 0.269236 0.418206
0 0.45407 0.778128 0.0630575 0.251438 0.396566
0 0.267762 0.752585 0.0493075 0.253241 0.270476
0 0.748177 0.708813 0.10029 0.253413 0.2663
0 0.456531 0.774012 0.0574438 0.23878 0.253043
0 0.456943 0.773502 0.0464083 0.241659 0.161566
0 0.454791 0.772844 0.0514763 0.243046 0.160747
0 0.274705 0.750815 0.0543912 0.25129 0.149686
0 0.52475 0.772537 0.0674665 0.273652 0.143363
0 0.270949 0.747265 0.045474 0.250341 0.125726
0 0.268314 0.748496 0.0453602 0.25033 0.119732
0 0.719177 0.705968 0.0590216 0.248546 0.110554
