0 0.690978 0.674433 0.241022 0.641253 0.81466
0 0.199955 0.718866 0.18588 0.562267 0.7163
0 0.544223 0.694577 0.149179 0.588004 0.704847
0 0.324801 0.743875 0.122879 0.491705 0.678422
0 0.436264 0.715537 0.12471 0.547688 0.655757
0 0.440134 0.71488 0.136789 0.567712 0.604768
0 0.550629 0.702946 0.155571 0.58932 0.59851
0 0.187802 0.718173 0.189837 0.559063 0.510893
0 0.315407 0.746009 0.1412 0.495435 0.510347
0 0.321011 0.759834 0.141242 0.480331 0.421211
0 0.198174 0.247114 0.20361 0.493624 0.356599
0 0.328232 0.742341 0.156311 0.515317 0.348401
0 0.432684 0.716613 0.14125 0.555036 0.347662
0 0.199634 0.249215 0.230126 0.496507 0.319267
0 0.544775 0.690679 0.126687 0.549394 0.237948
0 0.779076 0.377698 0.0964836 0.323168 0.227691
0 0.169535 0.253329 0.249599 0.50563 0.217117
0 0.185849 0.249308 0.234357 0.497897 0.214333
0 0.432889 0.734206 0.115321 0.531588 0.212757
0 0.437045 0.717804 0.111393 0.532561 0.212501
0 0.778549 0.359875 0.0936937 0.290958 0.192734
0 0.156541 0.333911 0.275809 0.665527 0.187754
0 0.783608 0.39363 0.111835 0.347948 0.186445
0 0.152 0.465572 0.290197 0.931144 0.173996
0 0.437658 0.70974 0.157626 0.572232 0.17282
0 0.440265 0.712664 0.122952 0.521849 0.172224
0 0.662809 0.2901 0.104124 0.245209 0.169391
0 0.784811 0.37148 0.108657 0.304775 0.167642
0 0.166731 0.333791 0.240582 0.664424 0.151577
0 0.689567 0.650235 0.228545 0.598307 0.145882
0 0.66626 0.292715 0.114723 0.242045 0.144848
0 0.0233134 0.197804 0.0461051 0.395608 0.143003
0 0.0397764 0.198691 0.0795529 0.396501 0.139897
0 0.443021 0.69267 0.115386 0.510945 0.137401
0 0.440747 0.697464 0.105395 0.517955 0.136754
0 0.779385 0.39547 0.0980579 0.363373 0.134398
0 0.784749 0.408832 0.112446 0.380704 0.133561
0 0.305218 0.763637 0.171201 0.472342 0.125931
0 0.674098 0.298991 0.145147 0.257232 0.1156
0 0.543308 0.690764 0.113166 0.546969 0.108651
0 0.676233 0.305993 0.159223 0.271788 0.106761
0 0.0358391 0.199457 0.0716781 0.398913 0.101673
0 0.321044 0.761327 0.122378 0.477345 0.101669
0 0.0884609 0.222395 0.176922 0.444791 0.101082
