0 0.355756 0.873986 0.70889 0.252029 0.716446
0 0.381024 0.150273 0.762048 0.299464 0.632597
0 0.362405 0.665442 0.724809 0.235191 0.632492
0 0.385941 0.151999 0.771882 0.302677 0.5944
0 0.470037 0.15201 0.926357 0.30116 0.558591
0 0.361681 0.660497 0.723361 0.220443 0.542252
0 0.386605 0.500921 0.77321 0.226164 0.529792
0 0.382745 0.165044 0.765489 0.325191 0.512568
0 0.477101 0.175263 0.940295 0.340326 0.495508
0 0.365002 0.660972 0.702413 0.201121 0.443428
0 0.384584 0.468718 0.769001 0.278742 0.437221
0 0.374005 0.500514 0.748009 0.211634 0.431195
0 0.380186 0.885876 0.754931 0.228249 0.42418
0 0.395421 0.668512 0.790086 0.233861 0.397551
0 0.579289 0.498725 0.326529 0.160454 0.355807
0 0.367239 0.645587 0.734477 0.247763 0.330466
0 0.407432 0.661516 0.650633 0.18911 0.317654
0 0.581178 0.8407 0.259776 0.164106 0.304526
0 0.375737 0.499502 0.751474 0.200218 0.292811
0 0.42318 0.171367 0.845155 0.324829 0.278993
0 0.366328 0.660496 0.732656 0.206437 0.273692
0 0.411565 0.471737 0.823131 0.263111 0.261488
0 0.581403 0.84195 0.27591 0.174035 0.231047
0 0.466386 0.500776 0.576403 0.192536 0.213161
0 0.380511 0.361179 0.757972 0.24601 0.206396
0 0.41286 0.152605 0.689873 0.296028 0.198409
0 0.403295 0.499607 0.702289 0.196506 0.188651
0 0.355926 0.874456 0.711851 0.237853 0.188641
0 0.354806 0.881246 0.709613 0.222527 0.183586
0 0.589387 0.837547 0.292553 0.175989 0.171318
0 0.595694 0.354976 0.263357 0.115154 0.166543
0 0.364352 0.892889 0.728705 0.214223 0.159381
0 0.588846 0.494923 0.323893 0.156755 0.151418
0 0.444002 0.150221 0.6478 0.295448 0.14573
0 0.573632 0.356823 0.295666 0.117777 0.144929
0 0.589922 0.351957 0.286936 0.118885 0.141393
0 0.365002 0.660788 0.730004 0.186703 0.138893
0 0.408802 0.141808 0.816599 0.283616 0.135806
0 0.603787 0.351987 0.253057 0.120375 0.134865
0 0.390114 0.248068 0.777762 0.409816 0.132367
0 0.601895 0.350253 0.282127 0.120838 0.107294
0 0.453408 0.65877 0.566755 0.183995 0.106662
0 0.37201 0.351174 0.744019 0.206427 0.10265
