0 0.373589 0.310288 0.125394 0.239919 0.492371
0 0.213943 0.345586 0.0843409 0.157 0.48512
0 0.630546 0.282479 0.136061 0.223806 0.485072
0 0.376235 0.309229 0.135802 0.250136 0.471023
0 0.201286 0.694084 0.228821 0.611832 0.467905
0 0.212105 0.35342 0.108318 0.18688 0.459598
0 0.632365 0.282166 0.143276 0.239463 0.459509
0 0.17997 0.687511 0.168911 0.624285 0.45278
0 0.21259 0.34913 0.0883161 0.172876 0.425168
0 0.19919 0.691496 0.203985 0.617008 0.407424
0 0.640573 0.282328 0.155225 0.239687 0.380449
0 0.472584 0.443756 0.121993 0.256553 0.373902
0 0.330768 0.436391 0.105898 0.230113 0.368556
0 0.37744 0.318996 0.147301 0.273945 0.363028
0 0.745586 0.433565 0.126536 0.252306 0.361015
0 0.59099 0.430958 0.107217 0.20271 0.359718
0 0.329184 0.439397 0.106891 0.249507 0.349483
0 0.50435 0.32524 0.10258 0.200278 0.347276
0 0.32938 0.398634 0.0854004 0.134629 0.345794
0 0.748119 0.439721 0.136098 0.268478 0.342185
0 0.469547 0.440414 0.111406 0.241359 0.341219
0 0.665027 0.680054 0.123262 0.639891 0.334658
0 0.503247 0.316039 0.10543 0.186715 0.329941
0 0.502458 0.318993 0.0915467 0.181097 0.321831
0 0.590289 0.449837 0.108729 0.238284 0.3213
0 0.623603 0.271948 0.128823 0.204929 0.308293
0 0.268899 0.476508 0.0824908 0.159505 0.300405
0 0.741133 0.426778 0.117983 0.229764 0.288681
0 0.384374 0.315452 0.15406 0.275626 0.287676
0 0.331131 0.401757 0.0871509 0.144243 0.277683
0 0.371543 0.302399 0.119758 0.233034 0.26128
0 0.474552 0.456211 0.136055 0.291784 0.259967
0 0.74979 0.456249 0.14225 0.301746 0.259508
0 0.212718 0.691836 0.244311 0.609887 0.257766
0 0.326107 0.441241 0.114005 0.266203 0.25069
0 0.213547 0.342797 0.0797867 0.144425 0.250431
0 0.588466 0.487993 0.110054 0.325027 0.246188
0 0.502166 0.308831 0.0855223 0.151621 0.245095
0 0.392177 0.572095 0.133636 0.340824 0.242533
0 0.268578 0.481935 0.0905953 0.180953 0.235831
0 0.592025 0.432424 0.116268 0.212792 0.235543
0 0.327888 0.426528 0.0861095 0.208255 0.234864
0 0.502685 0.313963 0.0911687 0.161773 0.232483
0 0.33077 0.421284 0.108693 0.215412 0.231009
0 0.591814 0.412099 0.088793 0.15896 0.230908
0 0.369717 0.292939 0.104174 0.194946 0.226654
0 0.205186 0.350431 0.123567 0.194339 0.221765
0 0.265791 0.490565 0.10103 0.188293 0.218876
0 0.502174 0.296925 0.0836169 0.124479 0.217284
0 0.387942 0.571801 0.118478 0.333685 0.209364
0 0.266663 0.473682 0.0783782 0.149881 0.20686
0 0.588892 0.457105 0.111808 0.262076 0.2042
0 0.590648 0.423037 0.0941353 0.190801 0.203293
0 0.390257 0.484388 0.0912828 0.151974 0.199593
0 0.593854 0.406601 0.083062 0.147487 0.198943
0 0.46802 0.4284 0.108286 0.22399 0.197579
0 0.474466 0.481764 0.143542 0.347486 0.193417
0 0.224475 0.694102 0.188635 0.610144 0.19277
0 0.266234 0.504179 0.0986099 0.210654 0.190729
0 0.685309 0.678994 0.163929 0.635124 0.189319
0 0.329398 0.414592 0.086911 0.171595 0.183444
0 0.737842 0.419384 0.113269 0.219008 0.178876
0 0.368867 0.290412 0.0944705 0.194074 0.172006
0 0.752716 0.477559 0.137384 0.353466 0.163797
0 0.50156 0.28761 0.0777777 0.100787 0.163554
0 0.387674 0.556328 0.105713 0.293424 0.161439
0 0.266152 0.4946 0.0863812 0.198909 0.160645
0 0.621489 0.262675 0.105813 0.183698 0.159749
0 0.669183 0.628801 0.11753 0.530582 0.157307
0 0.266376 0.469015 0.0743408 0.137995 0.155623
0 0.66681 0.58431 0.113785 0.448093 0.152067
0 0.370402 0.301147 0.141577 0.234735 0.145175
0 0.389548 0.50617 0.103655 0.195011 0.142929
0 0.388664 0.559412 0.113208 0.306781 0.142302
0 0.475708 0.428298 0.121972 0.227428 0.141501
0 0.173043 0.53236 0.12237 0.316438 0.140655
0 0.18966 0.581048 0.172075 0.404528 0.138865
0 0.513937 0.325134 0.121528 0.205509 0.136127
0 0.59173 0.42077 0.0972433 0.17324 0.133848
0 0.593417 0.400413 0.0810285 0.128209 0.133664
0 0.174797 0.541332 0.135317 0.332789 0.132571
0 0.505691 0.338958 0.108967 0.236382 0.132346
0 0.397799 0.581495 0.148015 0.353674 0.130386
0 0.635343 0.289244 0.15985 0.266939 0.130373
0 0.17181 0.507542 0.11784 0.262775 0.126738
0 0.589565 0.482339 0.122868 0.309908 0.125467
0 0.386743 0.310118 0.146731 0.253645 0.122358
0 0.367747 0.288729 0.0985175 0.174269 0.120671
0 0.390993 0.483214 0.0841301 0.145594 0.118334
0 0.384159 0.564835 0.111456 0.313513 0.114829
0 0.218629 0.355037 0.119986 0.20449 0.108829
0 0.59792 0.419986 0.121032 0.216998 0.107151
0 0.662118 0.48851 0.104163 0.244479 0.106771
0 0.582133 0.508855 0.115625 0.362497 0.103237
0 0.273258 0.488653 0.116094 0.189448 0.103085
0 0.661002 0.465926 0.106209 0.203134 0.103076
0 0.48686 0.447616 0.154626 0.290674 0.10286
0 0.644333 0.269767 0.158895 0.242868 0.101894
