0 0.188723 0.664253 0.22116 0.671494 0.70349
0 0.838189 0.681854 0.185133 0.636292 0.68712
0 0.478791 0.646569 0.187059 0.701223 0.655517
0 0.0588758 0.493944 0.0462515 0.172399 0.625794
0 0.638001 0.700008 0.178234 0.594119 0.624887
0 0.348133 0.709798 0.15002 0.577181 0.611371
0 0.221972 0.674636 0.158412 0.648782 0.492122
0 0.428464 0.651667 0.26595 0.696665 0.316624
0 0.0184537 0.517369 0.0369074 0.245892 0.310288
0 0.957067 0.673523 0.0846643 0.652954 0.265436
0 0.0200904 0.484058 0.0401809 0.198514 0.208335
