0 0.431095 0.702882 0.126801 0.580076 0.766242
0 0.262908 0.643611 0.0865244 0.350252 0.720389
0 0.874857 0.697881 0.0957909 0.314131 0.661662
0 0.424907 0.705456 0.141642 0.582262 0.649761
0 0.879581 0.694398 0.0889458 0.329113 0.626212
0 0.534131 0.715638 0.113482 0.557984 0.623941
0 0.266897 0.643072 0.0915912 0.343896 0.616186
0 0.261645 0.642196 0.0764453 0.344058 0.611091
0 0.869925 0.702407 0.0927761 0.305814 0.584113
0 0.533084 0.714974 0.12362 0.570052 0.582258
0 0.435258 0.701675 0.119399 0.547594 0.525449
0 0.535964 0.721992 0.0948738 0.556016 0.510237
0 0.533562 0.708113 0.0935715 0.530153 0.463877
0 0.272032 0.725858 0.107496 0.519636 0.411491
0 0.534272 0.702832 0.104976 0.5215 0.40188
0 0.416866 0.705385 0.134596 0.585758 0.383942
0 0.533134 0.678202 0.0981291 0.475732 0.289842
0 0.531916 0.686155 0.0895145 0.484197 0.274534
0 0.433373 0.677348 0.112487 0.523941 0.209105
0 0.269471 0.725681 0.124548 0.536419 0.19716
0 0.0392558 0.461897 0.0753701 0.912925 0.189632
0 0.267907 0.642184 0.0827774 0.342697 0.188467
0 0.601473 0.636062 0.0751719 0.477212 0.182644
0 0.433118 0.666911 0.121492 0.50512 0.144579
0 0.530672 0.659969 0.0857361 0.426531 0.136829
0 0.884474 0.689819 0.0807831 0.340184 0.12423
0 0.0432679 0.414688 0.0835396 0.829376 0.123657
0 0.830587 0.637598 0.0248695 0.0972033 0.12277
0 0.88645 0.7033 0.0620367 0.251496 0.117087
0 0.604252 0.652779 0.073527 0.476027 0.116241
0 0.315805 0.651447 0.0408741 0.360008 0.100734
