0 0.384484 0.404927 0.768967 0.202071 0.591992
0 0.338101 0.229787 0.676202 0.243364 0.470138
0 0.381906 0.712012 0.747127 0.215218 0.465034
0 0.399726 0.415991 0.799452 0.189022 0.413433
0 0.359179 0.716632 0.718359 0.225848 0.411954
0 0.33934 0.228116 0.675552 0.269529 0.400187
0 0.369889 0.55726 0.739778 0.160632 0.393025
0 0.389112 0.558823 0.683281 0.152362 0.37583
0 0.364652 0.39543 0.726423 0.212064 0.366856
0 0.344774 0.246297 0.689548 0.205232 0.364844
0 0.398591 0.428683 0.797182 0.171408 0.352359
0 0.106366 0.774021 0.212732 0.445659 0.342006
0 0.427605 0.4405 0.775691 0.145043 0.339102
0 0.12518 0.775714 0.25036 0.446024 0.331813
0 0.357976 0.712791 0.715951 0.288446 0.322504
0 0.377825 0.749573 0.75565 0.32577 0.311976
0 0.368563 0.226768 0.737126 0.267896 0.30202
0 0.359355 0.677985 0.718711 0.250318 0.280233
0 0.355965 0.23576 0.71193 0.2878 0.274003
0 0.371566 0.778446 0.743131 0.410632 0.245173
0 0.387612 0.72525 0.775225 0.267112 0.245153
0 0.368339 0.398378 0.736677 0.240612 0.236604
0 0.360659 0.69966 0.721317 0.2316 0.2352
0 0.471219 0.0715453 0.942438 0.143091 0.218332
0 0.351018 0.373011 0.702037 0.235407 0.217115
0 0.414774 0.774685 0.829548 0.355007 0.207469
0 0.398904 0.230566 0.797808 0.272401 0.207326
0 0.397773 0.719002 0.780819 0.263513 0.205187
0 0.413129 0.793451 0.826258 0.376349 0.199502
0 0.455514 0.445068 0.706277 0.135625 0.18283
0 0.529485 0.0714426 0.926192 0.142511 0.179013
0 0.364943 0.548114 0.729886 0.163693 0.177503
0 0.426789 0.94672 0.853578 0.106561 0.172298
0 0.433812 0.0991656 0.867624 0.197454 0.169433
0 0.46494 0.0433792 0.929879 0.0867583 0.162434
0 0.443819 0.0794487 0.887638 0.158897 0.158008
0 0.468015 0.0489087 0.936029 0.0978173 0.154771
0 0.481038 0.0534082 0.962077 0.106816 0.153567
0 0.416384 0.879268 0.832768 0.234725 0.153436
0 0.548314 0.450482 0.523641 0.117354 0.146956
0 0.394673 0.111443 0.789346 0.215588 0.146143
0 0.362589 0.622173 0.725179 0.30455 0.144054
0 0.340939 0.247577 0.681879 0.281194 0.136059
0 0.423006 0.831176 0.846012 0.295797 0.134854
0 0.353362 0.111339 0.706724 0.217436 0.134498
0 0.488725 0.701013 0.813238 0.218326 0.132708
0 0.42463 0.242151 0.782614 0.299176 0.130658
0 0.49542 0.557222 0.499215 0.135749 0.126654
0 0.534892 0.0516637 0.911214 0.103327 0.124571
0 0.42961 0.885587 0.859219 0.223495 0.123176
0 0.523809 0.951472 0.866683 0.0970554 0.122839
0 0.431035 0.715662 0.742221 0.271961 0.122013
0 0.446224 0.872054 0.806948 0.24352 0.119842
0 0.434216 0.560442 0.596707 0.139628 0.118267
0 0.477366 0.553235 0.52999 0.139941 0.115137
0 0.462447 0.950948 0.827189 0.0981043 0.109299
0 0.363457 0.602428 0.726915 0.282156 0.106168
0 0.434103 0.857243 0.782099 0.218669 0.104712
0 0.506682 0.561823 0.457411 0.124121 0.10131
0 0.443605 0.0363905 0.88721 0.0727811 0.100411
