0 0.237057 0.566843 0.390249 0.833408 0.519127
0 0.262634 0.572895 0.341444 0.847322 0.472687
0 0.52256 0.359019 0.226903 0.544758 0.467496
0 0.240269 0.573356 0.43304 0.853288 0.455723
0 0.791064 0.471273 0.417872 0.905459 0.442597
0 0.265627 0.574373 0.4177 0.851254 0.426509
0 0.523449 0.334779 0.224729 0.491081 0.395646
0 0.52179 0.377991 0.235974 0.574156 0.393247
0 0.783582 0.534725 0.432837 0.873839 0.377734
0 0.701141 0.560607 0.597718 0.870012 0.368407
0 0.749967 0.556123 0.500066 0.83303 0.346289
0 0.244382 0.525033 0.346444 0.758616 0.307411
0 0.562833 0.562507 0.874335 0.874986 0.297359
0 0.227093 0.550769 0.434363 0.8295 0.287111
0 0.274842 0.545068 0.298902 0.796837 0.247333
0 0.534517 0.497988 0.195538 0.275346 0.230499
0 0.794115 0.528109 0.406893 0.933739 0.224934
0 0.52456 0.268187 0.195362 0.353722 0.217549
0 0.79503 0.427166 0.409939 0.739279 0.216281
0 0.540213 0.493899 0.212774 0.27511 0.194732
0 0.51934 0.390514 0.253104 0.60781 0.187833
0 0.629139 0.55687 0.741722 0.853927 0.180296
0 0.188453 0.477721 0.373583 0.955441 0.172626
0 0.733865 0.553844 0.53227 0.88391 0.169769
0 0.248203 0.565194 0.496407 0.869612 0.165802
0 0.530181 0.497922 0.170498 0.263309 0.161774
0 0.115261 0.478958 0.230522 0.957916 0.139086
0 0.206168 0.491558 0.411426 0.977829 0.128953
0 0.118822 0.438877 0.237643 0.873889 0.12286
0 0.280279 0.540112 0.557939 0.897672 0.120636
0 0.17413 0.422262 0.344656 0.841868 0.112715
0 0.227308 0.551372 0.45156 0.897256 0.106269
0 0.521364 0.547193 0.953269 0.891921 0.104653
0 0.522891 0.253454 0.181998 0.323906 0.104253
0 0.537342 0.497568 0.252627 0.287463 0.103365
0 0.220298 0.504141 0.421848 0.805187 0.101711
