0 0.649574 0.423813 0.185494 0.663731 0.723697
0 0.341759 0.410978 0.185357 0.676336 0.700368
0 0.351673 0.409045 0.229682 0.676532 0.590964
0 0.640157 0.416902 0.166642 0.674773 0.544438
0 0.335423 0.410981 0.165649 0.664761 0.469106
0 0.524865 0.429842 0.125762 0.650741 0.384583
0 0.45073 0.236761 0.0643894 0.265755 0.355808
0 0.503261 0.226116 0.0568101 0.217842 0.337172
0 0.454797 0.235477 0.0662291 0.272877 0.265952
0 0.517946 0.427055 0.151301 0.645693 0.261363
0 0.396366 0.231968 0.0681871 0.291905 0.258553
0 0.396049 0.242674 0.0719508 0.316328 0.236189
0 0.457318 0.231471 0.0516741 0.246633 0.218609
0 0.450227 0.236674 0.074129 0.27485 0.217081
0 0.50207 0.249428 0.061961 0.280282 0.21601
0 0.503311 0.236621 0.0633404 0.259629 0.205167
0 0.502596 0.270269 0.0628702 0.318832 0.184154
0 0.459522 0.429678 0.112952 0.6692 0.177048
0 0.553891 0.306796 0.0722498 0.402115 0.153023
0 0.395003 0.235691 0.0752562 0.28413 0.14231
0 0.452677 0.419265 0.112429 0.673566 0.140101
0 0.394913 0.278639 0.0783843 0.383309 0.135181
0 0.487445 0.427255 0.188515 0.65285 0.12646
0 0.553043 0.325197 0.0756493 0.442032 0.123428
0 0.552011 0.425925 0.175257 0.663798 0.117632
0 0.505347 0.221099 0.0511919 0.206872 0.115801
0 0.50222 0.294549 0.0741346 0.379321 0.115436
0 0.320877 0.281273 0.118254 0.415364 0.110837
0 0.551758 0.29986 0.0681416 0.382692 0.106507
0 0.485849 0.426659 0.156479 0.664571 0.105275
0 0.317798 0.318174 0.118931 0.48966 0.101521
0 0.325171 0.247126 0.113831 0.347583 0.101052
0 0.502191 0.241909 0.0684258 0.277231 0.100669
