0 0.214723 0.663239 0.30446 0.491302 0.667381
0 0.450166 0.397678 0.311705 0.790909 0.586257
0 0.217101 0.662451 0.275659 0.497674 0.55924
0 0.497093 0.398594 0.264204 0.792684 0.472243
0 0.490252 0.401468 0.303948 0.792296 0.455453
0 0.789149 0.638699 0.292048 0.414474 0.441444
0 0.480982 0.402777 0.342108 0.805553 0.382635
0 0.818821 0.435341 0.345268 0.870568 0.333876
0 0.654178 0.304489 0.0774096 0.147075 0.322949
0 0.20886 0.681736 0.34899 0.462312 0.313732
0 0.49549 0.406368 0.376859 0.812736 0.302294
0 0.890452 0.454126 0.214975 0.908251 0.298013
0 0.625213 0.599075 0.165516 0.417705 0.297646
0 0.90729 0.451142 0.184291 0.898024 0.288841
0 0.0941808 0.341304 0.188362 0.682607 0.252467
0 0.370086 0.6159 0.151074 0.317816 0.23258
0 0.843922 0.444619 0.308962 0.881127 0.216789
0 0.918618 0.438243 0.162765 0.875776 0.212522
0 0.428432 0.393313 0.361603 0.779988 0.204455
0 0.406141 0.387408 0.27545 0.774307 0.202814
0 0.65525 0.299565 0.0749356 0.13665 0.201963
0 0.790269 0.643817 0.322433 0.412296 0.194297
0 0.61942 0.60032 0.193252 0.432994 0.181306
0 0.923907 0.410779 0.152185 0.821559 0.180092
0 0.40381 0.391924 0.247452 0.770886 0.178088
0 0.79012 0.633418 0.357676 0.428088 0.171406
0 0.0919321 0.41465 0.183864 0.829301 0.15457
0 0.0855345 0.341169 0.171069 0.682339 0.145062
0 0.27308 0.357603 0.226535 0.714655 0.138798
0 0.616367 0.933949 0.719973 0.132016 0.134369
0 0.622994 0.617006 0.184793 0.435637 0.131093
0 0.793255 0.605023 0.368021 0.478939 0.129828
0 0.800899 0.454386 0.309401 0.789341 0.122754
0 0.0891469 0.448054 0.178294 0.895759 0.116243
0 0.926975 0.44176 0.14605 0.880588 0.115747
0 0.0751426 0.444019 0.150285 0.883068 0.112632
0 0.0842927 0.393551 0.168585 0.787102 0.112542
0 0.768224 0.649823 0.240627 0.402945 0.111902
0 0.269985 0.141042 0.212226 0.278817 0.108194
0 0.923171 0.368569 0.153659 0.737138 0.107692
0 0.930148 0.391233 0.139705 0.782466 0.10761
0 0.685405 0.929943 0.599999 0.138866 0.104024
