0 0.619317 0.614864 0.761366 0.260396 0.638229
0 0.628772 0.154839 0.742457 0.303232 0.601872
0 0.603225 0.613777 0.781265 0.251613 0.587237
0 0.626909 0.8344 0.746181 0.280093 0.585776
0 0.624565 0.827933 0.750869 0.261723 0.568205
0 0.628685 0.37389 0.74263 0.256059 0.566761
0 0.585223 0.845776 0.829554 0.30424 0.563807
0 0.620722 0.603071 0.758556 0.257875 0.526844
0 0.590224 0.153842 0.819552 0.305855 0.499386
0 0.615524 0.827856 0.745614 0.24697 0.470101
0 0.626101 0.383715 0.747799 0.230946 0.45405
0 0.591839 0.370965 0.816321 0.275321 0.437165
0 0.624303 0.83604 0.751394 0.327919 0.411402
0 0.628311 0.163932 0.743379 0.316566 0.401104
0 0.575519 0.607925 0.733231 0.235363 0.38676
0 0.625045 0.395486 0.749909 0.218906 0.37067
0 0.575157 0.593976 0.849687 0.252562 0.300794
0 0.616855 0.397568 0.739505 0.199255 0.274173
0 0.623307 0.15019 0.748861 0.300381 0.253996
0 0.567649 0.612837 0.864702 0.300751 0.239993
0 0.600608 0.169678 0.798783 0.331218 0.222253
0 0.617386 0.842754 0.748995 0.233723 0.221518
0 0.62089 0.37231 0.752402 0.291377 0.221328
0 0.576005 0.306066 0.84799 0.389044 0.204517
0 0.62667 0.339602 0.746661 0.322034 0.188989
0 0.621554 0.167167 0.748639 0.307686 0.182758
0 0.552748 0.592866 0.697868 0.216459 0.169057
0 0.621646 0.578199 0.756065 0.235525 0.15454
0 0.567899 0.822089 0.864202 0.319002 0.135674
0 0.620447 0.811966 0.758358 0.347326 0.102272
