0 0.43355 0.592079 0.24658 0.815842 0.783997
0 0.854454 0.5902 0.291092 0.819599 0.731754
0 0.646626 0.572028 0.250182 0.855943 0.730602
0 0.439013 0.594678 0.223822 0.810644 0.716001
0 0.165775 0.605682 0.317004 0.788091 0.712689
0 0.63434 0.57043 0.214517 0.85914 0.699218
0 0.660706 0.57519 0.266718 0.84962 0.691032
0 0.863288 0.599521 0.273423 0.786933 0.617628
0 0.444878 0.594764 0.248191 0.792858 0.467855
0 0.655099 0.555552 0.250839 0.884819 0.416863
0 0.630148 0.569881 0.196264 0.860237 0.349875
0 0.160128 0.62371 0.290404 0.74735 0.30676
0 0.409218 0.599277 0.323711 0.792636 0.233979
0 0.846201 0.578446 0.293149 0.843109 0.220052
0 0.872222 0.589714 0.248023 0.820571 0.206688
0 0.424118 0.571264 0.274413 0.857472 0.151403
0 0.197848 0.603825 0.237802 0.792351 0.111753
0 0.668003 0.598072 0.261224 0.798634 0.110643
0 0.195687 0.606728 0.286611 0.785947 0.1026
