0 0.881847 0.628647 0.221972 0.741593 0.679664
0 0.464491 0.555202 0.315938 0.889596 0.642004
0 0.690112 0.581354 0.283458 0.837292 0.455764
0 0.191984 0.530895 0.381429 0.938211 0.421272
0 0.472974 0.556344 0.354582 0.887311 0.419095
0 0.675088 0.575455 0.324492 0.845632 0.29449
0 0.449799 0.556791 0.326764 0.87931 0.225477
0 0.483712 0.569746 0.380552 0.855882 0.212095
0 0.841159 0.621582 0.315044 0.752927 0.198364
0 0.768537 0.586927 0.330682 0.821396 0.196419
0 0.642698 0.559128 0.261604 0.877354 0.172279
0 0.186606 0.510225 0.353587 0.906597 0.171686
0 0.690454 0.406882 0.254656 0.452297 0.171602
0 0.682889 0.405618 0.234056 0.438529 0.154193
0 0.802192 0.61153 0.268558 0.767739 0.152981
0 0.673129 0.583995 0.290892 0.826317 0.124606
0 0.71873 0.586086 0.284397 0.827829 0.123985
