0 0.312913 0.147752 0.588247 0.284213 0.816732
0 0.320464 0.125068 0.554733 0.243353 0.458429
0 0.312552 0.16308 0.604056 0.326159 0.396368
0 0.360976 0.484023 0.706784 0.525115 0.367767
0 0.353649 0.414203 0.691996 0.383133 0.226028
0 0.471467 0.598569 0.486436 0.797596 0.1673
0 0.386924 0.126372 0.385097 0.251664 0.15434
0 0.391464 0.119144 0.379685 0.231485 0.140235
0 0.402594 0.600685 0.63546 0.798631 0.124709
0 0.365724 0.529905 0.719871 0.613044 0.123001
0 0.375813 0.492277 0.70233 0.583438 0.118686
0 0.315572 0.135918 0.610565 0.265906 0.115945
0 0.371329 0.383098 0.688751 0.283683 0.107383
0 0.368771 0.481284 0.731754 0.466541 0.10637
