0 0.658012 0.611191 0.26697 0.770943 0.731864
0 0.350203 0.53532 0.28997 0.929359 0.698218
0 0.650619 0.596203 0.253373 0.733951 0.669885
0 0.136745 0.586973 0.255159 0.82334 0.641664
0 0.352589 0.498522 0.284423 0.857009 0.458676
0 0.641899 0.587182 0.223194 0.720169 0.379828
0 0.849117 0.316939 0.211617 0.432357 0.361854
0 0.865563 0.548185 0.268874 0.90363 0.345812
0 0.859257 0.303391 0.193685 0.382974 0.323774
0 0.944441 0.214661 0.111118 0.27559 0.313961
0 0.852214 0.447805 0.221195 0.693513 0.309985
0 0.865249 0.300921 0.211655 0.391295 0.288697
0 0.947525 0.223048 0.104491 0.304414 0.273641
0 0.862671 0.515372 0.252956 0.828864 0.270505
0 0.639491 0.56103 0.210039 0.675018 0.2675
0 0.128804 0.553869 0.246685 0.789751 0.250527
0 0.879248 0.547724 0.239809 0.904551 0.235657
0 0.861621 0.318043 0.214215 0.40686 0.233994
0 0.8704 0.312568 0.234661 0.413675 0.223482
0 0.853472 0.286595 0.171886 0.370316 0.222738
0 0.852292 0.347589 0.236862 0.489374 0.187016
0 0.948272 0.255798 0.103125 0.358774 0.179807
0 0.943504 0.246207 0.112993 0.340498 0.177099
0 0.357111 0.450108 0.275765 0.769124 0.173978
0 0.936754 0.390772 0.124734 0.614515 0.17031
0 0.135384 0.598952 0.228315 0.802097 0.165012
0 0.0356275 0.586477 0.0670334 0.827047 0.142884
0 0.361203 0.403376 0.266464 0.680083 0.123134
0 0.950072 0.231799 0.099855 0.318217 0.117875
0 0.941072 0.480158 0.115901 0.789617 0.11043
0 0.847657 0.302719 0.184625 0.374181 0.107898
0 0.911102 0.54389 0.173566 0.91222 0.100808
