0 0.611555 0.337085 0.170263 0.521238 0.589416
0 0.244397 0.358154 0.283047 0.550031 0.550033
0 0.245526 0.306859 0.286711 0.45619 0.511412
0 0.437858 0.343398 0.200158 0.486147 0.503053
0 0.247074 0.413277 0.274765 0.666068 0.489993
0 0.769866 0.328603 0.175647 0.442318 0.485307
0 0.253771 0.305259 0.237855 0.452094 0.424727
0 0.257388 0.325345 0.22431 0.486841 0.421384
0 0.213285 0.412523 0.371688 0.658369 0.413564
0 0.775127 0.387787 0.18404 0.567031 0.411502
0 0.616024 0.332205 0.187563 0.499478 0.40433
0 0.762851 0.322726 0.146406 0.415458 0.350341
0 0.617557 0.339631 0.201968 0.529461 0.341134
0 0.255252 0.402005 0.23185 0.646263 0.302165
0 0.439855 0.307784 0.207489 0.404803 0.252117
0 0.77865 0.487037 0.19254 0.766286 0.24477
0 0.779226 0.322683 0.17857 0.411711 0.227085
0 0.611209 0.313653 0.140084 0.461218 0.224826
0 0.44066 0.292725 0.183226 0.382445 0.221477
0 0.766193 0.299521 0.164435 0.39228 0.202687
0 0.778018 0.397561 0.216407 0.584766 0.182495
0 0.618235 0.312287 0.154937 0.462651 0.17547
0 0.467155 0.902119 0.933302 0.182316 0.172784
0 0.437616 0.349299 0.224623 0.498011 0.162632
0 0.757838 0.301211 0.139361 0.392156 0.161898
0 0.755024 0.315592 0.127746 0.403664 0.139693
0 0.453762 0.275703 0.148125 0.354464 0.138673
0 0.471568 0.809765 0.937421 0.192869 0.138429
0 0.610297 0.297822 0.134087 0.442626 0.134954
0 0.273686 0.300823 0.187554 0.434901 0.128514
0 0.924382 0.555319 0.146824 0.889362 0.108552
