0 0.213745 0.631874 0.203706 0.720525 0.886097
0 0.407894 0.653721 0.197931 0.673868 0.882578
0 0.422323 0.65718 0.236522 0.675063 0.87435
0 0.642753 0.647043 0.235128 0.687032 0.773928
0 0.20462 0.629346 0.20612 0.741308 0.718126
0 0.223067 0.643761 0.215811 0.69728 0.712257
0 0.645791 0.649955 0.260286 0.688719 0.65981
0 0.813992 0.564201 0.219553 0.871599 0.585152
0 0.806684 0.573758 0.198426 0.848022 0.584219
0 0.0680244 0.692397 0.132513 0.580686 0.530271
0 0.830083 0.562498 0.241193 0.875004 0.470487
0 0.580842 0.296681 0.153182 0.309632 0.43571
0 0.0767152 0.694969 0.150879 0.589574 0.395567
0 0.582359 0.302696 0.141415 0.312954 0.341258
0 0.920856 0.579126 0.154073 0.826047 0.331731
0 0.819016 0.575247 0.201027 0.849506 0.31018
0 0.412824 0.6665 0.241926 0.663292 0.306762
0 0.0622178 0.695647 0.124436 0.589536 0.260713
0 0.817555 0.569093 0.182348 0.848587 0.217835
0 0.583257 0.292106 0.135869 0.299916 0.190092
0 0.0489767 0.681856 0.0952999 0.585791 0.153009
0 0.956841 0.539584 0.0863176 0.839899 0.151958
0 0.959059 0.559985 0.0817526 0.811548 0.148389
0 0.943531 0.559655 0.112938 0.880689 0.135731
0 0.583488 0.317442 0.151499 0.352774 0.13467
0 0.928103 0.568749 0.142722 0.802058 0.13244
0 0.0851372 0.697483 0.170274 0.605034 0.116522
0 0.851972 0.566954 0.296057 0.866092 0.116351
0 0.95429 0.587669 0.0914201 0.769573 0.115917
0 0.834675 0.594698 0.20991 0.792559 0.102749
