0 0.695398 0.625589 0.174154 0.627602 0.509655
0 0.491551 0.687322 0.506385 0.618944 0.315877
0 0.704986 0.614923 0.165006 0.607495 0.310592
0 0.688283 0.624127 0.159854 0.613802 0.255286
0 0.411028 0.685446 0.624144 0.623515 0.249562
0 0.485549 0.685432 0.409631 0.618219 0.237232
0 0.565066 0.145576 0.856158 0.291153 0.217516
0 0.376959 0.691387 0.753919 0.615862 0.193327
0 0.470531 0.138285 0.92973 0.27657 0.18072
0 0.365067 0.687036 0.730134 0.623924 0.158877
0 0.41733 0.135052 0.83466 0.270103 0.151473
0 0.620839 0.14742 0.755856 0.29484 0.108262
