0 0.654352 0.195857 0.690073 0.294723 0.724839
0 0.624829 0.545011 0.750342 0.289926 0.591847
0 0.625047 0.520898 0.749905 0.250062 0.475319
0 0.622614 0.558754 0.739346 0.313942 0.427864
0 0.638063 0.185246 0.723875 0.279435 0.288763
0 0.376091 0.376597 0.307164 0.134342 0.278832
0 0.67031 0.18487 0.647531 0.326716 0.257836
0 0.624678 0.492928 0.750644 0.198474 0.255435
0 0.604394 0.711458 0.791212 0.328539 0.252696
0 0.594558 0.548006 0.808089 0.319122 0.251001
0 0.610004 0.679934 0.779993 0.425812 0.234909
0 0.598176 0.684895 0.77677 0.260563 0.210648
0 0.606162 0.702566 0.787676 0.381683 0.206397
0 0.62082 0.191061 0.741059 0.311282 0.192463
0 0.36332 0.379943 0.282134 0.14432 0.186852
0 0.38231 0.375778 0.31316 0.143696 0.158842
0 0.598576 0.746661 0.802848 0.230473 0.151446
0 0.397063 0.376831 0.345745 0.12921 0.149155
0 0.61818 0.588618 0.743748 0.376187 0.148991
0 0.367244 0.390376 0.307428 0.166556 0.147297
0 0.375438 0.393152 0.323958 0.182407 0.138404
0 0.493041 0.247031 0.369323 0.182855 0.137318
0 0.647819 0.195969 0.704362 0.304839 0.13666
0 0.513747 0.246206 0.405969 0.175709 0.134771
0 0.613362 0.69053 0.773275 0.394436 0.132931
0 0.3616 0.379823 0.277984 0.160956 0.129207
0 0.454381 0.509911 0.374796 0.177268 0.117868
0 0.5819 0.768932 0.836201 0.193227 0.114122
0 0.417468 0.506907 0.301566 0.16583 0.109317
0 0.505492 0.510145 0.480279 0.182687 0.104945
0 0.616164 0.621271 0.767672 0.445344 0.102327
