0 0.327461 0.179125 0.653846 0.18451 0.575978
0 0.349974 0.176735 0.620864 0.196345 0.572182
0 0.342571 0.189724 0.625674 0.191131 0.532779
0 0.332772 0.563936 0.656644 0.135942 0.447172
0 0.337761 0.321159 0.67139 0.142487 0.438012
0 0.361316 0.568712 0.598553 0.139387 0.434003
0 0.37251 0.445351 0.621078 0.141714 0.432541
0 0.338093 0.443794 0.676186 0.141906 0.421825
0 0.367247 0.324856 0.62756 0.145556 0.412345
0 0.401 0.449054 0.585189 0.14027 0.399685
0 0.335334 0.444138 0.670669 0.15787 0.39789
0 0.362845 0.654709 0.420005 0.111368 0.356035
0 0.381495 0.179132 0.601355 0.20637 0.334109
0 0.338856 0.448631 0.675104 0.173261 0.315047
0 0.394956 0.32837 0.590606 0.149788 0.304725
0 0.364748 0.450272 0.646304 0.136402 0.300008
0 0.348649 0.660997 0.572311 0.119892 0.2977
0 0.340979 0.0510173 0.674292 0.102035 0.286416
0 0.312371 0.315837 0.624742 0.15438 0.273
0 0.336223 0.435065 0.670473 0.157393 0.268716
0 0.395275 0.578959 0.573755 0.155142 0.268669
0 0.350423 0.667768 0.587854 0.135121 0.241084
0 0.333745 0.5813 0.665202 0.168844 0.239189
0 0.310331 0.440976 0.619863 0.158557 0.237272
0 0.329305 0.055432 0.65861 0.110864 0.225034
0 0.312516 0.450009 0.625031 0.165734 0.211521
0 0.372811 0.659671 0.522378 0.11445 0.20285
0 0.407933 0.0547115 0.760496 0.109423 0.199539
0 0.38333 0.656996 0.482657 0.111016 0.198313
0 0.371343 0.195288 0.60415 0.2029 0.19126
0 0.435171 0.448362 0.495443 0.139394 0.176575
0 0.307004 0.589738 0.612692 0.179995 0.173511
0 0.310985 0.0600523 0.62197 0.120105 0.158718
0 0.334701 0.562196 0.669401 0.151238 0.142144
0 0.456242 0.448984 0.450283 0.133589 0.139136
0 0.37333 0.328713 0.634229 0.164964 0.127381
0 0.275431 0.0699122 0.547943 0.139824 0.12122
0 0.455776 0.0563261 0.759042 0.112652 0.120356
0 0.834899 0.288395 0.317503 0.54929 0.119472
0 0.399089 0.329841 0.590762 0.170505 0.118518
0 0.270821 0.31407 0.537582 0.163182 0.117494
0 0.260193 0.452764 0.516013 0.166564 0.116817
0 0.318158 0.0651202 0.636316 0.13024 0.113878
0 0.431774 0.331079 0.494946 0.1357 0.112587
0 0.593592 0.217376 0.161832 0.113608 0.109706
0 0.427182 0.565046 0.472246 0.132603 0.106032
0 0.837114 0.416942 0.313455 0.820823 0.104432
