0 0.448317 0.662014 0.140679 0.672495 0.694315
0 0.325296 0.660907 0.15431 0.67531 0.678545
0 0.182222 0.665594 0.191021 0.668142 0.67573
0 0.58954 0.668727 0.203667 0.66001 0.662221
0 0.594932 0.671675 0.23322 0.65665 0.629168
0 0.447591 0.649091 0.129983 0.643307 0.481393
0 0.187596 0.647016 0.165936 0.640493 0.439657
0 0.318337 0.661266 0.173749 0.672581 0.392261
0 0.167848 0.663742 0.213054 0.669428 0.370799
0 0.447953 0.661282 0.160982 0.674643 0.326272
0 0.575301 0.658428 0.174382 0.656089 0.255812
0 0.327522 0.663183 0.171389 0.672332 0.252862
0 0.446972 0.599402 0.121872 0.540273 0.246055
0 0.44702 0.623767 0.11501 0.572842 0.237585
0 0.330734 0.651959 0.147209 0.647685 0.22608
0 0.448319 0.596492 0.13425 0.535031 0.135714
0 0.324296 0.627187 0.122952 0.575602 0.1346
0 0.232705 0.16498 0.0260186 0.081486 0.127449
0 0.330008 0.625514 0.136535 0.575039 0.125642
0 0.450659 0.622288 0.127404 0.57139 0.11062
