0 0.379222 0.768473 0.544915 0.235955 0.603724
0 0.367437 0.772664 0.570702 0.253609 0.566325
0 0.347473 0.817573 0.622558 0.362483 0.482711
0 0.39102 0.217354 0.69268 0.327993 0.479081
0 0.355949 0.793198 0.612076 0.294672 0.46114
0 0.376191 0.21657 0.704339 0.349827 0.432299
0 0.632177 0.504627 0.225871 0.10692 0.432045
0 0.370495 0.201309 0.740931 0.297845 0.366994
0 0.388208 0.758384 0.535987 0.214771 0.36539
0 0.376603 0.545313 0.577175 0.231653 0.364761
0 0.371261 0.215133 0.742521 0.277669 0.361174
0 0.385866 0.209494 0.71196 0.271592 0.352077
0 0.409537 0.191718 0.667 0.275682 0.302544
0 0.709067 0.754186 0.576707 0.209647 0.296846
0 0.70584 0.779657 0.581744 0.259025 0.267116
0 0.536463 0.601069 0.274246 0.107503 0.255472
0 0.365999 0.581411 0.630182 0.329291 0.205454
0 0.435845 0.190295 0.606857 0.290716 0.191335
0 0.528874 0.596587 0.282448 0.120273 0.189076
0 0.595903 0.381905 0.25887 0.128608 0.182146
0 0.428571 0.210121 0.823292 0.353501 0.182115
0 0.386402 0.547147 0.614201 0.254665 0.171094
0 0.647481 0.50153 0.281328 0.128285 0.165191
0 0.546354 0.603291 0.248734 0.1085 0.165129
0 0.50664 0.591436 0.315236 0.131033 0.163789
0 0.543812 0.72186 0.257255 0.114173 0.163724
0 0.441017 0.583883 0.446145 0.136197 0.161623
0 0.474915 0.58731 0.372008 0.132566 0.156266
0 0.531947 0.203559 0.387746 0.226873 0.154532
0 0.587991 0.375553 0.27806 0.140751 0.150185
0 0.493878 0.355692 0.444172 0.157292 0.145153
0 0.392581 0.23739 0.679228 0.338516 0.144012
0 0.703256 0.819639 0.586809 0.344899 0.139819
0 0.0553748 0.825682 0.109287 0.34674 0.138313
0 0.901231 0.107217 0.092931 0.21415 0.137681
0 0.384402 0.556851 0.551633 0.204775 0.135789
0 0.53446 0.754294 0.27474 0.193254 0.134962
0 0.488218 0.184181 0.509966 0.288133 0.131478
0 0.0460056 0.82218 0.0911132 0.35172 0.131396
0 0.375936 0.565161 0.56249 0.217477 0.122895
0 0.39128 0.359759 0.659645 0.142 0.117853
0 0.382375 0.198452 0.751899 0.343509 0.107315
0 0.413241 0.729376 0.47893 0.176908 0.10673
0 0.493332 0.364089 0.452257 0.167425 0.10418
0 0.611901 0.381981 0.272383 0.129459 0.101078
0 0.396802 0.74781 0.503242 0.203943 0.100786
0 0.52626 0.213826 0.413447 0.234093 0.10061
