0 0.171545 0.696209 0.172312 0.591562 0.721502
0 0.43182 0.675267 0.131659 0.648329 0.680657
0 0.307867 0.677395 0.150123 0.643234 0.666268
0 0.773925 0.538337 0.0390738 0.135422 0.658127
0 0.539746 0.671919 0.132817 0.637196 0.636807
0 0.543864 0.680575 0.147616 0.623285 0.604433
0 0.774276 0.535518 0.0424101 0.137754 0.559303
0 0.654062 0.69659 0.125522 0.587975 0.551451
0 0.647924 0.699459 0.114691 0.588912 0.54897
0 0.658967 0.702109 0.141605 0.585831 0.545722
0 0.648193 0.702511 0.130151 0.579597 0.533532
0 0.387238 0.408046 0.072327 0.184306 0.480356
0 0.5465 0.687997 0.167415 0.613701 0.475851
0 0.731932 0.534618 0.036331 0.131451 0.437363
0 0.733274 0.534539 0.0321781 0.132202 0.423988
0 0.730707 0.533199 0.0410374 0.133804 0.397274
0 0.172825 0.696865 0.205109 0.594709 0.373441
0 0.660958 0.704146 0.157054 0.590569 0.353022
0 0.422567 0.670545 0.13935 0.648462 0.340729
0 0.386574 0.410109 0.0892661 0.178205 0.329321
0 0.432109 0.619897 0.126802 0.533496 0.319725
0 0.653972 0.689561 0.121244 0.544683 0.276127
0 0.385432 0.42146 0.0931027 0.204411 0.233451
0 0.386114 0.401854 0.068686 0.145587 0.233416
0 0.981474 0.492693 0.0348595 0.11124 0.218454
0 0.649445 0.644885 0.10938 0.472158 0.217007
0 0.952822 0.488521 0.0375092 0.116448 0.216722
0 0.954561 0.490923 0.0350113 0.115837 0.214194
0 0.983226 0.49216 0.0312845 0.110261 0.210767
0 0.64979 0.686995 0.11008 0.545547 0.209424
0 0.732323 0.525291 0.0406069 0.140166 0.199111
0 0.946724 0.491219 0.0413635 0.121318 0.195812
0 0.0503261 0.458987 0.0230461 0.0726152 0.185814
0 0.384791 0.409812 0.0699409 0.158543 0.181656
0 0.968083 0.492153 0.0312832 0.112521 0.170304
0 0.307747 0.604009 0.129885 0.50376 0.168885
0 0.307122 0.637593 0.13229 0.588726 0.168454
0 0.970173 0.493169 0.0360058 0.111325 0.165537
0 0.116466 0.519318 0.0946031 0.227998 0.165279
0 0.730776 0.523309 0.0498484 0.15639 0.160474
0 0.836907 0.477634 0.0353306 0.10088 0.157592
0 0.453078 0.452653 0.0794916 0.167539 0.151682
0 0.984098 0.491689 0.0284298 0.113282 0.149392
0 0.373497 0.128777 0.746995 0.257554 0.146561
0 0.385089 0.442285 0.0901882 0.249643 0.145905
0 0.956323 0.491237 0.0353985 0.116794 0.14172
0 0.811755 0.478606 0.031057 0.099919 0.141529
0 0.33122 0.427794 0.0680843 0.136666 0.137012
0 0.376213 0.117615 0.752301 0.229909 0.134747
0 0.385419 0.398843 0.0708397 0.133785 0.132851
0 0.771504 0.535028 0.0428911 0.136423 0.129584
0 0.839619 0.477419 0.0368649 0.100627 0.129575
0 0.0492767 0.460649 0.024831 0.0744629 0.122433
0 0.706397 0.496832 0.0473139 0.16343 0.118267
0 0.899724 0.221633 0.200552 0.175621 0.117872
0 0.32716 0.430405 0.0724604 0.137886 0.11513
0 0.540469 0.472345 0.097402 0.193143 0.114901
0 0.707032 0.487698 0.051226 0.144515 0.113404
0 0.986573 0.49286 0.0242693 0.112015 0.107849
0 0.629919 0.70027 0.215017 0.59392 0.106419
0 0.647712 0.613212 0.107207 0.401684 0.102422
0 0.734263 0.521372 0.0394188 0.150455 0.102199
0 0.262617 0.0505733 0.525235 0.101147 0.100927
