0 0.835029 0.279135 0.311542 0.322901 0.365852
0 0.376156 0.35339 0.752312 0.294147 0.358602
0 0.474629 0.516214 0.774338 0.229152 0.357095
0 0.376953 0.348614 0.753905 0.251007 0.356369
0 0.406846 0.54274 0.813692 0.202606 0.345162
0 0.426201 0.339983 0.644663 0.209772 0.334941
0 0.439382 0.528179 0.851717 0.236958 0.328604
0 0.376103 0.38061 0.752205 0.251223 0.324596
0 0.479123 0.338161 0.540046 0.207335 0.317727
0 0.398051 0.551178 0.796103 0.194395 0.315301
0 0.830891 0.26341 0.325641 0.363587 0.310135
0 0.434973 0.543053 0.868926 0.217302 0.305613
0 0.597712 0.513502 0.52161 0.219839 0.301203
0 0.374005 0.391542 0.74801 0.221516 0.298052
0 0.417033 0.349845 0.660764 0.20659 0.285375
0 0.441725 0.18193 0.859877 0.267429 0.279606
0 0.402754 0.151018 0.804639 0.183381 0.277811
0 0.375555 0.337658 0.74668 0.292932 0.268123
0 0.470731 0.0524375 0.916093 0.104875 0.263121
0 0.829661 0.244116 0.334235 0.407987 0.260131
0 0.434955 0.0554694 0.869359 0.110939 0.258266
0 0.373134 0.39697 0.746267 0.197818 0.254172
0 0.427783 0.16632 0.838715 0.235914 0.254033
0 0.421989 0.915172 0.839526 0.168582 0.250319
0 0.456779 0.15788 0.895836 0.205137 0.24278
0 0.371626 0.299878 0.742799 0.204515 0.23915
0 0.388413 0.149958 0.776827 0.205999 0.226416
0 0.543684 0.797791 0.879359 0.389596 0.226405
0 0.377844 0.406282 0.755689 0.204142 0.221009
0 0.509568 0.517337 0.686222 0.217774 0.21723
0 0.456553 0.920995 0.892842 0.158011 0.21535
0 0.445172 0.883566 0.890344 0.232338 0.212988
0 0.491199 0.18445 0.88329 0.27128 0.206152
0 0.832549 0.313953 0.286742 0.1973 0.204896
0 0.357459 0.542437 0.714917 0.18898 0.203963
0 0.30445 0.400912 0.608901 0.194036 0.203672
0 0.376236 0.278048 0.752472 0.181997 0.202048
0 0.705986 0.800058 0.550894 0.392931 0.198029
0 0.526519 0.0504388 0.945748 0.100878 0.198027
0 0.309986 0.550873 0.619973 0.200098 0.19666
0 0.306524 0.0519305 0.610052 0.103861 0.188464
0 0.299318 0.141298 0.598636 0.16885 0.184588
0 0.366956 0.0540581 0.733912 0.108116 0.184154
0 0.466034 0.351661 0.566262 0.196134 0.183826
0 0.581761 0.78369 0.781259 0.375022 0.174572
0 0.351489 0.3939 0.702978 0.187494 0.17213
0 0.735317 0.799495 0.493094 0.397303 0.16895
0 0.298212 0.259468 0.594764 0.16592 0.168348
0 0.518483 0.77372 0.889996 0.358219 0.15769
0 0.368158 0.146065 0.736316 0.175332 0.157451
0 0.478013 0.162951 0.928718 0.228133 0.146118
0 0.357707 0.262364 0.715415 0.167979 0.145068
0 0.393576 0.142266 0.787151 0.185452 0.140918
0 0.668833 0.801067 0.640429 0.396729 0.140852
0 0.836634 0.340272 0.318822 0.39811 0.140369
0 0.819174 0.310105 0.277465 0.201196 0.137376
0 0.830128 0.320008 0.293916 0.22171 0.13257
0 0.244957 0.134763 0.488478 0.17126 0.129177
0 0.375667 0.320799 0.739982 0.235144 0.125064
0 0.362507 0.91764 0.725015 0.162795 0.12458
0 0.258606 0.0517179 0.511496 0.103436 0.121235
0 0.314557 0.914448 0.629114 0.168727 0.119431
0 0.606683 0.522059 0.524624 0.231531 0.11746
0 0.505259 0.337643 0.491123 0.20695 0.115682
0 0.832869 0.308548 0.317393 0.323146 0.114806
0 0.561713 0.0534294 0.876575 0.106859 0.110214
0 0.322606 0.887202 0.645213 0.225595 0.106172
0 0.518966 0.347173 0.469843 0.157907 0.104259
