0 0.679565 0.295743 0.177515 0.319823 0.645546
0 0.83079 0.714047 0.292143 0.571907 0.579904
0 0.375194 0.388728 0.175988 0.330216 0.565047
0 0.682855 0.295905 0.184824 0.341515 0.564647
0 0.911162 0.383314 0.149154 0.426833 0.53707
0 0.818918 0.711245 0.258727 0.57751 0.480095
0 0.280001 0.733436 0.216387 0.533128 0.461152
0 0.382113 0.387249 0.194274 0.349375 0.444929
0 0.622241 0.738476 0.146556 0.252764 0.405492
0 0.593713 0.537464 0.137887 0.3443 0.395298
0 0.201089 0.474205 0.210486 0.365883 0.388267
0 0.456071 0.722981 0.198675 0.522363 0.383793
0 0.40415 0.386542 0.247703 0.351154 0.37354
0 0.672815 0.575946 0.126768 0.295262 0.363231
0 0.826404 0.715519 0.338347 0.568962 0.362952
0 0.629106 0.808005 0.18484 0.383991 0.360666
0 0.594843 0.549668 0.150532 0.355627 0.340468
0 0.672853 0.56755 0.119143 0.276443 0.339256
0 0.194546 0.473632 0.237362 0.37393 0.334882
0 0.5935 0.519256 0.133493 0.315318 0.324736
0 0.180711 0.503357 0.267657 0.433011 0.320633
0 0.178808 0.638882 0.288533 0.70529 0.320117
0 0.687253 0.291485 0.165398 0.323536 0.318778
0 0.454879 0.730548 0.222882 0.538904 0.315437
0 0.601465 0.549034 0.162694 0.338177 0.29785
0 0.672563 0.562313 0.10818 0.255117 0.291833
0 0.674267 0.591465 0.133808 0.323934 0.286149
0 0.681451 0.290452 0.14116 0.327339 0.281829
0 0.646404 0.808361 0.232748 0.383277 0.26764
0 0.911089 0.382041 0.131321 0.416797 0.263687
0 0.681855 0.30177 0.194965 0.364094 0.262899
0 0.472935 0.444931 0.129352 0.212171 0.261724
0 0.216105 0.475483 0.183023 0.361768 0.243768
0 0.206165 0.475296 0.189172 0.355407 0.239434
0 0.919772 0.384394 0.154029 0.424189 0.233948
0 0.47028 0.440952 0.138494 0.200332 0.229111
0 0.267731 0.732389 0.216875 0.535222 0.225742
0 0.421893 0.72821 0.27204 0.542612 0.221108
0 0.595475 0.553985 0.166723 0.360299 0.218365
0 0.217333 0.47418 0.165773 0.353199 0.200444
0 0.308641 0.731026 0.277826 0.537949 0.193376
0 0.592053 0.497307 0.137984 0.281174 0.193241
0 0.37209 0.38071 0.155759 0.330185 0.164168
0 0.198133 0.615619 0.295794 0.657609 0.160863
0 0.672288 0.552662 0.111447 0.242008 0.160471
0 0.386825 0.730724 0.279825 0.536261 0.147443
0 0.404517 0.727446 0.2961 0.541886 0.146555
0 0.621341 0.809454 0.155313 0.379859 0.142193
0 0.472056 0.458444 0.137753 0.260935 0.142083
0 0.91177 0.39813 0.174338 0.465379 0.140574
0 0.440422 0.73524 0.171265 0.529521 0.137891
0 0.920831 0.380595 0.139336 0.418344 0.135201
0 0.18173 0.477257 0.247954 0.370726 0.129762
0 0.465814 0.449679 0.156354 0.240887 0.120494
0 0.80692 0.688694 0.224495 0.5238 0.114928
0 0.585856 0.515947 0.157082 0.325814 0.109891
0 0.638977 0.800054 0.222332 0.399437 0.108293
0 0.67706 0.621441 0.145902 0.37344 0.107821
0 0.616766 0.809295 0.174551 0.381411 0.10498
