0 0.372899 0.738442 0.0719039 0.11015 0.708464
0 0.709757 0.248834 0.23785 0.497669 0.679635
0 0.752782 0.949388 0.0630301 0.101225 0.677799
0 0.950347 0.916346 0.0730309 0.126155 0.660648
0 0.662239 0.837935 0.0772389 0.144662 0.648112
0 0.599115 0.828971 0.0609948 0.0962681 0.647577
0 0.371083 0.875755 0.0620407 0.122554 0.641635
0 0.406316 0.783705 0.0676981 0.12698 0.641313
0 0.477192 0.733606 0.0726473 0.103407 0.635788
0 0.291598 0.743014 0.0684561 0.095475 0.634086
0 0.670818 0.71939 0.0920916 0.150577 0.633687
0 0.476271 0.72533 0.0751375 0.123382 0.628488
0 0.637502 0.925618 0.0678679 0.119528 0.609592
0 0.552379 0.799629 0.0688463 0.115212 0.604556
0 0.662807 0.844993 0.0770473 0.123587 0.602954
0 0.193508 0.788287 0.0793608 0.162702 0.598776
0 0.0242738 0.80246 0.0485476 0.117869 0.598109
0 0.256967 0.819719 0.0648102 0.138761 0.595242
0 0.335645 0.805316 0.0600317 0.114058 0.594102
0 0.755183 0.947605 0.0657387 0.104475 0.591305
0 0.423349 0.860381 0.0641958 0.139558 0.587082
0 0.516781 0.784805 0.0517931 0.108884 0.584462
0 0.407895 0.782832 0.0733428 0.13585 0.584257
0 0.554955 0.797572 0.0655989 0.115391 0.582594
0 0.554946 0.794018 0.0653402 0.129058 0.582384
0 0.528791 0.232338 0.171373 0.464676 0.579349
0 0.599224 0.827267 0.0631205 0.103423 0.579276
0 0.477112 0.715316 0.0746763 0.146488 0.576472
0 0.698518 0.930192 0.0667179 0.116705 0.563137
0 0.924462 0.229739 0.150466 0.459477 0.556508
0 0.481458 0.84918 0.069525 0.130007 0.551016
0 0.135706 0.800812 0.0705681 0.129745 0.549022
0 0.57118 0.8852 0.0657412 0.102236 0.545972
0 0.856704 0.948513 0.0670624 0.102659 0.541259
0 0.478028 0.728538 0.0711969 0.11844 0.53273
0 0.520881 0.887262 0.063705 0.129315 0.532118
0 0.481079 0.850186 0.0734705 0.139312 0.52892
0 0.292141 0.736601 0.0666772 0.108937 0.526009
0 0.25541 0.821525 0.0625649 0.130081 0.525721
0 0.317647 0.634666 0.106532 0.161972 0.525192
0 0.54138 0.622799 0.092716 0.166173 0.523639
0 0.0744748 0.796023 0.063114 0.111997 0.517178
0 0.514684 0.785402 0.0504313 0.116003 0.515052
0 0.735989 0.846617 0.090194 0.170592 0.512242
0 0.370951 0.877413 0.0570233 0.115746 0.507313
0 0.904451 0.955546 0.0647293 0.0889084 0.505651
0 0.079923 0.406906 0.104303 0.166781 0.503927
0 0.598409 0.74603 0.0743027 0.123347 0.503237
0 0.57201 0.883452 0.0691526 0.108274 0.50159
0 0.600706 0.831144 0.0596507 0.0907352 0.49369
0 0.55595 0.781686 0.0622221 0.152011 0.493155
0 0.638758 0.923136 0.0755299 0.129906 0.490872
0 0.918552 0.831829 0.0784687 0.150067 0.489783
0 0.0222486 0.805256 0.0444973 0.10819 0.487893
0 0.855332 0.955178 0.0619566 0.0887642 0.48487
0 0.0839994 0.130259 0.159709 0.259585 0.480196
0 0.380847 0.177565 0.221376 0.355131 0.472151
0 0.292337 0.742236 0.0711946 0.10225 0.469991
0 0.0931857 0.130424 0.183828 0.260848 0.469652
0 0.422179 0.868059 0.0633784 0.126438 0.468176
0 0.134601 0.803072 0.0674507 0.121546 0.466154
0 0.783535 0.565953 0.135156 0.221535 0.461568
0 0.141738 0.508442 0.0861817 0.133043 0.460973
0 0.657634 0.580117 0.10167 0.143051 0.455129
0 0.553726 0.790084 0.070939 0.136173 0.453617
0 0.826813 0.918667 0.0636643 0.112257 0.448671
0 0.57044 0.882211 0.0596394 0.0963589 0.442814
0 0.92131 0.827325 0.0766678 0.151868 0.435952
0 0.319299 0.63484 0.0997788 0.170448 0.433331
0 0.952534 0.912662 0.0798533 0.135464 0.431886
0 0.599302 0.749074 0.0695852 0.111377 0.431423
0 0.140965 0.478885 0.110012 0.19593 0.430541
0 0.919193 0.832449 0.073773 0.140931 0.430084
0 0.518877 0.887894 0.0687235 0.136881 0.429083
0 0.200764 0.211107 0.168191 0.420917 0.423133
0 0.840592 0.767342 0.0829243 0.11214 0.422722
0 0.222374 0.61532 0.141375 0.270252 0.422462
0 0.0744514 0.794009 0.0678242 0.115496 0.422459
0 0.949847 0.917762 0.066848 0.118912 0.420758
0 0.918536 0.83824 0.0766727 0.133969 0.419503
0 0.840606 0.741472 0.0813636 0.171186 0.413636
0 0.0743945 0.79685 0.0582159 0.107126 0.41148
0 0.220791 0.619865 0.124261 0.265089 0.410837
0 0.308881 0.855645 0.0589104 0.112092 0.406782
0 0.31832 0.629412 0.116401 0.184418 0.404776
0 0.904244 0.954746 0.0710274 0.0905083 0.404124
0 0.256177 0.825383 0.071763 0.139509 0.402983
0 0.903717 0.957503 0.0610437 0.0849934 0.402591
0 0.136562 0.794486 0.0715804 0.145871 0.401035
0 0.904431 0.692578 0.131584 0.233674 0.398645
0 0.423682 0.65724 0.0886767 0.191782 0.397349
0 0.656859 0.555585 0.123555 0.205336 0.392504
0 0.0300165 0.715091 0.0600329 0.113433 0.390756
0 0.193658 0.788622 0.0713663 0.160311 0.390564
0 0.841727 0.772859 0.0809668 0.0975066 0.388457
0 0.554464 0.778723 0.0671959 0.158029 0.386862
0 0.697253 0.927575 0.0714761 0.118196 0.383264
0 0.918544 0.835224 0.0966356 0.164169 0.38289
0 0.736004 0.83654 0.0859144 0.178069 0.381819
0 0.782727 0.54657 0.175982 0.274094 0.379504
0 0.896353 0.517107 0.142229 0.213514 0.376877
0 0.698861 0.927683 0.0780933 0.134763 0.373917
0 0.196721 0.7939 0.0803262 0.160083 0.373046
0 0.120268 0.668414 0.131993 0.212675 0.367064
0 0.979826 0.968313 0.0403479 0.0633743 0.365211
0 0.915655 0.232115 0.168134 0.46423 0.357739
0 0.826323 0.913137 0.0663151 0.132069 0.353927
0 0.425081 0.664286 0.0875488 0.171111 0.349744
0 0.671904 0.718462 0.106303 0.15855 0.349269
0 0.856397 0.953042 0.0655676 0.0939158 0.347162
0 0.337312 0.799902 0.0669141 0.12691 0.346021
0 0.219342 0.624914 0.11766 0.248725 0.345746
0 0.141656 0.473081 0.123999 0.213179 0.344467
0 0.526974 0.233585 0.202329 0.467169 0.343379
0 0.826819 0.919729 0.0685962 0.120455 0.343185
0 0.121016 0.668422 0.13962 0.223664 0.343161
0 0.516212 0.781179 0.0553665 0.130538 0.342345
0 0.424776 0.63611 0.121047 0.22646 0.341829
0 0.841086 0.748371 0.0875521 0.152241 0.341078
0 0.0294811 0.714728 0.0589621 0.103295 0.34076
0 0.307168 0.857581 0.0533589 0.0992115 0.335931
0 0.555274 0.783886 0.0571394 0.154241 0.335076
0 0.0319622 0.702279 0.0639244 0.142892 0.333467
0 0.839433 0.737046 0.108972 0.175872 0.330799
0 0.0775917 0.133037 0.148208 0.266074 0.330574
0 0.0313106 0.716789 0.0626212 0.121651 0.328775
0 0.747426 0.787396 0.135082 0.291117 0.328726
0 0.832715 0.887636 0.113223 0.20522 0.325996
0 0.672608 0.721087 0.0845404 0.157233 0.325867
0 0.89394 0.499326 0.141103 0.244365 0.322624
0 0.318322 0.624648 0.127217 0.204421 0.319697
0 0.637955 0.924441 0.0589112 0.112983 0.316621
0 0.899338 0.484719 0.168286 0.279277 0.31554
0 0.0324329 0.709599 0.0648658 0.140069 0.312115
0 0.745357 0.799722 0.12149 0.26388 0.312004
0 0.74285 0.811408 0.120593 0.247113 0.309438
0 0.517477 0.890708 0.0628119 0.123808 0.308737
0 0.0744708 0.795848 0.0754234 0.123152 0.307741
0 0.919758 0.827366 0.0705566 0.144263 0.306311
0 0.597323 0.73968 0.0709692 0.133782 0.304945
0 0.975947 0.81444 0.0481056 0.158776 0.304481
0 0.976106 0.819275 0.0477881 0.14229 0.302482
0 0.921469 0.836076 0.108862 0.173086 0.302411
0 0.600576 0.823822 0.0720539 0.11673 0.298526
0 0.741611 0.827941 0.116762 0.212516 0.298269
0 0.779996 0.557034 0.145928 0.239126 0.297348
0 0.736216 0.84064 0.0825168 0.15979 0.293995
0 0.782441 0.580085 0.118022 0.205429 0.293782
0 0.783873 0.560002 0.172602 0.248911 0.293055
0 0.655572 0.547037 0.126387 0.225978 0.292515
0 0.901906 0.509365 0.17237 0.235705 0.292199
0 0.785179 0.533101 0.171998 0.295449 0.292136
0 0.423973 0.649591 0.0861111 0.19965 0.29199
0 0.662088 0.837335 0.0848814 0.14746 0.291274
0 0.844213 0.738012 0.0801849 0.18739 0.289328
0 0.908947 0.231163 0.180509 0.462326 0.289109
0 0.974624 0.816788 0.0507521 0.147252 0.288126
0 0.0802331 0.352122 0.151368 0.274274 0.287993
0 0.663382 0.859996 0.0760782 0.0925816 0.286543
0 0.482867 0.85772 0.0838345 0.153668 0.285916
0 0.574137 0.884677 0.0780842 0.113488 0.285125
0 0.424437 0.683912 0.0829393 0.122309 0.282272
0 0.350796 0.421376 0.176796 0.305096 0.281349
0 0.427486 0.629736 0.141634 0.23564 0.279485
0 0.832662 0.87741 0.120367 0.220141 0.278011
0 0.841735 0.753248 0.0770782 0.14137 0.277591
0 0.974624 0.819609 0.0507511 0.132988 0.277191
0 0.66217 0.838832 0.0988859 0.146095 0.273456
0 0.204391 0.214122 0.207151 0.42666 0.273365
0 0.259509 0.820227 0.0551515 0.137674 0.272911
0 0.902307 0.682294 0.138685 0.242385 0.270977
0 0.517601 0.78555 0.0609037 0.134596 0.270593
0 0.38413 0.174454 0.181124 0.348908 0.268908
0 0.700027 0.927231 0.0733589 0.127151 0.268581
0 0.853374 0.963422 0.0610378 0.0731552 0.268044
0 0.918254 0.836067 0.0860432 0.162447 0.262816
0 0.344747 0.430424 0.142221 0.283085 0.25964
0 0.0821519 0.124607 0.145149 0.249196 0.258292
0 0.922863 0.825274 0.066721 0.147718 0.257071
0 0.980421 0.961447 0.0391586 0.0763283 0.256711
0 0.479225 0.713819 0.0704084 0.154183 0.256185
0 0.0260233 0.807008 0.0520465 0.125178 0.254473
0 0.191303 0.788687 0.0900871 0.174489 0.25277
0 0.290017 0.729824 0.0692803 0.124675 0.252209
0 0.894872 0.463273 0.160027 0.321231 0.250509
0 0.65828 0.573293 0.100906 0.165972 0.248299
0 0.73924 0.84845 0.0911564 0.158618 0.247147
0 0.088287 0.329787 0.176574 0.321086 0.246592
0 0.97913 0.966765 0.0417398 0.0664705 0.246536
0 0.0290586 0.709103 0.0581172 0.112994 0.246071
0 0.544202 0.556182 0.172399 0.30938 0.24379
0 0.289185 0.716341 0.0684102 0.151738 0.237481
0 0.857708 0.952421 0.0722561 0.0951584 0.233637
0 0.201503 0.211711 0.184702 0.423423 0.233101
0 0.915956 0.837134 0.0983261 0.175665 0.232581
0 0.0731437 0.350031 0.14039 0.282249 0.232293
0 0.947921 0.976679 0.0511894 0.0466427 0.229286
0 0.719262 0.248555 0.315186 0.49711 0.227348
0 0.478244 0.710356 0.0954754 0.166965 0.225856
0 0.087517 0.719029 0.0610349 0.106502 0.225664
0 0.0799058 0.358688 0.137304 0.268616 0.224115
0 0.480754 0.850142 0.0637036 0.12695 0.218879
0 0.658294 0.554015 0.10028 0.212207 0.216605
0 0.348484 0.427403 0.161794 0.286342 0.216226
0 0.539853 0.582931 0.121492 0.252448 0.215308
0 0.425673 0.858541 0.0637064 0.150636 0.2116
0 0.662624 0.853034 0.0769386 0.107033 0.211553
0 0.857696 0.937941 0.0729317 0.124119 0.20999
0 0.925269 0.825322 0.0831841 0.166062 0.208588
0 0.539135 0.564067 0.135064 0.29443 0.206028
0 0.890076 0.468535 0.136705 0.304591 0.205681
0 0.142765 0.50717 0.0879978 0.151179 0.205077
0 0.422835 0.870655 0.0715314 0.133007 0.20501
0 0.424637 0.858751 0.0772956 0.157541 0.204784
0 0.604997 0.822868 0.0710966 0.114514 0.203148
0 0.928063 0.819366 0.0718464 0.163989 0.202029
0 0.0185881 0.806976 0.0371763 0.104755 0.201149
0 0.392701 0.178087 0.214655 0.356175 0.20061
0 0.310624 0.859777 0.0638121 0.118597 0.20059
0 0.977573 0.813902 0.0448534 0.145595 0.198948
0 0.370697 0.877683 0.069385 0.126392 0.198202
0 0.0413223 0.616997 0.0826447 0.315834 0.195121
0 0.540545 0.235859 0.216839 0.471718 0.192599
0 0.205044 0.23211 0.170423 0.376536 0.191962
0 0.252403 0.818711 0.058844 0.134537 0.191273
0 0.664072 0.534904 0.163091 0.2605 0.187522
0 0.216892 0.681298 0.0849054 0.118893 0.187381
0 0.554181 0.776541 0.0629723 0.167234 0.185083
0 0.67427 0.712694 0.117502 0.177352 0.183759
0 0.342641 0.430724 0.129681 0.276952 0.182779
0 0.830068 0.914606 0.0852703 0.149316 0.182652
0 0.90471 0.952722 0.0830788 0.0945553 0.180154
0 0.320909 0.615214 0.133884 0.22105 0.179671
0 0.426433 0.850712 0.0727194 0.163707 0.178929
0 0.0868067 0.715481 0.0634695 0.117147 0.178716
0 0.409492 0.782451 0.101472 0.141527 0.177187
0 0.741635 0.835969 0.115929 0.190887 0.177077
0 0.976971 0.809509 0.0460583 0.164552 0.176972
0 0.0192122 0.802612 0.0384244 0.117998 0.176458
0 0.832453 0.726685 0.118369 0.204697 0.175693
0 0.200615 0.222929 0.135891 0.401915 0.174588
0 0.551213 0.796017 0.075329 0.126948 0.172886
0 0.599424 0.731994 0.109438 0.151101 0.170483
0 0.0812475 0.402965 0.104215 0.151672 0.16846
0 0.309572 0.856286 0.0544477 0.101748 0.166335
0 0.0394973 0.629026 0.0789947 0.29755 0.166305
0 0.830095 0.903278 0.0794863 0.164931 0.165941
0 0.279076 0.718455 0.097396 0.161645 0.164855
0 0.03718 0.674365 0.07436 0.20514 0.164512
0 0.256085 0.827161 0.0658681 0.126562 0.162874
0 0.857051 0.943879 0.0690487 0.112241 0.161722
0 0.19285 0.783728 0.0631297 0.149275 0.15992
0 0.651655 0.53135 0.128287 0.250647 0.15896
0 0.134386 0.801394 0.0647904 0.112643 0.157844
0 0.680587 0.705393 0.13293 0.193287 0.156372
0 0.887076 0.491381 0.142139 0.262095 0.155754
0 0.597945 0.733443 0.0973226 0.148425 0.155536
0 0.973436 0.823126 0.0531275 0.140123 0.154739
0 0.0419241 0.600113 0.0838482 0.349996 0.154645
0 0.0374506 0.643858 0.0749012 0.26796 0.153757
0 0.0336052 0.675185 0.0672103 0.205644 0.15354
0 0.923458 0.830818 0.119598 0.188818 0.150115
0 0.902674 0.713772 0.105239 0.162947 0.149423
0 0.910647 0.64387 0.172237 0.335114 0.148907
0 0.0208412 0.806968 0.0416824 0.135516 0.147754
0 0.425612 0.621333 0.132527 0.250112 0.146442
0 0.982129 0.949731 0.0357422 0.100539 0.146385
0 0.134097 0.790955 0.094218 0.151809 0.14533
0 0.110823 0.150867 0.221645 0.301465 0.144605
0 0.948503 0.982989 0.054351 0.0340057 0.144449
0 0.137815 0.465943 0.117554 0.228714 0.143656
0 0.532497 0.56226 0.136179 0.295162 0.143206
0 0.947928 0.981691 0.0515381 0.036619 0.142638
0 0.913934 0.629952 0.166776 0.355754 0.141733
0 0.341254 0.438476 0.137693 0.27567 0.141407
0 0.141146 0.49037 0.081403 0.1843 0.140184
0 0.599432 0.740609 0.0844106 0.135662 0.139169
0 0.19911 0.246851 0.139331 0.341378 0.139108
0 0.904832 0.700852 0.105687 0.198384 0.13858
0 0.370255 0.875323 0.0740048 0.136142 0.138023
0 0.902489 0.706519 0.102224 0.183117 0.137882
0 0.554599 0.780702 0.0502567 0.146673 0.13762
0 0.333651 0.478314 0.107336 0.19839 0.137386
0 0.738521 0.847616 0.095182 0.183908 0.137139
0 0.842424 0.738653 0.0741365 0.170899 0.136673
0 0.429707 0.610298 0.150294 0.27403 0.136434
0 0.0366257 0.59985 0.0732514 0.355126 0.136212
0 0.833927 0.925747 0.0959484 0.148244 0.13394
0 0.973041 0.80011 0.0527664 0.20991 0.13263
0 0.542856 0.573939 0.146423 0.280005 0.132243
0 0.0867004 0.316625 0.171817 0.33087 0.130421
0 0.91646 0.839758 0.0815311 0.142448 0.13021
0 0.217333 0.671347 0.0854026 0.149665 0.129537
0 0.843424 0.725601 0.125702 0.197151 0.128932
0 0.743095 0.841878 0.122267 0.194155 0.128844
0 0.90027 0.95937 0.0884418 0.0812609 0.128765
0 0.370596 0.173469 0.1743 0.346938 0.128196
0 0.0145968 0.530854 0.0288473 0.0910368 0.127724
0 0.830999 0.863567 0.127545 0.246142 0.127108
0 0.661663 0.840844 0.102956 0.167826 0.125433
