0 0.525935 0.257438 0.694421 0.200826 0.4843
0 0.556398 0.450077 0.769445 0.162449 0.44879
0 0.526035 0.261974 0.684144 0.180427 0.433113
0 0.593525 0.44989 0.719922 0.149997 0.41394
0 0.525145 0.454697 0.71517 0.193244 0.404576
0 0.571256 0.445005 0.822571 0.185105 0.395291
0 0.565269 0.45648 0.798327 0.18854 0.389522
0 0.550501 0.458108 0.770199 0.166107 0.381515
0 0.523473 0.44199 0.720406 0.178554 0.380916
0 0.53045 0.840642 0.803334 0.189174 0.369716
0 0.654335 0.61532 0.553205 0.196918 0.357339
0 0.65761 0.449652 0.589413 0.143738 0.352228
0 0.473639 0.439779 0.624597 0.169969 0.339668
0 0.253504 0.611699 0.171259 0.11819 0.329508
0 0.669393 0.615032 0.546567 0.179956 0.327067
0 0.251405 0.62018 0.167738 0.137135 0.324096
0 0.463383 0.836393 0.640916 0.200197 0.323885
0 0.576346 0.455794 0.753045 0.157086 0.318915
0 0.420264 0.8328 0.551999 0.201075 0.318174
0 0.534382 0.832891 0.793623 0.170782 0.299203
0 0.709335 0.789614 0.464323 0.0861887 0.293472
0 0.580628 0.260298 0.740318 0.195342 0.26687
0 0.530202 0.850358 0.808111 0.238342 0.263758
0 0.688675 0.787788 0.513322 0.0836002 0.249489
0 0.555285 0.851585 0.837284 0.253896 0.246023
0 0.591411 0.615266 0.679744 0.201575 0.237311
0 0.66406 0.631694 0.57257 0.196586 0.228926
0 0.431652 0.447367 0.544173 0.175591 0.227785
0 0.63642 0.452724 0.634479 0.147158 0.226803
0 0.46277 0.454651 0.593722 0.184541 0.225374
0 0.463331 0.262988 0.555078 0.199183 0.207091
0 0.677623 0.845241 0.511615 0.0809483 0.188028
0 0.665536 0.61087 0.561115 0.165475 0.175824
0 0.605116 0.119393 0.767223 0.201124 0.169658
0 0.582961 0.105919 0.697038 0.185706 0.158948
0 0.593563 0.112436 0.792818 0.222029 0.158016
0 0.631239 0.619811 0.604436 0.231167 0.157266
0 0.259395 0.612431 0.157708 0.101073 0.155639
0 0.599151 0.107255 0.745222 0.195316 0.154237
0 0.698989 0.848645 0.464211 0.0853107 0.149816
0 0.597131 0.0554301 0.764835 0.11086 0.147741
0 0.487887 0.721301 0.203782 0.0814084 0.146892
0 0.248195 0.628377 0.183761 0.166022 0.138956
0 0.0449318 0.345422 0.0860202 0.688627 0.138318
0 0.652955 0.636099 0.566684 0.217797 0.132387
0 0.396646 0.829342 0.506759 0.208849 0.131469
0 0.0525829 0.366804 0.102416 0.733608 0.126984
0 0.537175 0.950836 0.756413 0.0983287 0.12157
0 0.624816 0.839856 0.639043 0.154193 0.118111
0 0.492785 0.847106 0.707396 0.234706 0.115867
0 0.656585 0.849109 0.581723 0.130607 0.103758
0 0.668106 0.644662 0.556276 0.204819 0.103449
0 0.738813 0.78855 0.411413 0.0833235 0.101575
