0 0.310181 0.833925 0.620362 0.291419 0.566684
0 0.458182 0.627638 0.916364 0.577426 0.446743
0 0.316595 0.819124 0.63319 0.325991 0.403506
0 0.422077 0.643158 0.844154 0.691527 0.380596
0 0.407126 0.593226 0.814252 0.364108 0.351092
0 0.469685 0.588003 0.93937 0.51718 0.322252
0 0.773998 0.520008 0.452005 0.260595 0.253884
0 0.43701 0.589285 0.874021 0.379521 0.237007
0 0.351993 0.626739 0.703987 0.433909 0.227502
0 0.329237 0.678027 0.658475 0.623994 0.195608
0 0.381862 0.64321 0.763724 0.71358 0.194125
0 0.671665 0.515825 0.656669 0.265702 0.189079
0 0.46771 0.630201 0.935419 0.690671 0.188946
0 0.517776 0.617329 0.914184 0.700244 0.140174
0 0.521192 0.637063 0.934657 0.635067 0.125367
0 0.577272 0.529704 0.835361 0.351833 0.124864
0 0.73089 0.51751 0.53822 0.285855 0.11911
