0 0.714023 0.405947 0.21822 0.505547 0.587934
0 0.719196 0.440572 0.197981 0.569178 0.508835
0 0.721097 0.424476 0.176518 0.535892 0.492894
0 0.710427 0.423666 0.232677 0.543845 0.434432
0 0.595237 0.189102 0.333242 0.0936796 0.315268
0 0.269393 0.865721 0.106972 0.184483 0.287338
0 0.271148 0.863554 0.117504 0.196186 0.275064
0 0.599188 0.18872 0.33639 0.0847237 0.238856
0 0.594944 0.189716 0.33834 0.105539 0.220074
0 0.271594 0.866909 0.122985 0.210713 0.213495
0 0.731468 0.410429 0.14545 0.498024 0.20733
0 0.707349 0.418614 0.211016 0.530022 0.198407
0 0.609215 0.188305 0.361504 0.0757703 0.122769
