0 0.573515 0.66857 0.852245 0.402037 0.49013
0 0.59372 0.294395 0.807627 0.31732 0.488219
0 0.576871 0.655174 0.846259 0.370149 0.440899
0 0.594438 0.263048 0.810489 0.372006 0.422401
0 0.565083 0.722196 0.869833 0.516291 0.405323
0 0.813807 0.759933 0.372386 0.480135 0.361215
0 0.616004 0.238169 0.76298 0.422592 0.355392
0 0.759607 0.727625 0.47697 0.54475 0.340067
0 0.572075 0.694236 0.85585 0.439806 0.305229
0 0.806203 0.733773 0.386815 0.532337 0.298273
0 0.780412 0.750989 0.439177 0.498021 0.29696
0 0.590158 0.68838 0.819685 0.414209 0.290207
0 0.747654 0.226157 0.502468 0.443853 0.285624
0 0.432604 0.22349 0.48626 0.382045 0.274125
0 0.78463 0.220057 0.428603 0.436727 0.25675
0 0.574555 0.658655 0.796911 0.348475 0.248773
0 0.520564 0.236221 0.665853 0.362318 0.208132
0 0.566327 0.689344 0.801986 0.391012 0.188306
0 0.394276 0.218213 0.421888 0.387313 0.183143
0 0.578224 0.24492 0.787272 0.365457 0.182444
0 0.71899 0.724372 0.562019 0.551256 0.170914
0 0.590147 0.281496 0.814047 0.353005 0.152322
0 0.591469 0.313143 0.808778 0.307651 0.126087
0 0.569263 0.226855 0.764927 0.380093 0.107405
0 0.0601785 0.485099 0.117374 0.96498 0.100061
