0 0.685113 0.577877 0.350903 0.844247 0.605711
0 0.25469 0.558876 0.209872 0.882247 0.357599
0 0.266726 0.556831 0.255099 0.886338 0.341153
0 0.648194 0.576762 0.396412 0.846476 0.321067
0 0.237436 0.553606 0.265321 0.892787 0.22533
0 0.69499 0.60698 0.361668 0.778498 0.205286
0 0.321244 0.559379 0.354357 0.881243 0.17132
0 0.264414 0.55613 0.338068 0.88774 0.152542
0 0.28205 0.559839 0.259581 0.880322 0.148495
0 0.666088 0.575324 0.359983 0.849352 0.143336
0 0.214141 0.54663 0.330696 0.906739 0.120142
