0 0.385704 0.509703 0.771407 0.977267 0.421395
0 0.468059 0.524754 0.624014 0.950492 0.301154
0 0.827901 0.655289 0.30428 0.170752 0.261173
0 0.43008 0.508711 0.86016 0.976797 0.236124
0 0.816399 0.661712 0.325805 0.183607 0.187477
0 0.633386 0.703172 0.724238 0.356002 0.164426
0 0.827732 0.664143 0.311859 0.160382 0.14556
0 0.669959 0.830393 0.260648 0.160207 0.145345
0 0.763569 0.656963 0.461368 0.25631 0.123476
0 0.499891 0.511615 0.639674 0.97677 0.123133
0 0.922538 0.784772 0.0692318 0.0823002 0.120049
0 0.584196 0.528044 0.648832 0.943913 0.119104
0 0.76442 0.655901 0.467441 0.227031 0.109557
0 0.608354 0.62864 0.775217 0.416355 0.105269
0 0.744319 0.66373 0.506993 0.244193 0.104694
