0 0.488987 0.503231 0.964711 0.993538 0.599984
0 0.489209 0.460525 0.941372 0.921051 0.508596
0 0.531277 0.444052 0.933868 0.887959 0.411246
0 0.548593 0.501202 0.902815 0.973704 0.4083
0 0.517367 0.531944 0.94869 0.932866 0.359844
0 0.451948 0.488747 0.90065 0.977494 0.254316
0 0.451996 0.691901 0.903991 0.540245 0.24642
0 0.545139 0.560021 0.900072 0.865062 0.176805
0 0.551895 0.399331 0.883673 0.787825 0.167962
0 0.416715 0.72354 0.833429 0.495698 0.167225
0 0.476181 0.336396 0.952361 0.672792 0.162607
0 0.477902 0.614158 0.955804 0.711088 0.118456
