0 0.251953 0.305118 0.0639757 0.331513 0.577748
0 0.485635 0.298765 0.0624348 0.307746 0.5732
0 0.88836 0.550279 0.217104 0.834236 0.464801
0 0.903138 0.550505 0.190102 0.853466 0.447879
0 0.730262 0.552119 0.229475 0.864636 0.439295
0 0.865349 0.562722 0.263926 0.850692 0.431185
0 0.895462 0.495332 0.170151 0.736709 0.407792
0 0.746865 0.546582 0.267565 0.850531 0.399239
0 0.77064 0.551362 0.282183 0.856697 0.39529
0 0.896217 0.524928 0.18267 0.809106 0.385946
0 0.250641 0.294731 0.0590134 0.313146 0.341173
0 0.732255 0.517231 0.208145 0.800064 0.317712
0 0.253917 0.320684 0.0632261 0.373357 0.314644
0 0.444535 0.307494 0.0474848 0.303134 0.262142
0 0.486352 0.303729 0.0647398 0.335479 0.261486
0 0.147129 0.0721232 0.0384457 0.144246 0.244977
0 0.816 0.555204 0.35293 0.846012 0.221276
0 0.674388 0.0899384 0.142382 0.179877 0.219433
0 0.145966 0.0728957 0.0377468 0.145791 0.219384
0 0.678507 0.0678479 0.13043 0.135696 0.218903
0 0.0666617 0.47709 0.131606 0.943476 0.215507
0 0.88856 0.378322 0.160186 0.511051 0.210914
0 0.087861 0.852906 0.175722 0.293888 0.209936
0 0.059576 0.488887 0.116155 0.975362 0.206601
0 0.146904 0.0686008 0.0360893 0.137202 0.205816
0 0.667955 0.0943717 0.156239 0.188743 0.202956
0 0.485388 0.278419 0.0617539 0.260947 0.188739
0 0.251911 0.241589 0.0586092 0.216198 0.188687
0 0.147455 0.0610167 0.0389626 0.122033 0.186969
0 0.249796 0.23974 0.0555384 0.204606 0.184539
0 0.672875 0.0702198 0.145848 0.14044 0.174393
0 0.443101 0.285771 0.0485752 0.26134 0.170795
0 0.448618 0.271406 0.0496517 0.243084 0.169137
0 0.0722696 0.393519 0.143288 0.787037 0.167936
0 0.890488 0.391595 0.170953 0.553328 0.167911
0 0.0821172 0.481173 0.164234 0.955419 0.165279
0 0.15865 0.784639 0.3173 0.430723 0.164133
0 0.0752056 0.442149 0.150411 0.882506 0.164106
0 0.662988 0.11237 0.170574 0.224739 0.16096
0 0.733423 0.479534 0.203611 0.721132 0.160495
0 0.169391 0.791686 0.338782 0.415323 0.15949
0 0.0679597 0.361293 0.13355 0.721345 0.157807
0 0.548143 0.520183 0.0962787 0.38892 0.156862
0 0.681578 0.0616034 0.126301 0.123207 0.152372
0 0.59604 0.299621 0.0405729 0.217325 0.151682
0 0.550365 0.523686 0.108484 0.402357 0.147185
0 0.677812 0.0595494 0.13924 0.119099 0.132719
0 0.146007 0.828425 0.292013 0.34315 0.128468
0 0.67545 0.104525 0.175159 0.20905 0.12505
0 0.390619 0.281661 0.0493343 0.236846 0.121378
0 0.665445 0.129208 0.178788 0.258205 0.118024
0 0.486777 0.275197 0.0548143 0.259715 0.117258
0 0.0792416 0.396156 0.158483 0.792311 0.11306
0 0.543535 0.52339 0.079142 0.397153 0.105786
0 0.0748022 0.35609 0.149604 0.712181 0.105759
