0 0.522586 0.500539 0.254954 0.998921 0.316879
0 0.536362 0.468339 0.292547 0.931274 0.259498
0 0.564033 0.5 0.325703 1 0.251637
0 0.498344 0.501279 0.201315 0.997441 0.236201
0 0.555507 0.480862 0.292592 0.961725 0.219955
0 0.585152 0.347226 0.212721 0.69144 0.192452
0 0.503218 0.469165 0.217916 0.931624 0.163588
0 0.601831 0.5 0.269335 1 0.16156
0 0.582272 0.27693 0.19988 0.552405 0.161095
0 0.592693 0.487823 0.228419 0.972822 0.130536
0 0.562454 0.33641 0.255761 0.668046 0.120427
0 0.582112 0.415317 0.229268 0.825883 0.114169
0 0.593881 0.274828 0.143341 0.549657 0.11331
0 0.555096 0.38182 0.278938 0.759723 0.111
