0 0.853534 0.649329 0.292932 0.696668 0.362554
0 0.851689 0.614509 0.296621 0.761284 0.342369
0 0.867042 0.614479 0.265916 0.765573 0.251205
0 0.863624 0.648605 0.266902 0.69249 0.240233
0 0.214237 0.486152 0.425858 0.970059 0.1737
0 0.818206 0.643354 0.363587 0.711845 0.155781
0 0.460709 0.48038 0.921419 0.96076 0.146061
0 0.495384 0.503616 0.812836 0.988453 0.144626
0 0.816188 0.589699 0.367625 0.808865 0.138464
0 0.389908 0.4832 0.779815 0.965459 0.1328
0 0.276077 0.48594 0.552155 0.971209 0.110482
0 0.465444 0.530883 0.668384 0.933262 0.103153
