0 0.657257 0.260011 0.685485 0.520021 0.470915
0 0.566867 0.436947 0.866265 0.873894 0.447863
0 0.663821 0.336474 0.672358 0.672948 0.410119
0 0.419494 0.480311 0.822917 0.960622 0.39991
0 0.353771 0.484008 0.707543 0.968015 0.396964
0 0.554029 0.365811 0.890242 0.731621 0.318329
0 0.630622 0.48706 0.738756 0.97412 0.311825
0 0.436214 0.490089 0.606824 0.980023 0.301789
0 0.715774 0.249666 0.568452 0.499333 0.217989
0 0.389756 0.503505 0.750436 0.990731 0.202694
0 0.372822 0.435432 0.745644 0.8677 0.187985
0 0.285177 0.482331 0.570353 0.964358 0.120124
