0 0.827999 0.477382 0.263899 0.940129 0.560804
0 0.823944 0.392152 0.258491 0.776837 0.52612
0 0.822517 0.456622 0.289054 0.910433 0.389952
0 0.821203 0.496564 0.325307 0.98057 0.376957
0 0.832867 0.375568 0.263272 0.748601 0.339924
0 0.149284 0.651402 0.283894 0.408639 0.339349
0 0.565914 0.348798 0.305794 0.692176 0.311998
0 0.546872 0.448641 0.421589 0.894924 0.278497
0 0.11308 0.456609 0.201515 0.882936 0.275307
0 0.156185 0.495737 0.29465 0.732226 0.27345
0 0.102212 0.477399 0.198576 0.899749 0.271732
0 0.562576 0.367689 0.351527 0.734205 0.24706
0 0.122255 0.48114 0.215764 0.761595 0.215574
0 0.833407 0.379457 0.295166 0.756969 0.164399
0 0.964022 0.495525 0.0711685 0.99105 0.162227
0 0.550716 0.354377 0.331886 0.706262 0.133351
0 0.512295 0.351289 0.357211 0.696319 0.131473
0 0.153711 0.607095 0.286837 0.508191 0.129112
0 0.164812 0.478284 0.302454 0.773806 0.125019
0 0.961602 0.509658 0.0767952 0.980684 0.115648
0 0.318674 0.31284 0.30311 0.583108 0.115461
0 0.979293 0.315426 0.0406582 0.494645 0.112882
0 0.109094 0.495678 0.20049 0.774841 0.112575
0 0.952893 0.508589 0.0942148 0.955961 0.111825
0 0.531526 0.348785 0.282447 0.697569 0.104253
