0 0.233986 0.764172 0.225684 0.469778 0.674516
0 0.551524 0.863204 0.0365152 0.193146 0.621024
0 0.795706 0.616084 0.258531 0.755226 0.590679
0 0.551601 0.863879 0.03293 0.19111 0.476154
0 0.58128 0.861309 0.0348513 0.19113 0.475283
0 0.792282 0.600244 0.237805 0.710048 0.440101
0 0.55283 0.867067 0.0401196 0.175179 0.438002
0 0.55389 0.863533 0.0368454 0.187413 0.418567
0 0.583755 0.8595 0.0462214 0.192586 0.390825
0 0.55639 0.859586 0.0491497 0.193333 0.38139
0 0.789601 0.617496 0.283306 0.765007 0.379893
0 0.559701 0.859661 0.05811 0.192702 0.366305
0 0.581774 0.859163 0.0554568 0.193859 0.359039
0 0.76386 0.618908 0.347317 0.758842 0.345901
0 0.785584 0.590703 0.217637 0.699048 0.291821
0 0.178335 0.499701 0.354423 0.992598 0.290333
0 0.251882 0.772722 0.160315 0.454043 0.268496
0 0.214381 0.76705 0.201634 0.45613 0.239558
0 0.268676 0.495773 0.537352 0.982656 0.238238
0 0.552743 0.859522 0.0310444 0.181899 0.203474
0 0.196067 0.765318 0.150023 0.461023 0.200906
0 0.211923 0.767483 0.175334 0.46001 0.186318
0 0.809341 0.600155 0.280511 0.717295 0.176819
0 0.582236 0.860414 0.0393104 0.188544 0.164756
0 0.194351 0.766843 0.167126 0.459619 0.160208
0 0.552095 0.843238 0.0341508 0.150635 0.153408
0 0.516313 0.821183 0.0465317 0.149814 0.151188
0 0.219714 0.464505 0.439428 0.927634 0.148534
0 0.0940739 0.831738 0.107058 0.331612 0.146511
0 0.0234518 0.796082 0.0469037 0.406668 0.144998
0 0.516256 0.821005 0.0363134 0.147712 0.136609
0 0.776167 0.480013 0.193806 0.457546 0.127368
0 0.789155 0.519676 0.201222 0.514001 0.123029
0 0.023843 0.751615 0.047686 0.496769 0.120791
0 0.10024 0.832764 0.0990263 0.326142 0.119914
0 0.273618 0.773141 0.127994 0.453717 0.118959
0 0.783209 0.494228 0.200887 0.474583 0.118875
0 0.584199 0.865719 0.0381948 0.186729 0.117567
0 0.553584 0.852258 0.0309786 0.172133 0.10855
0 0.514575 0.823271 0.0491416 0.157344 0.104887
0 0.887283 0.303794 0.225433 0.604052 0.10285
