0 0.371942 0.480092 0.460643 0.918415 0.589455
0 0.377948 0.512025 0.481051 0.975951 0.580104
0 0.457084 0.523143 0.64001 0.953714 0.299693
0 0.563692 0.527397 0.872616 0.930953 0.262836
0 0.506497 0.526471 0.927395 0.915832 0.246138
0 0.532828 0.578222 0.934345 0.795945 0.165999
0 0.546209 0.763269 0.901246 0.440619 0.161047
0 0.544205 0.675084 0.909432 0.615915 0.142889
0 0.461688 0.84974 0.913032 0.30052 0.131192
0 0.534293 0.656823 0.931414 0.668361 0.130271
0 0.368752 0.444109 0.446856 0.856541 0.109048
0 0.439916 0.858735 0.879833 0.28253 0.105604
