0 0.688247 0.262064 0.410368 0.104434 0.804662
0 0.640478 0.069916 0.396703 0.100918 0.763692
0 0.647354 0.0743694 0.385604 0.0944197 0.731336
0 0.660869 0.074174 0.387017 0.0909349 0.688983
0 0.722575 0.754411 0.423052 0.0889003 0.675261
0 0.725088 0.473655 0.449836 0.109914 0.660024
0 0.722298 0.46429 0.449659 0.118482 0.653682
0 0.68813 0.372566 0.405507 0.0937713 0.64798
0 0.674339 0.832386 0.320449 0.0909914 0.643769
0 0.722902 0.473503 0.443293 0.137484 0.620362
0 0.711156 0.743068 0.401956 0.120022 0.618657
0 0.703849 0.364685 0.409004 0.108334 0.611303
0 0.692165 0.919339 0.380561 0.0993862 0.589572
0 0.724959 0.175898 0.509804 0.0976899 0.586961
0 0.714297 0.373247 0.391176 0.0896858 0.586453
0 0.697781 0.258029 0.413091 0.106324 0.583553
0 0.706899 0.921737 0.364457 0.0934876 0.552083
0 0.72427 0.749639 0.417146 0.0914705 0.551509
0 0.716537 0.169837 0.528393 0.106844 0.521132
0 0.689568 0.923561 0.390178 0.0948168 0.513425
0 0.703179 0.358162 0.416171 0.107609 0.475772
0 0.722825 0.163973 0.485927 0.107728 0.460842
0 0.704237 0.73621 0.415063 0.133631 0.457289
0 0.69208 0.568985 0.335841 0.0951862 0.450451
0 0.745106 0.169397 0.509789 0.107607 0.44522
0 0.746865 0.17705 0.506269 0.0965762 0.439223
0 0.693904 0.164474 0.450223 0.111666 0.434649
0 0.671923 0.629946 0.352774 0.0656393 0.422005
0 0.650889 0.0697232 0.382183 0.127259 0.419068
0 0.717177 0.686535 0.356439 0.0746847 0.415358
0 0.67799 0.374914 0.429869 0.0887225 0.409295
0 0.698187 0.630313 0.295932 0.0668039 0.405028
0 0.698334 0.922902 0.392102 0.0845213 0.3832
0 0.721748 0.167459 0.503292 0.124231 0.362198
0 0.54062 0.272936 0.0990298 0.0468737 0.361556
0 0.67625 0.836195 0.314135 0.08433 0.346454
0 0.691381 0.68579 0.338647 0.0747828 0.339902
0 0.711255 0.568454 0.371461 0.0886212 0.337838
0 0.714054 0.730607 0.41322 0.138583 0.325271
0 0.684179 0.569609 0.34354 0.0872269 0.322232
0 0.718469 0.757511 0.400146 0.0841391 0.295692
0 0.711163 0.743446 0.432794 0.0995566 0.279072
0 0.438915 0.54132 0.877831 0.149569 0.276244
0 0.724997 0.169786 0.476328 0.104249 0.272865
0 0.458042 0.952697 0.855642 0.0946058 0.267732
0 0.701563 0.941525 0.379816 0.11695 0.265749
0 0.678929 0.833953 0.329606 0.102795 0.252881
0 0.725384 0.485001 0.455381 0.135535 0.244138
0 0.469175 0.539229 0.936821 0.14336 0.243497
0 0.381281 0.539544 0.760904 0.170812 0.240518
0 0.457115 0.840334 0.913185 0.172488 0.234299
0 0.720233 0.175305 0.463805 0.092673 0.231541
0 0.642634 0.974032 0.552025 0.0519352 0.21998
0 0.544329 0.273339 0.107194 0.0484417 0.218575
0 0.682183 0.265428 0.411753 0.119189 0.21802
0 0.701501 0.75672 0.360242 0.0834833 0.213737
0 0.734688 0.479586 0.462107 0.111917 0.21304
0 0.703282 0.570644 0.349535 0.084385 0.21288
0 0.143872 0.975988 0.283163 0.0480236 0.210154
0 0.706723 0.727109 0.42179 0.150044 0.201727
0 0.555066 0.440891 0.0907827 0.0448165 0.187425
0 0.481645 0.845917 0.892357 0.157677 0.178218
0 0.551045 0.441942 0.0851514 0.0459518 0.170809
0 0.598731 0.944168 0.592423 0.111663 0.170341
0 0.450476 0.823887 0.900099 0.256058 0.166759
0 0.648087 0.973916 0.630901 0.0521677 0.165874
0 0.320075 0.538562 0.639871 0.167954 0.163032
0 0.694277 0.593233 0.372212 0.13186 0.159338
0 0.545999 0.974467 0.606339 0.0510654 0.151583
0 0.436872 0.509834 0.873743 0.212036 0.150939
0 0.66125 0.754535 0.282973 0.0851431 0.149214
0 0.474626 0.975752 0.601164 0.0484954 0.148285
0 0.706699 0.919251 0.371715 0.0795996 0.146094
0 0.701642 0.349409 0.405002 0.0996627 0.145852
0 0.450862 0.646695 0.894623 0.133845 0.145125
0 0.443271 0.976017 0.610096 0.047965 0.141795
0 0.639133 0.0751949 0.388651 0.100875 0.14095
0 0.543647 0.27406 0.103097 0.0547462 0.140232
0 0.693346 0.844167 0.368576 0.115928 0.139123
0 0.649358 0.0327414 0.383731 0.0639605 0.137163
0 0.13974 0.967435 0.27948 0.0649052 0.135505
0 0.70801 0.438981 0.407383 0.069727 0.135394
0 0.747263 0.472045 0.488018 0.121841 0.134503
0 0.715764 0.476954 0.45573 0.154106 0.131064
0 0.675105 0.631826 0.350101 0.0727524 0.129285
0 0.571674 0.380675 0.0756048 0.0328287 0.127832
0 0.15674 0.976488 0.310649 0.0470243 0.126344
0 0.680791 0.260422 0.388743 0.0950622 0.12323
0 0.66915 0.0758721 0.430684 0.0942256 0.121189
0 0.458694 0.959747 0.630092 0.0805066 0.118539
0 0.68895 0.37458 0.419921 0.0823295 0.118372
0 0.702282 0.632296 0.296263 0.0569301 0.118344
0 0.46747 0.494409 0.934939 0.216097 0.117402
0 0.682143 0.974872 0.463245 0.0502558 0.11661
0 0.53841 0.272953 0.0984329 0.0546815 0.114777
0 0.143934 0.973346 0.287868 0.0531052 0.114023
0 0.603543 0.974384 0.653645 0.0512309 0.112909
0 0.571398 0.382299 0.0776325 0.0387077 0.112606
0 0.739769 0.16741 0.450308 0.108378 0.110287
0 0.362505 0.520123 0.723477 0.242068 0.109707
0 0.42253 0.836188 0.84506 0.196617 0.108613
0 0.722904 0.456141 0.439954 0.100735 0.10782
0 0.426558 0.959286 0.634574 0.0814287 0.107011
0 0.714627 0.454722 0.457715 0.111194 0.105733
0 0.455406 0.757472 0.900793 0.125162 0.105174
0 0.138053 0.963174 0.276107 0.0732235 0.104576
0 0.268672 0.549927 0.537343 0.119533 0.10422
0 0.514617 0.9747 0.632659 0.0505995 0.101939
