0 0.332737 0.347072 0.442995 0.136895 0.723795
0 0.350999 0.342763 0.457146 0.121029 0.625883
0 0.368719 0.230569 0.429744 0.123003 0.616371
0 0.413311 0.680244 0.431328 0.0892004 0.58648
0 0.425833 0.505697 0.549035 0.137939 0.547059
0 0.393526 0.680763 0.395978 0.0926833 0.537274
0 0.429121 0.606335 0.51816 0.0879322 0.496348
0 0.404386 0.676001 0.429122 0.0901562 0.489242
0 0.369788 0.230215 0.436483 0.140472 0.460318
0 0.522904 0.0963528 0.671756 0.147737 0.448853
0 0.429267 0.93788 0.558554 0.12424 0.442504
0 0.812252 0.525319 0.173613 0.710149 0.43697
0 0.567376 0.097026 0.790548 0.156638 0.421368
0 0.425271 0.962564 0.52541 0.0739967 0.406323
0 0.357354 0.237215 0.422521 0.132038 0.405322
0 0.421898 0.944634 0.552593 0.110732 0.402125
0 0.348384 0.349728 0.441719 0.152967 0.39714
0 0.471667 0.0947056 0.567401 0.146484 0.392912
0 0.405242 0.525767 0.515626 0.102751 0.382407
0 0.527552 0.682432 0.186743 0.0893753 0.381045
0 0.39102 0.673938 0.404655 0.0855872 0.380619
0 0.417388 0.508389 0.556685 0.156041 0.371747
0 0.427196 0.605066 0.527952 0.0964201 0.36874
0 0.565909 0.333241 0.229874 0.0980983 0.346728
0 0.59011 0.0946573 0.81978 0.165423 0.344176
0 0.43719 0.963969 0.489222 0.0720612 0.340333
0 0.368507 0.679255 0.334986 0.0909974 0.340304
0 0.409741 0.521145 0.523524 0.105959 0.330857
0 0.52672 0.777547 0.352401 0.104389 0.319243
0 0.42851 0.970597 0.512858 0.0588053 0.312435
0 0.430814 0.913756 0.560111 0.165405 0.29665
0 0.419939 0.608632 0.529293 0.108338 0.289017
0 0.522073 0.778941 0.343445 0.0955507 0.288146
0 0.417854 0.972351 0.541775 0.055298 0.268779
0 0.345949 0.229967 0.448527 0.146382 0.268646
0 0.367852 0.241414 0.425194 0.102701 0.265187
0 0.516749 0.681689 0.214275 0.0895201 0.25585
0 0.512052 0.333433 0.349924 0.0999995 0.254211
0 0.495413 0.331911 0.39511 0.10316 0.250025
0 0.511817 0.779202 0.318388 0.0923682 0.250016
0 0.532083 0.684159 0.200766 0.0873065 0.249432
0 0.352777 0.224625 0.458326 0.127078 0.237241
0 0.546125 0.332451 0.284934 0.100999 0.233308
0 0.420248 0.475341 0.551282 0.1302 0.231093
0 0.410115 0.468045 0.535099 0.119942 0.22841
0 0.451075 0.964673 0.46029 0.070654 0.226745
0 0.446687 0.962269 0.559727 0.0754627 0.222872
0 0.403875 0.601729 0.497322 0.0919807 0.220211
0 0.363456 0.23769 0.430975 0.114021 0.218083
0 0.430874 0.671462 0.513079 0.152382 0.199386
0 0.449555 0.610603 0.509065 0.0819997 0.198173
0 0.324337 0.347618 0.471606 0.129919 0.193059
0 0.399575 0.527771 0.502021 0.0945512 0.190085
0 0.427684 0.961723 0.63902 0.0765542 0.187218
0 0.455672 0.969829 0.454923 0.0603411 0.186933
0 0.447736 0.972198 0.564976 0.0556043 0.185471
0 0.513258 0.779247 0.328524 0.103399 0.175772
0 0.528827 0.679546 0.20162 0.0967522 0.171434
0 0.417015 0.480158 0.568882 0.14301 0.169364
0 0.4405 0.973085 0.62245 0.0538294 0.163384
0 0.521501 0.676781 0.185989 0.088418 0.163148
0 0.422676 0.665469 0.513931 0.166806 0.16093
0 0.412055 0.469709 0.564305 0.133137 0.159964
0 0.376378 0.676754 0.357376 0.0796273 0.157353
0 0.11205 0.207704 0.222954 0.415408 0.157166
0 0.457131 0.609589 0.4666 0.080237 0.15581
0 0.352425 0.33396 0.459347 0.119797 0.154222
0 0.572063 0.333193 0.225871 0.105455 0.151244
0 0.34406 0.355738 0.453295 0.170595 0.138476
0 0.431749 0.692718 0.482465 0.117115 0.135943
0 0.111619 0.23895 0.222038 0.4779 0.134786
0 0.365505 0.22287 0.438917 0.120691 0.133406
0 0.524866 0.677986 0.164019 0.0941105 0.133101
0 0.38994 0.599889 0.469026 0.0876623 0.131519
0 0.572281 0.094666 0.787647 0.178564 0.125918
0 0.45404 0.433769 0.463322 0.10243 0.117625
0 0.592093 0.0855411 0.814648 0.166838 0.116698
0 0.392261 0.700628 0.353536 0.0986776 0.114988
0 0.603217 0.531732 0.166462 0.0758847 0.111681
0 0.417582 0.500285 0.542637 0.169345 0.111161
0 0.441237 0.428624 0.505183 0.0929651 0.109247
0 0.411252 0.690654 0.406623 0.117141 0.10792
0 0.427213 0.491421 0.51331 0.0821175 0.106892
0 0.112886 0.157438 0.225773 0.309277 0.106648
0 0.404007 0.900685 0.504381 0.0959137 0.100666
0 0.385859 0.527931 0.474538 0.0887331 0.10018
