0 0.701884 0.219089 0.356697 0.122203 0.555932
0 0.667586 0.628175 0.32073 0.0898823 0.533733
0 0.635443 0.498394 0.262608 0.086152 0.522271
0 0.627564 0.566539 0.258995 0.0703138 0.491185
0 0.675203 0.627874 0.338787 0.0846427 0.487454
0 0.675334 0.954648 0.432628 0.090703 0.476528
0 0.630986 0.5651 0.247697 0.0753769 0.457932
0 0.635682 0.496003 0.278832 0.0863948 0.416622
0 0.631937 0.562542 0.249267 0.0833319 0.410901
0 0.63654 0.761038 0.227535 0.0700673 0.398849
0 0.631685 0.714104 0.215539 0.0541149 0.367876
0 0.647824 0.631885 0.286925 0.090987 0.357765
0 0.600321 0.500877 0.197113 0.071953 0.353168
0 0.699622 0.222518 0.378825 0.141706 0.346944
0 0.629922 0.711928 0.224452 0.0611061 0.332775
0 0.62963 0.496151 0.262109 0.0746038 0.330947
0 0.689184 0.56755 0.134507 0.0421638 0.327436
0 0.571819 0.448778 0.0845038 0.0184804 0.285141
0 0.567877 0.448625 0.0922092 0.0189119 0.283189
0 0.687271 0.569073 0.139235 0.0421099 0.278783
0 0.570655 0.451359 0.0881972 0.0191201 0.276621
0 0.671689 0.957488 0.415035 0.0841747 0.272641
0 0.569163 0.428329 0.08067 0.01682 0.267344
0 0.629091 0.682955 0.23366 0.063267 0.262305
0 0.593258 0.447754 0.0389023 0.0183821 0.254616
0 0.654106 0.957018 0.467695 0.085964 0.239633
0 0.565405 0.427781 0.0851712 0.0167549 0.239318
0 0.571607 0.446545 0.0869321 0.0189601 0.23915
0 0.691279 0.214117 0.350141 0.127905 0.237394
0 0.568657 0.45019 0.0945247 0.0201728 0.228923
0 0.642108 0.66601 0.272488 0.0586039 0.228129
0 0.693811 0.958567 0.451151 0.0828665 0.226161
0 0.619462 0.124342 0.229129 0.104926 0.221256
0 0.632714 0.569212 0.247365 0.0767733 0.220117
0 0.63461 0.685386 0.245753 0.068996 0.21516
0 0.613446 0.711319 0.187816 0.0481047 0.210948
0 0.653819 0.649065 0.297247 0.0954919 0.204151
0 0.641432 0.494311 0.277804 0.0797772 0.200075
0 0.691499 0.568874 0.125962 0.0459667 0.194897
0 0.572096 0.453017 0.0877659 0.0167778 0.193596
0 0.619178 0.714171 0.20011 0.0523296 0.191848
0 0.566348 0.429321 0.0797585 0.0163155 0.189599
0 0.601293 0.499435 0.18882 0.0601515 0.187817
0 0.626039 0.711369 0.215039 0.045438 0.184251
0 0.629296 0.655719 0.24641 0.0793307 0.169951
0 0.630359 0.68458 0.219793 0.0594217 0.169722
0 0.586964 0.500416 0.202105 0.0728542 0.167119
0 0.559347 0.424281 0.0813717 0.016856 0.160993
0 0.631916 0.62798 0.258575 0.0883644 0.154411
0 0.628349 0.710565 0.23159 0.0666187 0.150383
0 0.629238 0.713361 0.223948 0.0446976 0.150301
0 0.634208 0.76816 0.235592 0.0869552 0.14572
0 0.68858 0.629747 0.28616 0.0814753 0.141459
0 0.561992 0.42391 0.069827 0.0167418 0.134204
0 0.60335 0.502849 0.19389 0.0619526 0.133476
0 0.634678 0.738 0.220129 0.0654915 0.129427
0 0.694182 0.569056 0.120385 0.0407698 0.12908
0 0.68872 0.215571 0.337179 0.11891 0.126971
0 0.630685 0.759382 0.219911 0.0528509 0.125917
0 0.590478 0.495974 0.190428 0.0648027 0.123199
0 0.611493 0.12283 0.243495 0.0994614 0.121074
0 0.563842 0.428176 0.0914257 0.0164229 0.118961
0 0.633407 0.742544 0.230976 0.0804691 0.114288
0 0.597672 0.493064 0.182796 0.0573631 0.113898
0 0.699106 0.221431 0.392212 0.155484 0.112939
0 0.667119 0.642084 0.325013 0.110553 0.112297
0 0.566271 0.444286 0.0857413 0.0171491 0.106412
0 0.624389 0.815421 0.24062 0.0843624 0.104532
0 0.635238 0.767223 0.228725 0.0782431 0.104525
0 0.605513 0.383248 0.043996 0.0397345 0.100147
