0 0.329111 0.648977 0.136624 0.652617 0.640631
0 0.428454 0.621817 0.113872 0.633196 0.622473
0 0.222908 0.717102 0.110364 0.548783 0.597918
0 0.593206 0.634859 0.163345 0.625722 0.566071
0 0.325893 0.661733 0.124872 0.66102 0.556246
0 0.129152 0.635005 0.142075 0.679394 0.555876
0 0.860748 0.43185 0.126991 0.316837 0.507064
0 0.426648 0.589397 0.107148 0.544262 0.482837
0 0.602202 0.652656 0.174506 0.653934 0.482426
0 0.728804 0.613538 0.172169 0.634723 0.474046
0 0.143199 0.636986 0.180795 0.690575 0.470922
0 0.121329 0.6415 0.130306 0.687742 0.467493
0 0.32697 0.646136 0.152591 0.662942 0.450095
0 0.732154 0.633458 0.187121 0.668882 0.447802
0 0.446267 0.628438 0.166432 0.636389 0.44323
0 0.789838 0.385964 0.0963326 0.23602 0.438983
0 0.339538 0.651572 0.151815 0.680283 0.436864
0 0.740824 0.244065 0.12098 0.205841 0.431292
0 0.225719 0.692331 0.121274 0.577411 0.428118
0 0.833806 0.76686 0.204644 0.453315 0.426493
0 0.508449 0.324427 0.11493 0.216018 0.415902
0 0.508181 0.667885 0.101561 0.622201 0.413376
0 0.224333 0.379469 0.0982802 0.219706 0.412259
0 0.453471 0.644487 0.186564 0.667342 0.408992
0 0.634144 0.325853 0.108908 0.263222 0.407415
0 0.50559 0.646786 0.104816 0.526437 0.394291
0 0.505061 0.670183 0.123323 0.650924 0.383624
0 0.600296 0.656625 0.158941 0.668078 0.38197
0 0.733934 0.537672 0.181936 0.484842 0.376973
0 0.626595 0.319388 0.130087 0.280083 0.376049
0 0.503092 0.646167 0.0907707 0.518049 0.368367
0 0.425624 0.570504 0.0993455 0.521551 0.360715
0 0.228523 0.382487 0.108948 0.217166 0.359961
0 0.134164 0.619428 0.151578 0.656587 0.357833
0 0.83936 0.767944 0.182995 0.455121 0.357157
0 0.276047 0.357542 0.0910807 0.258556 0.354433
0 0.72997 0.584789 0.164316 0.578591 0.345356
0 0.860626 0.433253 0.110941 0.316599 0.323814
0 0.506759 0.652835 0.136328 0.684062 0.316573
0 0.860987 0.458718 0.135979 0.355413 0.307545
0 0.271871 0.368317 0.0775934 0.247188 0.305943
0 0.742703 0.244074 0.136551 0.207693 0.304846
0 0.338908 0.659903 0.173916 0.667539 0.299228
0 0.615768 0.294453 0.146956 0.322885 0.297642
0 0.862538 0.43446 0.143075 0.324327 0.296972
0 0.233356 0.383166 0.122297 0.223647 0.292818
0 0.347812 0.220121 0.0751964 0.121067 0.281517
0 0.855654 0.439486 0.119416 0.300511 0.280399
0 0.278135 0.348106 0.0870078 0.243581 0.276546
0 0.221819 0.720356 0.127793 0.532679 0.275086
0 0.421619 0.652998 0.105289 0.674537 0.272488
0 0.955458 0.794743 0.0890837 0.400503 0.265665
0 0.355709 0.650584 0.205496 0.691217 0.25961
0 0.616196 0.659353 0.155536 0.672873 0.258542
0 0.503629 0.305018 0.125995 0.266086 0.250488
0 0.512709 0.325207 0.114847 0.223603 0.249912
0 0.725156 0.523955 0.147059 0.447783 0.243818
0 0.787902 0.386173 0.11039 0.239927 0.237835
0 0.636944 0.324615 0.123849 0.27886 0.237123
0 0.504937 0.619355 0.0887978 0.458067 0.235584
0 0.620293 0.310081 0.13338 0.296754 0.233107
0 0.430597 0.556832 0.105301 0.514603 0.232301
0 0.506638 0.621204 0.0976145 0.475595 0.229752
0 0.150009 0.646312 0.202461 0.684583 0.224804
0 0.636278 0.309821 0.132416 0.306794 0.222055
0 0.951178 0.790635 0.0976433 0.397166 0.217885
0 0.225318 0.37271 0.115697 0.239997 0.217381
0 0.502693 0.301945 0.113835 0.257067 0.214801
0 0.72465 0.493052 0.146896 0.408874 0.206695
0 0.273139 0.348655 0.0974332 0.253517 0.202409
0 0.26178 0.376671 0.0906182 0.235261 0.199817
0 0.133693 0.608858 0.131185 0.636945 0.195347
0 0.510571 0.324537 0.126382 0.219024 0.194545
0 0.586304 0.595627 0.114881 0.519312 0.193129
0 0.856815 0.440287 0.141633 0.314378 0.183967
0 0.587025 0.568739 0.121367 0.484257 0.177092
0 0.348403 0.354922 0.0927234 0.250379 0.172608
0 0.462182 0.657836 0.195577 0.667072 0.170381
0 0.647916 0.645085 0.199913 0.704273 0.169911
0 0.506575 0.598959 0.091606 0.433207 0.16703
0 0.736036 0.513033 0.185948 0.45134 0.166409
0 0.608048 0.285902 0.130839 0.326649 0.158818
0 0.601111 0.231402 0.106081 0.217169 0.156363
0 0.432271 0.612542 0.12468 0.607286 0.156219
0 0.348505 0.335009 0.0873271 0.208931 0.154212
0 0.347747 0.225493 0.070491 0.124235 0.152982
0 0.604371 0.250268 0.11382 0.248941 0.152764
0 0.821701 0.776234 0.157745 0.447532 0.15198
0 0.499694 0.66382 0.0861698 0.547237 0.150331
0 0.831277 0.84299 0.113053 0.313408 0.148474
0 0.855302 0.47279 0.148642 0.375003 0.148404
0 0.483903 0.213409 0.0855191 0.17505 0.148399
0 0.869009 0.429881 0.113898 0.309427 0.146963
0 0.946803 0.788438 0.106395 0.402217 0.138983
0 0.419778 0.610942 0.0939403 0.535803 0.13546
0 0.826867 0.840601 0.1284 0.318798 0.132777
0 0.723904 0.540349 0.129893 0.474194 0.132218
0 0.504964 0.573151 0.0925632 0.386946 0.1315
0 0.723669 0.50101 0.129298 0.420512 0.131156
0 0.790895 0.435364 0.0956602 0.333919 0.13046
0 0.639539 0.326835 0.101043 0.274453 0.128704
0 0.322988 0.592554 0.133934 0.52889 0.127882
0 0.746181 0.256809 0.145 0.237706 0.127686
0 0.235242 0.386687 0.133873 0.23588 0.12401
0 0.345938 0.226625 0.0949933 0.1505 0.118724
0 0.64137 0.298689 0.126657 0.322239 0.117588
0 0.220466 0.698655 0.110717 0.51407 0.11648
0 0.483028 0.2136 0.11226 0.184092 0.116278
0 0.510574 0.318846 0.096906 0.202251 0.114382
0 0.743659 0.250973 0.101135 0.206688 0.114201
0 0.426076 0.61412 0.0968773 0.542413 0.112621
0 0.792033 0.39771 0.114801 0.260682 0.112614
0 0.582438 0.56432 0.103961 0.466051 0.112523
0 0.962221 0.796623 0.0755245 0.396352 0.111259
0 0.818478 0.787493 0.231397 0.424883 0.110908
0 0.868462 0.43239 0.129544 0.317119 0.110568
0 0.599201 0.624348 0.179451 0.600837 0.108337
0 0.586223 0.529794 0.127674 0.415015 0.106968
0 0.428259 0.294513 0.0918498 0.178029 0.105071
0 0.511599 0.649272 0.0961463 0.592526 0.105047
0 0.275894 0.364348 0.0855289 0.25854 0.101272
0 0.321965 0.614603 0.130633 0.54623 0.100922
0 0.129159 0.571762 0.120736 0.541937 0.100487
