0 0.78462 0.380554 0.411817 0.125101 0.460784
0 0.267939 0.241469 0.535878 0.255365 0.337948
0 0.791882 0.395785 0.411771 0.148823 0.331697
0 0.789826 0.208876 0.420348 0.269528 0.325788
0 0.294507 0.245506 0.589015 0.235577 0.30215
0 0.794317 0.200289 0.411366 0.300013 0.293753
0 0.793215 0.183448 0.413421 0.343328 0.262595
0 0.772051 0.38023 0.374952 0.111953 0.243325
0 0.494521 0.310687 0.122107 0.0354542 0.239848
0 0.708738 0.530876 0.231765 0.0946535 0.23933
0 0.698629 0.527491 0.20373 0.0863688 0.231571
0 0.701274 0.52749 0.232059 0.0895948 0.219691
0 0.494038 0.311925 0.124451 0.0324382 0.217823
0 0.792774 0.385556 0.414453 0.131384 0.215594
0 0.791359 0.374878 0.395864 0.111167 0.214054
0 0.700665 0.265739 0.252471 0.0958961 0.198823
0 0.2494 0.0588541 0.494678 0.117708 0.183457
0 0.254562 0.209283 0.509125 0.272803 0.183261
0 0.692532 0.715116 0.255921 0.151452 0.183214
0 0.258056 0.22684 0.515634 0.333719 0.182637
0 0.331006 0.252859 0.662011 0.236873 0.175812
0 0.281616 0.220367 0.563233 0.203545 0.168726
0 0.34383 0.0669229 0.68766 0.133846 0.167335
0 0.411407 0.0923908 0.805027 0.184234 0.166597
0 0.431349 0.0846318 0.862698 0.166189 0.165984
0 0.263891 0.06356 0.527782 0.12712 0.16565
0 0.761965 0.379297 0.35194 0.105477 0.162537
0 0.795988 0.400728 0.408024 0.176072 0.1605
0 0.762217 0.618985 0.341269 0.138 0.159027
0 0.784919 0.225458 0.430162 0.216119 0.156044
0 0.704895 0.52375 0.222104 0.086495 0.154003
0 0.493348 0.310955 0.113002 0.0319424 0.152932
0 0.332794 0.882858 0.656454 0.226541 0.151632
0 0.781401 0.382886 0.395225 0.146714 0.151248
0 0.265688 0.213597 0.531377 0.229983 0.149593
0 0.795103 0.429141 0.408581 0.219917 0.147157
0 0.425503 0.0686204 0.851007 0.137241 0.146731
0 0.757932 0.620726 0.355696 0.148938 0.14599
0 0.293146 0.255286 0.586292 0.315318 0.14268
0 0.272465 0.255709 0.544931 0.350808 0.140824
0 0.336311 0.0810414 0.672622 0.15901 0.139159
0 0.683736 0.0347184 0.25316 0.0692233 0.130838
0 0.740786 0.375544 0.324703 0.0945392 0.130176
0 0.490963 0.311735 0.116189 0.0264753 0.12851
0 0.6465 0.940566 0.0814189 0.0228111 0.127533
0 0.708905 0.525847 0.235166 0.101596 0.126445
0 0.77 0.623626 0.330295 0.14486 0.112238
0 0.645249 0.939285 0.0885845 0.0222919 0.112004
0 0.755823 0.535478 0.328594 0.118822 0.111808
0 0.649895 0.268957 0.135404 0.0398379 0.107246
0 0.638122 0.479752 0.116704 0.0342319 0.107233
0 0.683588 0.0367065 0.266722 0.0734004 0.105527
0 0.254615 0.0775681 0.508205 0.15369 0.102398
0 0.244356 0.0837571 0.488618 0.162497 0.101313
0 0.113212 0.315184 0.224386 0.117345 0.101184
