0 0.592769 0.762351 0.814462 0.248287 0.743873
0 0.501826 0.422687 0.937311 0.300801 0.508843
0 0.594889 0.583554 0.810222 0.194093 0.461286
0 0.599196 0.812126 0.801592 0.34301 0.459315
0 0.361859 0.962084 0.255095 0.0757713 0.446809
0 0.589739 0.532221 0.811194 0.299367 0.427923
0 0.49531 0.0660726 0.94489 0.132145 0.373787
0 0.473042 0.0950484 0.931168 0.190097 0.368948
0 0.568005 0.132138 0.855252 0.264275 0.334091
0 0.555111 0.431543 0.889779 0.430016 0.270464
0 0.512189 0.591852 0.73453 0.150797 0.249639
0 0.487651 0.727289 0.679444 0.185752 0.230553
