0 0.208548 0.557447 0.140899 0.475845 0.677964
0 0.41846 0.520734 0.126845 0.44885 0.60779
0 0.102546 0.562689 0.0951137 0.462737 0.590715
0 0.324456 0.51681 0.100674 0.451813 0.5769
0 0.0371289 0.593078 0.0742577 0.518559 0.566707
0 0.616463 0.318979 0.0545524 0.0920293 0.565717
0 0.562168 0.320814 0.0479884 0.0643438 0.562399
0 0.130448 0.326711 0.069247 0.14896 0.508177
0 0.5806 0.533151 0.102593 0.401838 0.503436
0 0.863976 0.364004 0.0583527 0.0898384 0.497851
0 0.904635 0.337158 0.0520702 0.105577 0.49402
0 0.0625361 0.325247 0.0708359 0.137415 0.473662
0 0.705688 0.351876 0.0458156 0.062878 0.465394
0 0.772225 0.325361 0.0363657 0.0672175 0.455208
0 0.217798 0.327809 0.0574007 0.116157 0.452158
0 0.370645 0.362988 0.0429132 0.107026 0.451104
0 0.424984 0.304497 0.0518202 0.0857528 0.446395
0 0.86359 0.530808 0.120098 0.472474 0.438034
0 0.838788 0.33897 0.038986 0.0816906 0.415318
0 0.95261 0.514942 0.093413 0.442287 0.412891
0 0.951726 0.340097 0.0540371 0.0986517 0.397097
0 0.718922 0.303649 0.0486502 0.0659418 0.390194
0 0.214227 0.314666 0.0528427 0.0900186 0.362487
0 0.017117 0.327524 0.034234 0.111296 0.303835
0 0.710348 0.533792 0.139626 0.463072 0.296097
0 0.12566 0.315244 0.0578187 0.119407 0.288415
0 0.808056 0.337377 0.0366718 0.0684241 0.260449
0 0.458484 0.364588 0.0464947 0.136911 0.238232
0 0.222841 0.342453 0.0564338 0.144741 0.230836
0 0.175638 0.324506 0.0516734 0.11414 0.228755
