0 0.581756 0.704719 0.566853 0.126825 0.713122
0 0.573728 0.0673876 0.513586 0.133718 0.657496
0 0.513231 0.57131 0.405492 0.0950491 0.655613
0 0.578031 0.519334 0.534878 0.136554 0.654889
0 0.581224 0.808063 0.550636 0.117977 0.62744
0 0.581753 0.903433 0.557279 0.13328 0.621672
0 0.561793 0.42233 0.480141 0.106201 0.611952
0 0.601964 0.320125 0.553227 0.11965 0.603064
0 0.56401 0.579085 0.545568 0.0962357 0.565086
0 0.571065 0.232654 0.497491 0.10335 0.508067
0 0.57451 0.958272 0.545388 0.0834555 0.402143
0 0.548534 0.163551 0.436806 0.0782444 0.384178
0 0.552875 0.232396 0.419963 0.0777362 0.383052
0 0.581747 0.424968 0.415718 0.0852572 0.307516
0 0.597253 0.810541 0.547173 0.0814697 0.274693
0 0.0787743 0.0411224 0.0989989 0.0801626 0.24643
0 0.374729 0.414013 0.0865808 0.0353937 0.236529
0 0.342582 0.848481 0.0804523 0.0452324 0.235607
0 0.591637 0.975859 0.541444 0.047233 0.235147
0 0.548505 0.633842 0.472322 0.0601397 0.231038
0 0.599666 0.294878 0.553313 0.162142 0.227444
0 0.621895 0.309975 0.507172 0.0850656 0.223309
0 0.0821322 0.0364673 0.0769761 0.0725394 0.219587
0 0.572491 0.900682 0.523853 0.0951841 0.209603
0 0.338003 0.816404 0.0753776 0.0267689 0.204178
