0 0.5431 0.444078 0.787399 0.185576 0.48736
0 0.525667 0.449662 0.751031 0.17447 0.458715
0 0.561462 0.599362 0.829906 0.171423 0.446413
0 0.527365 0.599609 0.764908 0.15938 0.445695
0 0.475501 0.848321 0.744186 0.221243 0.442844
0 0.517327 0.309542 0.717851 0.144496 0.438884
0 0.478125 0.84092 0.724921 0.197125 0.43741
0 0.494337 0.451985 0.686416 0.165408 0.4307
0 0.487697 0.596872 0.679222 0.147762 0.42805
0 0.52903 0.440108 0.722502 0.179501 0.425417
0 0.567357 0.601698 0.829297 0.188975 0.402969
0 0.444283 0.600089 0.590963 0.150162 0.389231
0 0.416054 0.855167 0.627561 0.241246 0.386501
0 0.524904 0.307077 0.696832 0.128147 0.369278
0 0.448274 0.452294 0.592873 0.161445 0.368665
0 0.500059 0.60886 0.701976 0.169464 0.357317
0 0.459398 0.201957 0.700705 0.147686 0.348969
0 0.480615 0.856999 0.757695 0.283299 0.33719
0 0.376606 0.856437 0.549286 0.254301 0.334761
0 0.468753 0.311753 0.603295 0.143861 0.332477
0 0.454721 0.192414 0.661943 0.140629 0.331468
0 0.460811 0.608576 0.622838 0.16238 0.314154
0 0.437807 0.197228 0.666374 0.144697 0.2945
0 0.491929 0.201563 0.69338 0.134043 0.288666
0 0.514054 0.831451 0.653849 0.163141 0.287197
0 0.474439 0.0781111 0.73714 0.153874 0.28557
0 0.494735 0.201497 0.778483 0.143703 0.264635
0 0.496439 0.194926 0.75497 0.140656 0.244318
0 0.520273 0.310131 0.759249 0.155877 0.222078
0 0.547188 0.303757 0.676168 0.127892 0.220524
0 0.473115 0.0661756 0.752404 0.132351 0.220093
0 0.552252 0.429645 0.695476 0.164884 0.216127
0 0.422153 0.863394 0.644918 0.270461 0.20757
0 0.487796 0.0543727 0.706665 0.108745 0.206461
0 0.380903 0.201936 0.531991 0.130992 0.182682
0 0.454839 0.0728938 0.736655 0.145788 0.174354
0 0.545161 0.833189 0.617653 0.161972 0.167313
0 0.416405 0.191912 0.597167 0.147107 0.164973
0 0.475827 0.0712755 0.81029 0.142551 0.158401
0 0.358936 0.198821 0.502095 0.13427 0.15101
0 0.512312 0.0513673 0.666186 0.102735 0.141778
0 0.554768 0.716273 0.767382 0.139921 0.140451
0 0.41151 0.606573 0.511414 0.129183 0.138042
0 0.439769 0.310994 0.532029 0.115243 0.126668
0 0.508426 0.0737132 0.657938 0.141874 0.118632
0 0.582087 0.717236 0.753026 0.148409 0.11544
0 0.431782 0.609563 0.541026 0.124846 0.115235
0 0.873165 0.961279 0.239725 0.0774425 0.109959
0 0.518715 0.866615 0.684742 0.238274 0.10924
0 0.87339 0.950554 0.247498 0.0988926 0.108305
0 0.476582 0.0965475 0.735022 0.180595 0.103992
