0 0.166867 0.444302 0.173681 0.710901 0.567503
0 0.885148 0.479812 0.196577 0.8936 0.483365
0 0.573267 0.429531 0.154861 0.750066 0.468504
0 0.582861 0.463231 0.158573 0.816545 0.433523
0 0.0871462 0.517703 0.132012 0.594533 0.421633
0 0.142301 0.448854 0.223099 0.727978 0.397015
0 0.175234 0.439942 0.175133 0.731473 0.38861
0 0.0881413 0.468077 0.146196 0.700427 0.378902
0 0.156798 0.443933 0.191005 0.711366 0.363584
0 0.422795 0.410217 0.152676 0.773251 0.350449
0 0.886475 0.512128 0.186115 0.961509 0.348269
0 0.590895 0.445212 0.181801 0.795349 0.342564
0 0.599084 0.467578 0.190731 0.813879 0.338117
0 0.0840338 0.490051 0.128509 0.641187 0.327016
0 0.100052 0.448318 0.168187 0.733764 0.3227
0 0.0928315 0.526666 0.140818 0.584637 0.315794
0 0.569584 0.426327 0.138318 0.741294 0.304736
0 0.582675 0.437604 0.173784 0.786105 0.288749
0 0.0876354 0.511157 0.0997334 0.559504 0.261236
0 0.0836169 0.511137 0.0893713 0.559335 0.192983
0 0.187997 0.444504 0.164524 0.729977 0.155824
0 0.743522 0.330199 0.135395 0.439595 0.134114
0 0.0813496 0.493211 0.0892932 0.527448 0.110084
0 0.737601 0.325229 0.112562 0.425729 0.106563
