0 0.552964 0.521641 0.0752472 0.281036 0.764123
0 0.470846 0.449383 0.0714527 0.2779 0.730608
0 0.466997 0.451108 0.067573 0.273293 0.699083
0 0.475024 0.450742 0.0739872 0.280266 0.698218
0 0.549573 0.531863 0.0766435 0.260195 0.674884
0 0.47182 0.450377 0.086805 0.281572 0.627439
0 0.556639 0.520951 0.067742 0.288157 0.574598
0 0.480808 0.452471 0.0658283 0.280307 0.546698
0 0.470458 0.497848 0.0517382 0.178208 0.464612
0 0.469366 0.492256 0.0570369 0.20119 0.404118
0 0.472147 0.494974 0.051125 0.199389 0.337116
0 0.466061 0.504394 0.0571541 0.162228 0.305738
0 0.483076 0.457873 0.0564383 0.287517 0.236681
0 0.469674 0.510535 0.0522329 0.149548 0.156307
0 0.953432 0.496962 0.0931368 0.982576 0.155273
0 0.0932269 0.485107 0.186454 0.964822 0.143361
0 0.0630427 0.481901 0.124425 0.953758 0.143243
0 0.0559438 0.498413 0.108939 0.994104 0.128103
0 0.46766 0.513221 0.0520401 0.139765 0.121316
0 0.902064 0.500178 0.193018 0.986501 0.121266
0 0.551375 0.558702 0.0649806 0.193076 0.113649
0 0.958573 0.413832 0.0817837 0.826939 0.107218
0 0.953976 0.45358 0.0906963 0.894291 0.106699
