0 0.1125 0.44296875 0.159375 0.2875
0 0.2296875 0.41875 0.1390625 0.1765625
0 0.33828125 0.40234375 0.1328125 0.2265625
0 0.44375 0.43984375 0.115625 0.2515625
0 0.53984375 0.43203125 0.140625 0.2140625
0 0.64921875 0.42890625 0.121875 0.2671875
0 0.73515625 0.41171875 0.06875 0.14375
0 0.84453125 0.390625 0.125 0.390625
0 0.896875 0.77109375 0.1609375 0.4578125
0 0.77421875 0.78359375 0.15625 0.4328125
0 0.6546875 0.76875 0.1484375 0.4625
0 0.52421875 0.7640625 0.1734375 0.471875
0 0.3734375 0.76875 0.15625 0.4625
0 0.21875 0.75078125 0.15 0.496875
0 0.08984375 0.78359375 0.1453125 0.4328125