0 0.1265625 0.84921875 0.18671875 0.30078125
0 0.325 0.71875 0.078125 0.23984375
0 0.3765625 0.69921875 0.08515625 0.25390625
0 0.528125 0.80703125 0.128125 0.3859375
0 0.7078125 0.71484375 0.05234375 0.18671875
0 0.74921875 0.69609375 0.03515625 0.18203125
0 0.80546875 0.803125 0.10078125 0.359375
0 0.91875 0.7890625 0.12265625 0.421875
0 0.97890625 0.70625 0.0421875 0.17734375
0 0.6703125 0.6609375 0.0375 0.11171875
0 0.4234375 0.67421875 0.03984375 0.13046875
0 0.4671875 0.6859375 0.0578125 0.14609375