0 0.374536 0.499449 0.0679103 0.1543 0.579356
0 0.373102 0.495042 0.0676146 0.142116 0.558484
0 0.37632 0.505446 0.0690437 0.174306 0.552552
0 0.634516 0.501079 0.0765382 0.127794 0.526161
0 0.233053 0.749796 0.243797 0.493543 0.524181
0 0.634301 0.504354 0.0826064 0.128611 0.513549
0 0.337586 0.548532 0.0852722 0.139892 0.508891
0 0.227374 0.752408 0.21144 0.490644 0.499847
0 0.700827 0.498661 0.115477 0.178164 0.419765
0 0.29395 0.43975 0.12644 0.158571 0.399607
0 0.507115 0.161051 0.109352 0.219594 0.397776
0 0.375006 0.49924 0.0852901 0.175925 0.390954
0 0.70107 0.511258 0.116615 0.203078 0.38639
0 0.699323 0.49157 0.0890697 0.159084 0.385622
0 0.633491 0.498791 0.0708447 0.123652 0.38134
0 0.311748 0.443028 0.0838995 0.145847 0.378497
0 0.690263 0.764733 0.184412 0.465367 0.377603
0 0.428613 0.424565 0.0777667 0.135711 0.376487
0 0.69947 0.501845 0.0940353 0.18227 0.361663
0 0.790719 0.43851 0.112285 0.231264 0.361442
0 0.583027 0.386909 0.0679623 0.125654 0.355855
0 0.383581 0.409603 0.0693213 0.115482 0.35528
0 0.289581 0.439173 0.139904 0.165441 0.343289
0 0.312814 0.438586 0.0792335 0.137469 0.340597
0 0.701136 0.522305 0.132751 0.246483 0.295519
0 0.700872 0.526951 0.123395 0.256504 0.295329
0 0.384221 0.407471 0.0657936 0.109496 0.29506
0 0.695085 0.761496 0.223917 0.476359 0.281734
0 0.428443 0.42819 0.08076 0.153233 0.279619
0 0.371623 0.492927 0.0943945 0.179312 0.275211
0 0.377536 0.500968 0.0701231 0.153086 0.259842
0 0.579418 0.384521 0.07425 0.119137 0.259383
0 0.632883 0.505203 0.100107 0.155044 0.257466
0 0.691281 0.767009 0.203058 0.46211 0.253913
0 0.389487 0.413684 0.103562 0.14701 0.239052
0 0.864881 0.694261 0.248185 0.602651 0.236779
0 0.417534 0.416214 0.0830521 0.123847 0.224269
0 0.57862 0.389779 0.0795619 0.142793 0.223121
0 0.287847 0.440159 0.157723 0.171541 0.21887
0 0.34072 0.555297 0.0857994 0.15844 0.218372
0 0.630456 0.418431 0.0801441 0.138577 0.218
0 0.940089 0.433395 0.0932804 0.232948 0.212881
0 0.506292 0.162435 0.1213 0.221884 0.209676
0 0.380566 0.507313 0.0667738 0.172927 0.194879
0 0.777412 0.441336 0.146655 0.241131 0.192866
0 0.662956 0.632048 0.104643 0.201852 0.190272
0 0.734003 0.397427 0.0783764 0.150891 0.187715
0 0.568404 0.39293 0.120477 0.152502 0.187351
0 0.373034 0.491711 0.0726068 0.144878 0.187204
0 0.429016 0.418676 0.0715273 0.12896 0.186573
0 0.79232 0.439636 0.125527 0.243116 0.182987
0 0.942713 0.427032 0.0988565 0.245333 0.1804
0 0.383908 0.415255 0.0780809 0.131405 0.17945
0 0.634273 0.506219 0.079668 0.142355 0.179139
0 0.295521 0.433362 0.127705 0.175014 0.17875
0 0.78889 0.454309 0.118596 0.269447 0.176625
0 0.733586 0.392516 0.0832739 0.156778 0.174928
0 0.404809 0.416761 0.124588 0.154144 0.174367
0 0.397374 0.411386 0.0792302 0.114565 0.16959
0 0.423866 0.419896 0.0787896 0.129344 0.164278
0 0.786097 0.442142 0.131555 0.248463 0.163583
0 0.630093 0.425324 0.0825647 0.158972 0.163106
0 0.372779 0.489199 0.0694409 0.135961 0.157309
0 0.336796 0.591609 0.118139 0.258788 0.154239
0 0.978391 0.440801 0.0426926 0.249875 0.153689
0 0.863446 0.690856 0.207668 0.608706 0.153498
0 0.334638 0.554019 0.102512 0.168733 0.148104
0 0.339609 0.603975 0.117657 0.282916 0.147009
0 0.385273 0.405862 0.064138 0.101692 0.137617
0 0.979097 0.476223 0.0411674 0.320715 0.137128
0 0.948022 0.42939 0.096558 0.245454 0.136196
0 0.337452 0.587765 0.105473 0.235944 0.134003
0 0.734997 0.393051 0.0738033 0.138746 0.131641
0 0.687479 0.759948 0.176256 0.480105 0.130267
0 0.667123 0.637305 0.119826 0.207478 0.129873
0 0.969784 0.574943 0.059387 0.850114 0.129648
0 0.221117 0.75102 0.182908 0.497961 0.128622
0 0.431092 0.420061 0.0774668 0.136982 0.127108
0 0.979898 0.52986 0.0402046 0.48721 0.125716
0 0.766304 0.438939 0.152673 0.239803 0.12571
0 0.849477 0.542106 0.120754 0.289013 0.124011
0 0.979204 0.542398 0.0415924 0.552679 0.123835
0 0.579328 0.393053 0.0847616 0.153656 0.119298
0 0.909565 0.607475 0.169813 0.776762 0.119198
0 0.852098 0.535942 0.113758 0.274936 0.118562
0 0.617588 0.404867 0.125603 0.179367 0.118417
0 0.301815 0.437731 0.128712 0.17116 0.117774
0 0.70003 0.497968 0.085496 0.159622 0.115915
0 0.562108 0.399148 0.146231 0.169359 0.115777
0 0.731854 0.411926 0.0864058 0.190405 0.114733
0 0.575521 0.388954 0.0839098 0.134113 0.11395
0 0.979777 0.510106 0.0398747 0.428846 0.112207
0 0.428322 0.437468 0.10163 0.188891 0.111664
0 0.901662 0.63087 0.186849 0.730922 0.111109
0 0.384857 0.404172 0.0726383 0.10585 0.110492
0 0.686447 0.739257 0.16784 0.433725 0.109911
0 0.891398 0.641708 0.210362 0.71475 0.109812
0 0.310466 0.452596 0.0918828 0.181381 0.108545
0 0.598933 0.404246 0.149019 0.180237 0.107261
0 0.9677 0.590685 0.0642231 0.812268 0.107254
0 0.630816 0.493825 0.105284 0.172272 0.106956
0 0.528098 0.389374 0.0964261 0.117246 0.104597
0 0.72817 0.433129 0.096797 0.236989 0.10365
0 0.879759 0.672242 0.231779 0.648895 0.10102
0 0.790801 0.434345 0.104053 0.230516 0.100528
0 0.412592 0.435724 0.135647 0.198045 0.10024
