0 0.420264 0.863736 0.824269 0.272528 0.571869
0 0.38236 0.479656 0.762279 0.483159 0.412091
0 0.843173 0.450842 0.310792 0.299307 0.402692
0 0.362668 0.12328 0.725337 0.246559 0.315845
0 0.382279 0.386266 0.762812 0.46043 0.303027
0 0.623323 0.526609 0.319197 0.166706 0.277683
0 0.383086 0.698704 0.757912 0.251226 0.261063
0 0.369723 0.182262 0.727839 0.361874 0.240664
0 0.387506 0.618843 0.775011 0.678176 0.238203
0 0.748114 0.443151 0.503771 0.331836 0.228367
0 0.387677 0.771904 0.775354 0.39889 0.205372
