0 0.158059 0.650419 0.23572 0.699162 0.736339
0 0.717166 0.610754 0.248962 0.769878 0.673968
0 0.508868 0.642877 0.189838 0.706808 0.640986
0 0.167462 0.648844 0.210353 0.698933 0.609508
0 0.716569 0.608428 0.225757 0.748471 0.593651
0 0.349821 0.587534 0.185188 0.763791 0.564728
0 0.712506 0.598433 0.205295 0.743466 0.442014
0 0.498225 0.628613 0.204731 0.73309 0.435323
0 0.34156 0.598583 0.199884 0.789584 0.417612
0 0.511838 0.623272 0.175094 0.703828 0.416864
0 0.710066 0.617146 0.295383 0.761684 0.273234
0 0.321916 0.5985 0.163622 0.789052 0.247556
