0 0.167898 0.568956 0.157367 0.527332 0.764568
0 0.557564 0.594531 0.111298 0.425498 0.74885
0 0.568608 0.596795 0.128103 0.430081 0.705424
0 0.561368 0.593771 0.125564 0.441123 0.697713
0 0.708625 0.418196 0.091144 0.210956 0.667886
0 0.453032 0.602124 0.111102 0.423203 0.667788
0 0.654078 0.584073 0.105228 0.388383 0.654927
0 0.659334 0.584667 0.112764 0.376184 0.640277
0 0.451345 0.353534 0.0749197 0.181147 0.622938
0 0.567157 0.594087 0.141831 0.419295 0.613886
0 0.456641 0.604732 0.122009 0.435477 0.613509
0 0.721599 0.275163 0.104573 0.22075 0.588782
0 0.724508 0.268908 0.108803 0.211101 0.586096
0 0.654812 0.293154 0.0638069 0.125186 0.581038
0 0.232239 0.257598 0.0896118 0.20182 0.579531
0 0.566226 0.600037 0.115437 0.426666 0.573719
0 0.280694 0.57458 0.11283 0.561596 0.51014
0 0.654672 0.293826 0.0585876 0.116129 0.505928
0 0.343725 0.347386 0.0717292 0.187546 0.505885
0 0.285696 0.562732 0.122267 0.523121 0.496449
0 0.654887 0.289161 0.0568247 0.119463 0.490117
0 0.499831 0.333465 0.0571815 0.169606 0.48138
0 0.722233 0.276841 0.112401 0.233787 0.478969
0 0.346147 0.338448 0.0616339 0.181601 0.474874
0 0.286 0.588856 0.116541 0.574094 0.463723
0 0.450208 0.351056 0.0628572 0.169155 0.44748
0 0.602441 0.324803 0.0615289 0.17178 0.428123
0 0.345558 0.342984 0.0657591 0.182493 0.425829
0 0.705868 0.400233 0.0920219 0.197457 0.419443
0 0.394228 0.338969 0.0594227 0.108509 0.418029
0 0.716438 0.273595 0.0940414 0.220202 0.416453
0 0.602449 0.334897 0.0705088 0.187643 0.411839
0 0.393991 0.366901 0.0689759 0.174244 0.411641
0 0.395896 0.355982 0.0594294 0.170365 0.410895
0 0.393596 0.364904 0.0752416 0.174339 0.409845
0 0.450202 0.359389 0.0708815 0.184773 0.395149
0 0.552329 0.316474 0.0564618 0.167316 0.39239
0 0.272042 0.570804 0.112207 0.554751 0.387412
0 0.345275 0.322718 0.0643186 0.1336 0.386688
0 0.449762 0.343926 0.0610584 0.171547 0.380032
0 0.553734 0.324487 0.0649881 0.172422 0.379262
0 0.553801 0.296193 0.0512604 0.108865 0.378082
0 0.499706 0.338652 0.0606388 0.17844 0.375211
0 0.355887 0.598713 0.101002 0.483394 0.362223
0 0.602149 0.311419 0.0615977 0.122577 0.359061
0 0.501064 0.354892 0.0673237 0.200728 0.354637
0 0.345956 0.314257 0.0612477 0.116741 0.354212
0 0.601823 0.324341 0.0638721 0.153277 0.347304
0 0.601612 0.332796 0.0641392 0.171295 0.346269
0 0.395095 0.339688 0.0523618 0.103696 0.342427
0 0.502467 0.314047 0.0556497 0.104562 0.337462
0 0.553946 0.331588 0.0604649 0.176964 0.333187
0 0.448764 0.600851 0.135919 0.458759 0.319657
0 0.501766 0.349226 0.0625496 0.18134 0.313197
0 0.171266 0.580063 0.132812 0.578099 0.309013
0 0.17011 0.575916 0.119507 0.571654 0.308135
0 0.394012 0.345912 0.0619181 0.12143 0.301646
0 0.601882 0.310182 0.059733 0.112621 0.299204
0 0.566084 0.593067 0.153897 0.45461 0.296082
0 0.395462 0.353758 0.0658929 0.166732 0.292558
0 0.501226 0.339842 0.0623409 0.166556 0.28906
0 0.652828 0.29929 0.0639107 0.14873 0.287209
0 0.452842 0.35767 0.0643259 0.174909 0.282066
0 0.451677 0.352109 0.0828768 0.183402 0.280581
0 0.455678 0.353869 0.0708166 0.167339 0.279241
0 0.561375 0.593417 0.0999933 0.420973 0.277641
0 0.283119 0.588696 0.136618 0.593789 0.277529
0 0.602773 0.306684 0.056345 0.109996 0.263638
0 0.649829 0.576563 0.096179 0.376662 0.2579
0 0.356628 0.653371 0.114578 0.539567 0.25751
0 0.363176 0.672626 0.101056 0.529393 0.255798
0 0.659388 0.579655 0.108847 0.412381 0.248243
0 0.363682 0.633034 0.0852018 0.493299 0.24208
0 0.706418 0.399883 0.0856637 0.18942 0.234864
0 0.449375 0.32423 0.0539186 0.102636 0.230241
0 0.604907 0.330982 0.0692181 0.190535 0.229159
0 0.397033 0.364339 0.0635559 0.187002 0.227403
0 0.55528 0.327412 0.0574926 0.167049 0.222529
0 0.347908 0.617545 0.121818 0.517498 0.220978
0 0.229673 0.250275 0.0826502 0.202894 0.216672
0 0.762425 0.635956 0.108004 0.35036 0.216447
0 0.551586 0.327353 0.0597538 0.178125 0.206814
0 0.346966 0.315989 0.055617 0.123521 0.201595
0 0.366719 0.656169 0.0950124 0.50142 0.194281
0 0.348465 0.341525 0.0600405 0.171021 0.193368
0 0.22678 0.249193 0.0915169 0.208612 0.193153
0 0.288319 0.569287 0.109967 0.529756 0.182895
0 0.554262 0.332287 0.0689394 0.18213 0.179553
0 0.344674 0.345975 0.0625564 0.169881 0.175198
0 0.697641 0.368853 0.0577635 0.0969539 0.172533
0 0.298885 0.360286 0.0650316 0.127602 0.172353
0 0.345933 0.313599 0.0544158 0.112918 0.17176
0 0.702757 0.40247 0.0837299 0.183583 0.163458
0 0.553836 0.325676 0.0723623 0.17383 0.163054
0 0.711825 0.424394 0.0952604 0.227288 0.162858
0 0.667379 0.582393 0.11221 0.387079 0.156958
0 0.759856 0.627388 0.102286 0.316729 0.156928
0 0.651649 0.310599 0.063817 0.166022 0.154819
0 0.283054 0.566552 0.108553 0.526756 0.150645
0 0.264712 0.576003 0.114412 0.564273 0.150113
0 0.71144 0.268641 0.0893932 0.212855 0.149715
0 0.174339 0.574208 0.120113 0.536318 0.143975
0 0.370941 0.617547 0.089329 0.434755 0.14386
0 0.758053 0.618344 0.107669 0.331932 0.142102
0 0.233373 0.215081 0.0640467 0.102034 0.142055
0 0.72013 0.274809 0.125688 0.235664 0.141201
0 0.228441 0.24793 0.0869318 0.191437 0.140834
0 0.369143 0.635755 0.0889788 0.465413 0.135736
0 0.655012 0.312857 0.0596882 0.157195 0.131562
0 0.616538 0.332566 0.0898805 0.162495 0.129626
0 0.297769 0.5749 0.158574 0.554485 0.129115
0 0.662327 0.584575 0.132914 0.380829 0.12757
0 0.704196 0.402581 0.0947609 0.180263 0.122235
0 0.165546 0.572585 0.170151 0.548291 0.1197
0 0.373866 0.583259 0.0795588 0.354308 0.114071
0 0.610308 0.330582 0.0781172 0.162685 0.112942
0 0.231596 0.248048 0.0759321 0.18461 0.111264
0 0.233805 0.251727 0.0887628 0.226368 0.108915
0 0.371988 0.605894 0.0826036 0.405793 0.108045
0 0.655076 0.287581 0.0625705 0.125046 0.107237
0 0.452855 0.610938 0.156007 0.455967 0.104025
0 0.70331 0.40107 0.0731047 0.17653 0.103772
