0 0.390566 0.678041 0.210736 0.643918 0.719041
0 0.572584 0.702955 0.212305 0.591937 0.669376
0 0.400835 0.677278 0.203599 0.645444 0.579231
0 0.512544 0.351605 0.223457 0.403331 0.560925
0 0.705751 0.373548 0.263912 0.397396 0.551025
0 0.511298 0.323985 0.231581 0.365732 0.529875
0 0.506667 0.326918 0.208931 0.364026 0.528466
0 0.804155 0.753049 0.344457 0.493902 0.52655
0 0.562165 0.707439 0.21955 0.583723 0.512044
0 0.507489 0.356628 0.202623 0.412017 0.51134
0 0.381276 0.680203 0.208004 0.62996 0.493984
0 0.785361 0.751097 0.322316 0.496543 0.48943
0 0.566482 0.70105 0.192585 0.584178 0.48627
0 0.102333 0.522201 0.204666 0.955597 0.431906
0 0.508727 0.327375 0.176259 0.314519 0.412321
0 0.903169 0.553378 0.191164 0.893245 0.376479
0 0.247609 0.308931 0.373027 0.577381 0.370686
0 0.510927 0.397853 0.207713 0.484855 0.340065
0 0.217811 0.266829 0.431135 0.507444 0.338731
0 0.805778 0.733365 0.385626 0.528747 0.33763
0 0.249792 0.547517 0.182463 0.898385 0.333199
0 0.288989 0.429821 0.280869 0.764647 0.332545
0 0.270103 0.284223 0.296606 0.444068 0.318237
0 0.260435 0.536376 0.203047 0.927247 0.315062
0 0.111995 0.493197 0.22399 0.986394 0.312791
0 0.899122 0.575439 0.200449 0.839827 0.30705
0 0.11126 0.572558 0.222519 0.854884 0.280152
0 0.704498 0.352994 0.274137 0.40966 0.277803
0 0.888786 0.577026 0.217704 0.845949 0.271558
0 0.507367 0.328923 0.19284 0.331169 0.253988
0 0.82677 0.765798 0.322639 0.467139 0.25092
0 0.283479 0.33379 0.279384 0.499904 0.248581
0 0.707343 0.40673 0.26752 0.459886 0.239891
0 0.693388 0.356636 0.238373 0.397243 0.239691
0 0.286814 0.513714 0.254239 0.890636 0.229783
0 0.7578 0.750722 0.26769 0.4941 0.222938
0 0.273051 0.530668 0.237107 0.938663 0.219202
0 0.899199 0.489946 0.199443 0.905066 0.217
0 0.275611 0.498097 0.269845 0.972946 0.21239
0 0.69681 0.361356 0.228344 0.364604 0.19126
0 0.884731 0.512882 0.225345 0.843264 0.182736
0 0.243248 0.564031 0.179066 0.864056 0.177614
0 0.243129 0.265648 0.351777 0.462873 0.176998
0 0.0794133 0.532234 0.155262 0.935533 0.174822
0 0.244515 0.474488 0.359043 0.933871 0.174198
0 0.507975 0.288783 0.248109 0.415816 0.173394
0 0.065047 0.518326 0.125133 0.963347 0.14478
0 0.0819202 0.562883 0.16128 0.874235 0.144265
0 0.248488 0.58446 0.178074 0.826502 0.143852
0 0.906305 0.5872 0.184064 0.825601 0.142935
0 0.564806 0.708095 0.271932 0.580096 0.137135
0 0.879372 0.591128 0.236581 0.817744 0.133449
0 0.808212 0.629348 0.379264 0.736038 0.122899
0 0.218686 0.426944 0.437372 0.85388 0.121578
0 0.567249 0.685856 0.219275 0.628289 0.120055
0 0.504546 0.32798 0.159323 0.301734 0.118618
0 0.131777 0.447774 0.254053 0.894684 0.108881
0 0.218192 0.304077 0.436384 0.600957 0.107792
0 0.0580047 0.50588 0.110865 0.988239 0.105184
