0 0.849801 0.581247 0.211857 0.823229 0.623248
0 0.67862 0.679074 0.265882 0.629953 0.527519
0 0.408479 0.547711 0.136154 0.400428 0.488376
0 0.723709 0.353058 0.172167 0.408571 0.477105
0 0.185327 0.691363 0.180706 0.600004 0.455454
0 0.577786 0.386978 0.159624 0.427637 0.429458
0 0.32801 0.386481 0.143871 0.39114 0.425334
0 0.171284 0.306838 0.246623 0.309849 0.348451
0 0.415866 0.638885 0.16036 0.596451 0.342956
0 0.576785 0.32788 0.134257 0.301534 0.333239
0 0.327756 0.354338 0.107955 0.324073 0.306116
0 0.463177 0.354926 0.162811 0.384953 0.264234
0 0.045114 0.588679 0.0889858 0.507094 0.224895
