0 0.611172 0.621623 0.649597 0.150112 0.581773
0 0.58739 0.843026 0.607299 0.15269 0.565412
0 0.58906 0.851006 0.620901 0.172801 0.562663
0 0.606993 0.4925 0.698165 0.143597 0.509505
0 0.613742 0.376074 0.662336 0.146313 0.509066
0 0.581775 0.849132 0.640054 0.191557 0.487174
0 0.611032 0.611092 0.661914 0.149439 0.486882
0 0.606359 0.250249 0.639163 0.171378 0.469643
0 0.615534 0.602576 0.657354 0.13622 0.450429
0 0.59763 0.711409 0.622561 0.130133 0.435688
0 0.676515 0.511172 0.515035 0.1022 0.419753
0 0.591409 0.489933 0.655727 0.129736 0.405168
0 0.594456 0.617178 0.621545 0.139298 0.392622
0 0.602668 0.501692 0.689922 0.145202 0.353639
0 0.647498 0.164531 0.520392 0.327998 0.351206
0 0.598909 0.720774 0.634676 0.14118 0.346371
0 0.754096 0.160809 0.310069 0.321316 0.34486
0 0.613243 0.504026 0.67234 0.128603 0.333505
0 0.613758 0.215104 0.655405 0.23941 0.329154
0 0.47908 0.497616 0.414037 0.142168 0.31732
0 0.598712 0.599807 0.676738 0.127407 0.316546
0 0.587708 0.947589 0.623081 0.104822 0.308048
0 0.621801 0.804957 0.521367 0.0857792 0.304122
0 0.617276 0.379421 0.689765 0.15821 0.300739
0 0.641689 0.694736 0.503204 0.111582 0.293239
0 0.593643 0.95122 0.651746 0.0975607 0.287678
0 0.751445 0.148782 0.293863 0.29703 0.280832
0 0.617733 0.370785 0.688257 0.155029 0.278921
0 0.594744 0.733348 0.613107 0.142262 0.271578
0 0.656592 0.51331 0.542585 0.106341 0.270848
0 0.627012 0.358354 0.689353 0.147762 0.265887
0 0.623925 0.699516 0.541664 0.096199 0.265712
0 0.693759 0.506985 0.48252 0.091571 0.259966
0 0.644729 0.697094 0.49453 0.0962067 0.255105
0 0.62639 0.879251 0.530217 0.0968411 0.245512
0 0.226077 0.114966 0.434459 0.200712 0.245023
0 0.602289 0.475779 0.694147 0.171797 0.2366
0 0.477551 0.497968 0.426344 0.126193 0.22308
0 0.591577 0.249584 0.637809 0.184547 0.220245
0 0.617583 0.467075 0.678622 0.16019 0.219587
0 0.523371 0.499126 0.504166 0.134802 0.218602
0 0.73754 0.170372 0.392326 0.323939 0.215073
0 0.611439 0.38795 0.690293 0.180275 0.203731
0 0.639638 0.805657 0.477263 0.0840942 0.202365
0 0.603621 0.488879 0.691287 0.167445 0.194317
0 0.411859 0.731409 0.225961 0.0956635 0.177535
0 0.590359 0.732698 0.635379 0.1713 0.176223
0 0.734281 0.138335 0.271236 0.272202 0.170833
0 0.571074 0.621925 0.542721 0.122356 0.160213
0 0.431932 0.732288 0.269947 0.102124 0.159884
0 0.588402 0.955366 0.637953 0.0892678 0.155611
0 0.656462 0.695097 0.476815 0.104102 0.153307
0 0.622085 0.878924 0.531759 0.107584 0.148785
0 0.72744 0.134853 0.249407 0.263097 0.144847
0 0.490149 0.500416 0.44606 0.120003 0.142877
0 0.407878 0.732638 0.214736 0.0870832 0.141596
0 0.67531 0.592591 0.536762 0.102181 0.140581
0 0.592073 0.22722 0.671005 0.223314 0.140313
0 0.549501 0.955927 0.5575 0.0881454 0.130395
0 0.705824 0.505541 0.456178 0.0860431 0.129962
0 0.513518 0.499215 0.458061 0.141687 0.127544
0 0.705087 0.129613 0.204557 0.259226 0.126601
0 0.711414 0.135404 0.219702 0.26701 0.126431
0 0.726295 0.121954 0.253401 0.23981 0.12543
0 0.378658 0.838439 0.163318 0.0891506 0.116108
0 0.7388 0.154474 0.263648 0.305666 0.115689
0 0.704389 0.119458 0.191904 0.238916 0.113731
0 0.535262 0.255482 0.485679 0.134974 0.111224
0 0.66003 0.698332 0.465339 0.0921168 0.109863
0 0.480785 0.731798 0.368711 0.108932 0.108629
0 0.376929 0.501917 0.206399 0.096063 0.105258
0 0.426326 0.502673 0.309843 0.0959484 0.104369
0 0.624964 0.26637 0.685265 0.251838 0.101468
