0 0.449264 0.38901 0.106806 0.250308 0.608046
0 0.444099 0.222872 0.0638182 0.135344 0.605898
0 0.31566 0.256813 0.0643724 0.176073 0.592552
0 0.271995 0.402778 0.0998797 0.24565 0.586479
0 0.496452 0.238561 0.0674732 0.134894 0.583929
0 0.443076 0.221113 0.0610865 0.12718 0.561939
0 0.240325 0.72211 0.0881729 0.470482 0.545805
0 0.658447 0.778928 0.20137 0.413721 0.543926
0 0.151888 0.746781 0.126509 0.423339 0.527406
0 0.358606 0.215427 0.0623946 0.139607 0.52472
0 0.359532 0.219329 0.0580589 0.14135 0.522919
0 0.511846 0.700762 0.115524 0.493684 0.522133
0 0.315241 0.255166 0.0654063 0.19317 0.50265
0 0.616285 0.520222 0.0851217 0.171647 0.490224
0 0.313587 0.260701 0.0651845 0.188154 0.483414
0 0.656232 0.286998 0.0815794 0.253731 0.474566
0 0.4117 0.718874 0.0967399 0.483485 0.471301
0 0.495471 0.242814 0.063755 0.12808 0.469858
0 0.315127 0.25459 0.0621406 0.158985 0.464026
0 0.267251 0.262787 0.0592481 0.0779952 0.462844
0 0.245546 0.721894 0.0963191 0.466353 0.460579
0 0.16268 0.425357 0.118792 0.430845 0.457581
0 0.713797 0.548227 0.120545 0.220547 0.45634
0 0.662108 0.290016 0.093402 0.248225 0.453116
0 0.225795 0.257127 0.0616502 0.173478 0.4486
0 0.443199 0.22593 0.0546285 0.128158 0.44732
0 0.449961 0.387423 0.122452 0.262704 0.444691
0 0.146307 0.752436 0.128095 0.435908 0.438884
0 0.351932 0.450944 0.101401 0.384305 0.427861
0 0.70925 0.247027 0.060466 0.143571 0.425597
0 0.841379 0.796891 0.203116 0.400107 0.425188
0 0.267424 0.26203 0.0643174 0.0806367 0.424748
0 0.416542 0.709639 0.0934195 0.469404 0.423291
0 0.354154 0.45852 0.110252 0.403666 0.420901
0 0.505161 0.711982 0.112475 0.50851 0.419895
0 0.450266 0.385088 0.0973522 0.256038 0.413467
0 0.249289 0.719152 0.112065 0.464028 0.40645
0 0.254844 0.731592 0.114604 0.472127 0.403317
0 0.166248 0.41426 0.128536 0.406054 0.390354
0 0.352633 0.425712 0.0973852 0.340765 0.38537
0 0.359323 0.223365 0.0538185 0.143299 0.382542
0 0.666151 0.293336 0.107355 0.258738 0.373341
0 0.763811 0.302658 0.0751869 0.194439 0.372187
0 0.498815 0.711021 0.0936661 0.498816 0.367288
0 0.862732 0.797863 0.141221 0.401523 0.36437
0 0.142573 0.750575 0.150406 0.437311 0.362844
0 0.223146 0.261125 0.0627158 0.203728 0.358327
0 0.821312 0.353826 0.0886956 0.236573 0.357341
0 0.227582 0.25459 0.0607838 0.158272 0.356446
0 0.837151 0.741169 0.210189 0.50605 0.356255
0 0.352412 0.471703 0.108783 0.435509 0.354355
0 0.155068 0.737711 0.11722 0.404152 0.354041
0 0.586391 0.341399 0.118341 0.31666 0.350304
0 0.61897 0.516235 0.0914796 0.165995 0.342041
0 0.81053 0.721185 0.132241 0.552515 0.339939
0 0.266585 0.26272 0.0543649 0.0763577 0.33978
0 0.615122 0.517186 0.0866352 0.155359 0.326508
0 0.269551 0.402964 0.115354 0.25794 0.326175
0 0.231981 0.722334 0.0771956 0.463132 0.32129
0 0.353381 0.397406 0.0948107 0.27803 0.318723
0 0.841019 0.792024 0.22684 0.406733 0.318552
0 0.35784 0.211066 0.0681322 0.138597 0.314759
0 0.270757 0.399281 0.0861871 0.249242 0.309568
0 0.861263 0.798007 0.169345 0.403985 0.307188
0 0.817514 0.723245 0.159613 0.550352 0.305642
0 0.761753 0.325817 0.0758606 0.239742 0.305016
0 0.417418 0.692708 0.0893636 0.438242 0.296248
0 0.401466 0.22426 0.0527131 0.162811 0.295029
0 0.223353 0.258553 0.0727586 0.18631 0.294089
0 0.820757 0.360573 0.0962784 0.237966 0.287021
0 0.615867 0.524886 0.079911 0.171362 0.284916
0 0.504176 0.702152 0.0989662 0.491846 0.284775
0 0.85207 0.803946 0.229369 0.391328 0.27089
0 0.668801 0.779526 0.208812 0.423141 0.270817
0 0.516199 0.339676 0.0810102 0.188686 0.269109
0 0.811249 0.7159 0.122314 0.535976 0.268964
0 0.516995 0.31751 0.064299 0.133893 0.262247
0 0.655575 0.268954 0.0702977 0.204178 0.258483
0 0.713043 0.254855 0.0679269 0.178295 0.25691
0 0.518036 0.366937 0.0826322 0.240705 0.255571
0 0.713769 0.553696 0.131999 0.226984 0.251838
0 0.585553 0.351528 0.103124 0.285987 0.250547
0 0.510634 0.678152 0.109456 0.449161 0.250531
0 0.580595 0.219537 0.0675661 0.156161 0.247281
0 0.342356 0.722286 0.0773515 0.417271 0.244367
0 0.445291 0.397101 0.112802 0.269151 0.242833
0 0.813456 0.348733 0.0661303 0.22554 0.239354
0 0.402215 0.223032 0.0489587 0.148455 0.235665
0 0.587312 0.323357 0.112753 0.295472 0.235194
0 0.72547 0.383074 0.0996256 0.196153 0.235151
0 0.661039 0.777068 0.167261 0.403772 0.233208
0 0.894197 0.611634 0.20471 0.671898 0.232225
0 0.313539 0.249426 0.0587317 0.141494 0.23049
0 0.900907 0.637687 0.193056 0.70002 0.227025
0 0.765176 0.294631 0.0648921 0.157347 0.224278
0 0.493068 0.711411 0.0838629 0.49292 0.224
0 0.728846 0.378695 0.111828 0.20773 0.220126
0 0.57966 0.240519 0.0700801 0.195848 0.217203
0 0.712356 0.276329 0.0692963 0.228496 0.216008
0 0.810667 0.353473 0.0627666 0.224808 0.215114
0 0.668392 0.306837 0.115959 0.279996 0.214177
0 0.500425 0.7112 0.111306 0.497214 0.214062
0 0.580096 0.22855 0.0724379 0.176104 0.211413
0 0.442933 0.22785 0.0501179 0.126467 0.210431
0 0.586135 0.324919 0.126642 0.318065 0.210419
0 0.516814 0.313494 0.0679908 0.1236 0.208684
0 0.448362 0.386701 0.0714657 0.241731 0.20589
0 0.227953 0.252879 0.0582631 0.143742 0.205155
0 0.153366 0.725042 0.10882 0.377655 0.204665
0 0.352846 0.389353 0.0891183 0.273911 0.204242
0 0.607271 0.676806 0.0821354 0.238406 0.19989
0 0.223963 0.262485 0.0819189 0.205996 0.199478
0 0.579898 0.228294 0.0651144 0.164761 0.198658
0 0.507535 0.674828 0.0958103 0.439443 0.198495
0 0.521657 0.3745 0.0801651 0.248612 0.197436
0 0.711188 0.251298 0.0567532 0.146298 0.191837
0 0.837707 0.359683 0.137997 0.248128 0.190428
0 0.758819 0.345816 0.0847042 0.267908 0.18725
0 0.580568 0.223348 0.063681 0.149627 0.184863
0 0.831108 0.351959 0.123246 0.252072 0.183614
0 0.161374 0.677742 0.102736 0.281868 0.18251
0 0.159626 0.706319 0.103886 0.33227 0.181148
0 0.822547 0.34382 0.0906229 0.238755 0.17927
0 0.71181 0.547473 0.111923 0.232172 0.178332
0 0.449215 0.398551 0.125541 0.272585 0.177656
0 0.674617 0.305565 0.149436 0.292751 0.169541
0 0.715021 0.250315 0.0704392 0.175819 0.167711
0 0.721891 0.373029 0.10785 0.219475 0.166263
0 0.579515 0.23244 0.0814112 0.174821 0.165826
0 0.51289 0.320653 0.08055 0.170359 0.165669
0 0.71141 0.587979 0.127995 0.307815 0.165531
0 0.654827 0.271508 0.0749523 0.23472 0.164423
0 0.441262 0.223606 0.0678763 0.148033 0.164097
0 0.584526 0.314856 0.10004 0.278138 0.163993
0 0.159039 0.69301 0.107331 0.325988 0.163577
0 0.844728 0.367471 0.151315 0.250474 0.161871
0 0.674027 0.297286 0.145313 0.270389 0.159756
0 0.588383 0.30661 0.117323 0.259907 0.159279
0 0.764716 0.309185 0.0667101 0.20783 0.157137
0 0.823813 0.36421 0.120405 0.250566 0.157061
0 0.719428 0.55251 0.0935225 0.224841 0.155792
0 0.714256 0.599025 0.139278 0.332732 0.154948
0 0.345418 0.607384 0.0551274 0.140069 0.15492
0 0.658205 0.272926 0.0750017 0.180904 0.154657
0 0.734141 0.354035 0.12297 0.259158 0.151634
0 0.340789 0.732372 0.0822848 0.43263 0.15127
0 0.498109 0.235978 0.0813793 0.145477 0.151082
0 0.312336 0.273129 0.0645979 0.196254 0.15061
0 0.157848 0.714024 0.109681 0.358413 0.14808
0 0.850393 0.801131 0.262907 0.395425 0.144111
0 0.765173 0.296288 0.0651272 0.141629 0.143218
0 0.439727 0.232945 0.0659681 0.111067 0.141656
0 0.361716 0.215481 0.0673619 0.154999 0.139968
0 0.811747 0.563361 0.102148 0.243539 0.139612
0 0.344897 0.701578 0.0790033 0.422165 0.138584
0 0.581945 0.231621 0.0595896 0.155827 0.138531
0 0.583887 0.353893 0.0926287 0.29602 0.138191
0 0.62602 0.511265 0.115623 0.177571 0.136993
0 0.805035 0.674131 0.10665 0.457099 0.136321
0 0.658696 0.269597 0.0766686 0.200071 0.13627
0 0.221273 0.253504 0.0764212 0.188728 0.133543
0 0.891143 0.570841 0.207205 0.604606 0.13333
0 0.808393 0.645335 0.103988 0.404267 0.132485
0 0.250331 0.610963 0.0757426 0.241659 0.1324
0 0.26489 0.263992 0.0479393 0.0795585 0.13196
0 0.807252 0.700552 0.132512 0.498256 0.130259
0 0.496695 0.246843 0.0569026 0.128474 0.128563
0 0.417893 0.711878 0.102632 0.483273 0.127766
0 0.420361 0.666641 0.0897742 0.388552 0.126516
0 0.403637 0.236705 0.0432108 0.122028 0.126506
0 0.713561 0.297573 0.0783049 0.264585 0.125719
0 0.585434 0.292696 0.102987 0.295786 0.123633
0 0.580133 0.236844 0.0644415 0.171956 0.123528
0 0.517116 0.317183 0.061696 0.144142 0.122923
0 0.80088 0.70415 0.1126 0.496923 0.12197
0 0.812101 0.595348 0.101635 0.300804 0.121494
0 0.811004 0.62444 0.102747 0.360294 0.120369
0 0.440253 0.225814 0.0640504 0.115316 0.120128
0 0.862793 0.793439 0.124675 0.386596 0.120051
0 0.812129 0.584514 0.110599 0.290212 0.119759
0 0.500595 0.265263 0.0699211 0.183546 0.115715
0 0.654958 0.266909 0.0654541 0.224897 0.115693
0 0.899344 0.500404 0.193758 0.408232 0.115683
0 0.888547 0.525468 0.220309 0.532906 0.115659
0 0.525245 0.377618 0.0788099 0.245414 0.114221
0 0.359087 0.222906 0.049505 0.13592 0.113513
0 0.879125 0.389101 0.146823 0.282907 0.1124
0 0.420113 0.600033 0.0700769 0.240565 0.111412
0 0.221629 0.259678 0.0683052 0.195303 0.111358
0 0.812591 0.609503 0.111924 0.330441 0.109695
0 0.440376 0.221091 0.075466 0.150656 0.10962
0 0.156312 0.677012 0.10276 0.272469 0.109427
0 0.250096 0.695723 0.090795 0.414239 0.109358
0 0.228397 0.252338 0.0543448 0.137536 0.109192
0 0.806831 0.677703 0.118255 0.469536 0.108298
0 0.809021 0.647321 0.116655 0.408852 0.10661
0 0.810935 0.630177 0.115558 0.370311 0.105923
0 0.871814 0.375128 0.133844 0.264127 0.105402
0 0.580031 0.264184 0.0893497 0.247645 0.104768
0 0.449361 0.374011 0.0910769 0.241131 0.10419
0 0.419844 0.620194 0.0690406 0.252644 0.103896
0 0.449415 0.386453 0.0641589 0.231834 0.102208
0 0.57847 0.251911 0.0885422 0.220411 0.101331
0 0.346989 0.615638 0.0539108 0.144135 0.101257
0 0.403801 0.235798 0.0457148 0.128171 0.100856
