0 0.218591 0.840895 0.174454 0.169754 0.682483
0 0.885318 0.703304 0.203339 0.0887436 0.636902
0 0.914066 0.422692 0.171868 0.142037 0.595986
0 0.533779 0.397018 0.210601 0.113012 0.547822
0 0.605862 0.70091 0.20395 0.133202 0.545253
0 0.70983 0.137542 0.187897 0.125948 0.544718
0 0.536486 0.401828 0.214083 0.120233 0.54364
0 0.604627 0.697047 0.196784 0.118835 0.537506
0 0.608265 0.692155 0.197321 0.127561 0.496817
0 0.888196 0.706706 0.212753 0.101326 0.436063
0 0.0405682 0.0735801 0.08083 0.144606 0.434718
0 0.215439 0.841125 0.184526 0.180914 0.426428
0 0.0411996 0.0796208 0.0807193 0.159242 0.411383
0 0.706217 0.13799 0.196896 0.13667 0.387004
0 0.968433 0.962161 0.0619726 0.0753452 0.379985
0 0.292347 0.956397 0.182487 0.087205 0.363005
0 0.91599 0.416034 0.166689 0.138133 0.348155
0 0.910805 0.426182 0.17839 0.168497 0.341844
0 0.888773 0.703262 0.188475 0.067483 0.338217
0 0.205521 0.848909 0.192015 0.156847 0.315764
0 0.885641 0.707642 0.213184 0.123637 0.288195
0 0.296295 0.953155 0.182736 0.0936902 0.287176
0 0.608171 0.705962 0.213482 0.15943 0.25247
0 0.918099 0.412323 0.163802 0.151594 0.248318
0 0.892492 0.703951 0.206055 0.0700704 0.235055
0 0.964049 0.953243 0.0719027 0.0935139 0.227543
0 0.966517 0.95989 0.0669657 0.0797028 0.226016
0 0.049568 0.0746405 0.0981943 0.148582 0.224704
0 0.891108 0.701559 0.201865 0.0639218 0.197009
0 0.530576 0.404061 0.227317 0.142481 0.188909
0 0.88259 0.706479 0.211362 0.112259 0.172333
0 0.962839 0.955908 0.0726379 0.088184 0.15254
0 0.683517 0.139289 0.258322 0.138279 0.148437
0 0.920125 0.406142 0.159056 0.153132 0.140459
0 0.283735 0.955196 0.156507 0.0884506 0.138461
0 0.29143 0.941681 0.188304 0.116639 0.131308
0 0.207617 0.844525 0.172201 0.180442 0.122557
0 0.278343 0.956206 0.181434 0.0850365 0.120448
0 0.0456343 0.0946303 0.0909889 0.189101 0.118045
0 0.207604 0.848078 0.171136 0.159761 0.116628
0 0.537217 0.391215 0.196736 0.0917128 0.111536
0 0.609288 0.690987 0.21116 0.144306 0.106617
0 0.891115 0.705498 0.182179 0.075526 0.105119
0 0.9836 0.574796 0.0326429 0.108983 0.102596
