0 0.297463 0.10649 0.058467 0.196377 0.689308
0 0.601195 0.462024 0.0969889 0.209118 0.659617
0 0.309842 0.391359 0.0919597 0.203854 0.573615
0 0.590609 0.0742002 0.117749 0.1484 0.554353
0 0.861263 0.282286 0.112792 0.186187 0.53617
0 0.300408 0.106011 0.0754165 0.199434 0.526366
0 0.869172 0.285175 0.0895237 0.187562 0.516622
0 0.152019 0.781085 0.149753 0.187056 0.495712
0 0.035369 0.0326872 0.0679195 0.0653745 0.487647
0 0.300444 0.107436 0.0610777 0.202674 0.487041
0 0.606529 0.460224 0.078218 0.202929 0.467888
0 0.306319 0.39294 0.0773027 0.214088 0.424798
0 0.940155 0.959706 0.0999943 0.0800522 0.413757
0 0.872297 0.280625 0.0769436 0.172837 0.407827
0 0.302597 0.386613 0.0997131 0.217538 0.380852
0 0.314679 0.393128 0.0891666 0.207924 0.378698
0 0.860734 0.280933 0.122227 0.192585 0.367112
0 0.59783 0.0735289 0.104844 0.145476 0.354021
0 0.152844 0.780995 0.158466 0.200475 0.348305
0 0.863989 0.285783 0.102961 0.188662 0.344255
0 0.605123 0.460575 0.08766 0.218362 0.333656
0 0.314597 0.391623 0.083216 0.199588 0.330283
0 0.297815 0.110537 0.0529997 0.189742 0.326181
0 0.296964 0.109601 0.0783818 0.209385 0.322474
0 0.589283 0.0730458 0.136388 0.146092 0.302169
0 0.932713 0.959703 0.0897354 0.0798542 0.283949
0 0.020828 0.689364 0.0416561 0.180271 0.265567
0 0.591621 0.0751069 0.0957975 0.149542 0.261346
0 0.609001 0.457146 0.0718379 0.197792 0.261016
0 0.0342788 0.0271596 0.0668342 0.0543192 0.26054
0 0.855831 0.278772 0.117676 0.198269 0.259286
0 0.155748 0.781734 0.145357 0.169678 0.259179
0 0.155481 0.791414 0.140419 0.185002 0.253982
0 0.317467 0.387464 0.0996945 0.213433 0.252696
0 0.876337 0.283549 0.0719942 0.185061 0.247027
0 0.933859 0.959702 0.102571 0.0792597 0.231424
0 0.0255353 0.674795 0.049071 0.222134 0.226989
0 0.0377605 0.0339089 0.0637816 0.0678179 0.224955
0 0.610595 0.461084 0.0676426 0.187275 0.222821
0 0.0293221 0.678579 0.0568181 0.217183 0.205391
0 0.597211 0.461068 0.103334 0.21882 0.202895
0 0.599374 0.0684933 0.0982099 0.13514 0.195852
0 0.877004 0.280424 0.0650227 0.175015 0.190655
0 0.146779 0.777573 0.140007 0.192097 0.189597
0 0.86962 0.28074 0.0825649 0.163801 0.175707
0 0.0181565 0.68337 0.0363131 0.206906 0.17322
0 0.92632 0.949181 0.14736 0.0995718 0.166693
0 0.87524 0.27934 0.0668924 0.160424 0.163481
0 0.302497 0.396428 0.0698654 0.198191 0.162219
0 0.0235978 0.696923 0.0471212 0.164783 0.161286
0 0.311916 0.390195 0.118692 0.207079 0.160878
0 0.318266 0.406744 0.0872736 0.161842 0.160642
0 0.0357982 0.68284 0.0715965 0.223883 0.158188
0 0.0331578 0.674389 0.0663156 0.23613 0.157894
0 0.318726 0.399447 0.091558 0.177045 0.157425
0 0.602656 0.45318 0.115221 0.237828 0.139065
0 0.0407661 0.03704 0.0815322 0.0713737 0.138936
0 0.596837 0.0620802 0.0983934 0.12168 0.137599
0 0.595484 0.444566 0.114714 0.254123 0.136403
0 0.947399 0.961497 0.103273 0.0769413 0.136034
0 0.59144 0.0744888 0.151043 0.148441 0.135234
0 0.0212754 0.667773 0.0412023 0.245435 0.133847
0 0.926086 0.959153 0.0862434 0.0812098 0.133544
0 0.860329 0.2864 0.128024 0.211426 0.132506
0 0.0333864 0.0233125 0.064007 0.0466249 0.130117
0 0.878004 0.27877 0.0592167 0.170391 0.123211
0 0.443113 0.0161469 0.100885 0.0315326 0.118847
0 0.303078 0.11234 0.0565517 0.203105 0.115412
0 0.0364738 0.0358515 0.0729476 0.0717029 0.1143
0 0.157462 0.803864 0.166034 0.15773 0.111021
0 0.015129 0.680359 0.030258 0.208048 0.105617
