0 0.784195 0.458956 0.217033 0.668189 0.757191
0 0.489417 0.461959 0.187013 0.673692 0.694187
0 0.332831 0.46647 0.17634 0.661975 0.676715
0 0.182587 0.471123 0.186818 0.660355 0.667077
0 0.796017 0.457391 0.250401 0.680849 0.621668
0 0.166848 0.469467 0.190012 0.661665 0.600786
0 0.633463 0.438176 0.162882 0.670272 0.532977
0 0.619213 0.442164 0.152271 0.675559 0.430004
0 0.807903 0.445082 0.253699 0.655949 0.402543
0 0.342328 0.459881 0.160132 0.675138 0.32914
0 0.497599 0.451915 0.164306 0.677299 0.262277
0 0.469715 0.458201 0.141379 0.688985 0.254358
0 0.357827 0.458628 0.132992 0.682747 0.207843
0 0.637263 0.547434 0.132219 0.437433 0.199736
0 0.36704 0.462514 0.112977 0.687615 0.177382
0 0.288709 0.461636 0.125087 0.677416 0.166565
0 0.643206 0.522683 0.11317 0.500459 0.151787
0 0.768551 0.573968 0.144866 0.416609 0.149255
0 0.277526 0.402373 0.0961995 0.539861 0.148793
0 0.772864 0.449984 0.180587 0.668339 0.144963
0 0.764113 0.594432 0.147621 0.37257 0.13083
0 0.328511 0.465889 0.203027 0.679551 0.12323
0 0.275909 0.38629 0.0896842 0.508994 0.120972
0 0.756258 0.602145 0.125147 0.354585 0.114129
0 0.628795 0.227318 0.095306 0.250257 0.11328
0 0.309449 0.463396 0.155886 0.672429 0.106784
0 0.276569 0.466774 0.1079 0.683496 0.104542
0 0.284529 0.400265 0.11345 0.544244 0.103759
