0 0.316267 0.859426 0.591801 0.180564 0.488747
0 0.307353 0.854211 0.610782 0.164481 0.487855
0 0.339097 0.391841 0.597881 0.147294 0.454835
0 0.333407 0.270101 0.601691 0.141274 0.441978
0 0.325925 0.51887 0.617305 0.138222 0.424988
0 0.661399 0.641702 0.425959 0.176385 0.410082
0 0.325038 0.26019 0.626922 0.159455 0.377338
0 0.678766 0.266207 0.176126 0.128866 0.375764
0 0.651272 0.646855 0.473601 0.200324 0.371897
0 0.667501 0.403888 0.261802 0.140803 0.367046
0 0.31571 0.516987 0.631308 0.156597 0.363366
0 0.339164 0.152241 0.622651 0.144271 0.352844
0 0.335496 0.402772 0.60604 0.155598 0.344825
0 0.691579 0.264373 0.135936 0.123881 0.342307
0 0.33111 0.155051 0.622093 0.128778 0.341595
0 0.319579 0.392746 0.627948 0.163612 0.325026
0 0.287143 0.644763 0.574286 0.15394 0.321544
0 0.29618 0.636249 0.59236 0.130728 0.320176
0 0.312751 0.0642135 0.625503 0.128427 0.310186
0 0.667118 0.266633 0.208924 0.131937 0.30742
0 0.343198 0.0577095 0.685062 0.115419 0.301523
0 0.285835 0.74237 0.57167 0.12232 0.297605
0 0.321753 0.262278 0.634993 0.176741 0.297405
0 0.64144 0.627605 0.452918 0.154052 0.294054
0 0.290719 0.65769 0.581437 0.179308 0.287977
0 0.291968 0.736933 0.581497 0.12965 0.28485
0 0.673912 0.395916 0.24466 0.150597 0.284715
0 0.301498 0.628882 0.5963 0.131851 0.280264
0 0.650908 0.403703 0.296249 0.157893 0.279352
0 0.297388 0.64372 0.594775 0.142601 0.278048
0 0.338678 0.0618939 0.677357 0.123788 0.265385
0 0.658735 0.265651 0.235354 0.134383 0.263371
0 0.31144 0.843263 0.62288 0.181181 0.262138
0 0.662948 0.631779 0.428517 0.159847 0.257931
0 0.280496 0.952146 0.560991 0.095709 0.256696
0 0.321398 0.869335 0.593161 0.214499 0.24718
0 0.398651 0.0537448 0.794549 0.10749 0.239056
0 0.320825 0.25448 0.640723 0.214772 0.234347
0 0.575926 0.19058 0.153773 0.0946784 0.209752
0 0.286489 0.0730828 0.569517 0.146166 0.206525
0 0.273401 0.524298 0.544596 0.177087 0.19902
0 0.680438 0.257121 0.170727 0.148739 0.197972
0 0.290024 0.652115 0.580048 0.158526 0.193442
0 0.311409 0.736153 0.501053 0.118915 0.192297
0 0.320368 0.520662 0.640737 0.174193 0.18032
0 0.331482 0.731841 0.461408 0.124037 0.169433
0 0.320337 0.164836 0.637229 0.132702 0.15659
0 0.396437 0.514011 0.470639 0.118145 0.150903
0 0.269978 0.954967 0.539955 0.0900656 0.150511
0 0.6758 0.248272 0.182477 0.162659 0.150507
0 0.431773 0.0508096 0.84161 0.101619 0.147722
0 0.29061 0.850188 0.575735 0.209303 0.14391
0 0.323241 0.174417 0.644427 0.150046 0.143122
0 0.660587 0.413059 0.275505 0.121178 0.141009
0 0.643684 0.26616 0.270575 0.146864 0.135526
0 0.383513 0.398768 0.492453 0.135146 0.132806
0 0.541279 0.621288 0.147941 0.117315 0.132461
0 0.566156 0.189934 0.1621 0.0943597 0.131583
0 0.683875 0.266302 0.1463 0.120183 0.12895
0 0.259128 0.949803 0.516309 0.100394 0.124286
0 0.284108 0.671373 0.56413 0.201012 0.122441
0 0.315948 0.189357 0.630614 0.175316 0.122228
0 0.655 0.637643 0.441307 0.163851 0.122121
0 0.421484 0.72038 0.281526 0.111328 0.113548
0 0.360409 0.725374 0.41328 0.123656 0.111643
0 0.408042 0.397015 0.440468 0.129012 0.111345
0 0.295424 0.762347 0.590847 0.13159 0.111039
0 0.421792 0.51548 0.42517 0.113971 0.110167
0 0.659518 0.411365 0.294385 0.177474 0.106379
0 0.375913 0.265337 0.499922 0.121278 0.105287
0 0.247437 0.951671 0.494873 0.0966572 0.104127
0 0.573553 0.190948 0.174191 0.0948038 0.103283
0 0.40303 0.269504 0.447952 0.131811 0.101841
0 0.369124 0.722362 0.390746 0.11572 0.101819
0 0.378628 0.268632 0.495907 0.138071 0.10146
