0 0.719429 0.437602 0.158633 0.750249 0.571344
0 0.21548 0.607249 0.197701 0.709239 0.52904
0 0.56356 0.727927 0.085083 0.132433 0.476862
0 0.569479 0.429125 0.156961 0.73897 0.45916
0 0.400561 0.621592 0.183905 0.708993 0.364416
0 0.942405 0.383497 0.111355 0.733048 0.328823
0 0.936861 0.393397 0.121658 0.759666 0.302573
0 0.401577 0.574938 0.177856 0.81939 0.284048
0 0.850132 0.402294 0.14483 0.790803 0.272112
0 0.197434 0.579945 0.218693 0.740622 0.265276
0 0.72664 0.428236 0.175308 0.775002 0.247572
0 0.94601 0.402339 0.104514 0.685069 0.230456
0 0.930896 0.39831 0.134906 0.77318 0.224709
0 0.218431 0.610853 0.217662 0.715028 0.21767
0 0.552589 0.409582 0.20004 0.784012 0.195678
0 0.562896 0.731501 0.0891371 0.141943 0.180067
0 0.846666 0.426937 0.148934 0.737756 0.165925
0 0.714188 0.428485 0.20166 0.766019 0.137174
0 0.407554 0.898852 0.102973 0.131188 0.1236
0 0.577876 0.421579 0.160805 0.766785 0.117526
0 0.404377 0.618401 0.204012 0.709509 0.115882
0 0.536092 0.408588 0.219138 0.797422 0.113066
0 0.56208 0.725488 0.0792263 0.119735 0.106905
0 0.839195 0.416659 0.139957 0.785852 0.105707
0 0.562644 0.421255 0.173172 0.75164 0.100336
