0 0.212787 0.493328 0.171955 0.714019 0.791314
0 0.371087 0.530839 0.162676 0.827649 0.633379
0 0.805144 0.422094 0.157539 0.702403 0.616025
0 0.592791 0.39518 0.131438 0.590661 0.603535
0 0.802492 0.426654 0.141932 0.714329 0.592504
0 0.495951 0.476313 0.136965 0.738241 0.56637
0 0.214658 0.493919 0.189146 0.734545 0.532834
0 0.591432 0.422929 0.126807 0.651778 0.5278
0 0.589329 0.397124 0.116885 0.600885 0.513396
0 0.689227 0.401151 0.11311 0.617801 0.506836
0 0.594769 0.40576 0.119626 0.629585 0.433273
0 0.494285 0.438174 0.129347 0.691393 0.430992
0 0.489175 0.477447 0.128691 0.77429 0.416904
0 0.693383 0.419273 0.127434 0.673181 0.413172
0 0.367687 0.51088 0.14693 0.787834 0.409677
0 0.497037 0.41337 0.120248 0.645717 0.406201
0 0.376669 0.495154 0.171985 0.798522 0.379342
0 0.224387 0.480382 0.170138 0.727223 0.32986
0 0.491523 0.469783 0.117226 0.758356 0.328693
0 0.364725 0.491512 0.136923 0.763651 0.326957
0 0.492781 0.452408 0.109256 0.721159 0.30951
0 0.375251 0.551153 0.152452 0.780888 0.303354
0 0.80073 0.417169 0.128984 0.712176 0.30159
0 0.360173 0.470624 0.12813 0.726451 0.297842
0 0.693176 0.454021 0.132639 0.753141 0.262658
0 0.494059 0.419868 0.106397 0.667956 0.244621
0 0.676231 0.361386 0.109197 0.54521 0.188557
0 0.670785 0.378989 0.0971293 0.576082 0.182878
0 0.38468 0.484893 0.149541 0.77086 0.164945
0 0.796669 0.702443 0.0951334 0.1054 0.159453
0 0.36449 0.407039 0.119573 0.561836 0.150722
0 0.490044 0.354601 0.111619 0.537301 0.142763
0 0.689453 0.482316 0.125414 0.743619 0.142228
0 0.234595 0.473291 0.146155 0.719793 0.139878
0 0.594536 0.44462 0.126466 0.655522 0.127262
0 0.485295 0.350368 0.0971958 0.521425 0.117852
0 0.219003 0.465152 0.167245 0.696927 0.117769
0 0.683547 0.355115 0.126489 0.544253 0.117378
0 0.490128 0.364312 0.103186 0.555763 0.116195
0 0.675276 0.329141 0.106526 0.479792 0.113829
0 0.682245 0.374687 0.115238 0.576021 0.110189
0 0.795287 0.700863 0.090152 0.0996897 0.109831
0 0.0787743 0.444455 0.129454 0.691956 0.109532
0 0.593637 0.377767 0.116191 0.55503 0.104346
