0 0.439003 0.589806 0.2687 0.817224 0.796905
0 0.81719 0.640816 0.268272 0.708978 0.762409
0 0.124308 0.620573 0.2406 0.758855 0.699939
0 0.645737 0.556193 0.235271 0.887613 0.553516
0 0.436874 0.601503 0.249835 0.796993 0.50778
0 0.633335 0.553416 0.215917 0.882296 0.489762
0 0.830839 0.644209 0.267685 0.702338 0.458241
0 0.234935 0.362753 0.187564 0.532377 0.337009
0 0.643 0.550324 0.187984 0.897012 0.305193
0 0.23543 0.328223 0.228124 0.461436 0.302056
0 0.66644 0.422894 0.253144 0.638816 0.293116
0 0.652353 0.508803 0.233785 0.809792 0.281591
0 0.240097 0.486844 0.176204 0.785466 0.262942
0 0.240336 0.329444 0.192321 0.440032 0.230371
0 0.435183 0.562809 0.243803 0.757761 0.227692
0 0.232376 0.275169 0.167108 0.350345 0.208275
0 0.225569 0.252239 0.160476 0.308858 0.203161
0 0.433496 0.497125 0.235871 0.627886 0.199169
0 0.246886 0.54738 0.169323 0.903809 0.192504
0 0.229615 0.256499 0.163608 0.33105 0.192291
0 0.234094 0.303674 0.16718 0.390578 0.188567
0 0.649482 0.545919 0.211233 0.908163 0.186648
0 0.236391 0.281719 0.190542 0.368111 0.180933
0 0.678514 0.338171 0.287238 0.47382 0.171459
0 0.235882 0.260911 0.182159 0.345026 0.17079
0 0.23574 0.32709 0.164344 0.410808 0.164106
0 0.224225 0.242992 0.160227 0.277852 0.161432
0 0.805605 0.452861 0.191634 0.348722 0.155687
0 0.821386 0.615316 0.250172 0.666452 0.139772
0 0.228811 0.287345 0.15561 0.35397 0.136965
0 0.809342 0.473306 0.204681 0.355093 0.13257
0 0.66216 0.457035 0.242751 0.707459 0.121106
0 0.802465 0.443861 0.180033 0.326014 0.120951
0 0.815009 0.481056 0.226762 0.376729 0.119258
0 0.42733 0.586981 0.336923 0.826039 0.115334
0 0.126141 0.435697 0.190078 0.37399 0.101322
