0 0.452234 0.52775 0.423946 0.0982719 0.511285
0 0.464289 0.444526 0.383812 0.106723 0.436379
0 0.616211 0.304136 0.741822 0.187196 0.420786
0 0.596913 0.904102 0.751502 0.165981 0.371534
0 0.615307 0.304324 0.750574 0.170013 0.371361
0 0.479058 0.652876 0.577232 0.153838 0.359024
0 0.441815 0.665021 0.450705 0.123402 0.341367
0 0.599347 0.899292 0.758272 0.190547 0.330033
0 0.46699 0.305058 0.421342 0.171536 0.308814
0 0.456923 0.654418 0.527017 0.153033 0.305813
0 0.593349 0.303498 0.69868 0.163445 0.301719
0 0.434301 0.668038 0.469534 0.13421 0.297778
0 0.467776 0.447117 0.3886 0.0973927 0.29407
0 0.617154 0.448438 0.73797 0.154049 0.282536
0 0.613507 0.299197 0.752677 0.242272 0.263249
0 0.435465 0.915498 0.387538 0.119524 0.254319
0 0.599538 0.655915 0.800924 0.149159 0.234012
0 0.61669 0.316203 0.740674 0.214858 0.224666
0 0.465159 0.91405 0.437194 0.129526 0.224369
0 0.617557 0.443853 0.750994 0.134474 0.217769
0 0.459582 0.796634 0.523093 0.119775 0.209208
0 0.47618 0.910902 0.471788 0.154579 0.207709
0 0.461266 0.90789 0.451112 0.144611 0.199322
0 0.433658 0.80247 0.46991 0.113815 0.186044
0 0.468766 0.979091 0.552406 0.0418171 0.184936
0 0.567486 0.905853 0.69596 0.14812 0.183094
0 0.610975 0.450616 0.756323 0.201198 0.164549
0 0.602475 0.879921 0.769181 0.233245 0.160676
0 0.467728 0.305263 0.395889 0.1571 0.157919
0 0.420599 0.665363 0.47688 0.11783 0.150959
0 0.557613 0.787268 0.727346 0.137814 0.141289
0 0.451154 0.534553 0.419449 0.0822632 0.140702
0 0.414277 0.915575 0.338777 0.115262 0.135603
0 0.613216 0.330443 0.752906 0.295109 0.134261
0 0.43011 0.590592 0.459409 0.0707531 0.132159
0 0.351717 0.805285 0.304584 0.107688 0.131368
0 0.587822 0.443114 0.67986 0.129874 0.13103
0 0.425202 0.79834 0.444913 0.107649 0.129473
0 0.406365 0.916827 0.320674 0.108682 0.127834
0 0.378689 0.806089 0.360332 0.11316 0.12707
0 0.455119 0.523408 0.403936 0.0841829 0.124447
0 0.4606 0.666943 0.523195 0.122039 0.124159
0 0.435259 0.912136 0.394809 0.132309 0.120524
0 0.442249 0.978475 0.56545 0.0430502 0.113148
0 0.588575 0.804904 0.780001 0.200284 0.112804
0 0.452265 0.787287 0.485923 0.116326 0.112439
0 0.459679 0.66555 0.529664 0.138317 0.107758
0 0.596118 0.918183 0.7407 0.163634 0.102721
0 0.608826 0.558691 0.760569 0.131702 0.101126
0 0.591326 0.78744 0.783286 0.144879 0.100203
