0 0.673722 0.156774 0.644634 0.295769 0.716764
0 0.673272 0.357676 0.646499 0.20369 0.530798
0 0.677504 0.553332 0.644991 0.24417 0.51583
0 0.675739 0.456699 0.645203 0.201571 0.439741
0 0.674275 0.369975 0.643893 0.237036 0.428487
0 0.672532 0.341845 0.64823 0.213946 0.422114
0 0.681802 0.566308 0.634819 0.336851 0.404005
0 0.677541 0.44009 0.640846 0.242413 0.39843
0 0.679765 0.725464 0.640036 0.48849 0.390748
0 0.668166 0.351242 0.648354 0.178428 0.372741
0 0.646558 0.151516 0.697168 0.303031 0.358374
0 0.675983 0.651716 0.648034 0.359593 0.335211
0 0.677929 0.57582 0.644142 0.159427 0.325227
0 0.676797 0.521536 0.641738 0.303453 0.322935
0 0.674435 0.471894 0.641532 0.150909 0.26748
0 0.674198 0.406688 0.643454 0.313335 0.247349
0 0.670861 0.15807 0.658278 0.281341 0.223603
0 0.667684 0.345404 0.664633 0.149151 0.216677
0 0.666504 0.33971 0.653237 0.144024 0.200855
0 0.668965 0.345358 0.66207 0.170168 0.199776
0 0.677002 0.532932 0.643518 0.255755 0.196363
0 0.665178 0.768523 0.669645 0.462097 0.184392
0 0.646454 0.724076 0.707091 0.537402 0.169158
0 0.182597 0.496841 0.365194 0.983653 0.13685
0 0.594376 0.151585 0.770162 0.30317 0.134931
0 0.676615 0.573593 0.646769 0.151834 0.123906
0 0.670619 0.342013 0.658763 0.163041 0.12266
0 0.672979 0.194111 0.645162 0.348712 0.108459
0 0.128251 0.496957 0.256502 0.985881 0.105907
