0 0.545715 0.650585 0.692903 0.201019 0.742877
0 0.576752 0.849765 0.683243 0.204679 0.731211
0 0.506027 0.649448 0.757323 0.201796 0.720663
0 0.463101 0.647995 0.836784 0.202169 0.668344
0 0.506853 0.839688 0.83687 0.225327 0.621324
0 0.442488 0.642447 0.884976 0.192767 0.609871
0 0.485129 0.312911 0.775919 0.175646 0.596366
0 0.444712 0.309456 0.870549 0.182647 0.590114
0 0.467614 0.833314 0.843998 0.23842 0.581917
0 0.456725 0.476905 0.838317 0.232549 0.564137
0 0.502394 0.136461 0.867386 0.22909 0.551287
0 0.524202 0.142629 0.86459 0.216347 0.53703
0 0.547655 0.147603 0.805536 0.204207 0.526857
0 0.560311 0.843503 0.708242 0.215171 0.52617
0 0.507928 0.476642 0.796577 0.215649 0.51035
0 0.476098 0.480896 0.896916 0.219463 0.509182
0 0.539527 0.475648 0.75664 0.207583 0.506073
0 0.445967 0.638155 0.834338 0.182946 0.505771
0 0.546018 0.317039 0.636339 0.170543 0.444915
0 0.581982 0.150265 0.769223 0.198628 0.431864
0 0.502649 0.128436 0.831496 0.243803 0.415191
0 0.451027 0.314575 0.825683 0.199423 0.415069
0 0.554734 0.473505 0.712216 0.187887 0.410287
0 0.564153 0.857636 0.716139 0.248909 0.362956
0 0.470946 0.637297 0.924614 0.183962 0.350241
0 0.478354 0.142997 0.902362 0.209852 0.330507
0 0.484178 0.325165 0.909627 0.180827 0.323533
0 0.496945 0.313714 0.764914 0.203136 0.288054
0 0.472772 0.626468 0.920034 0.180959 0.283986
0 0.616571 0.853016 0.606089 0.207348 0.254192
0 0.527091 0.851412 0.774677 0.262192 0.250264
0 0.593976 0.47323 0.628886 0.177907 0.226255
0 0.641931 0.467142 0.526832 0.148008 0.202819
0 0.589697 0.0400171 0.770552 0.0792885 0.196321
0 0.593915 0.312541 0.532033 0.147833 0.194661
0 0.527085 0.314877 0.705119 0.195883 0.185031
0 0.615199 0.0387945 0.703983 0.077589 0.17903
0 0.496896 0.848012 0.860628 0.268396 0.167549
0 0.405738 0.470285 0.756067 0.188683 0.162297
0 0.751235 0.97024 0.49753 0.05952 0.161535
0 0.744476 0.964543 0.499835 0.0709144 0.157734
0 0.557245 0.0384272 0.817042 0.0757803 0.157458
0 0.664784 0.473072 0.493103 0.136458 0.154751
0 0.475679 0.821506 0.863935 0.262854 0.153137
0 0.453612 0.321243 0.860166 0.166552 0.144817
0 0.526124 0.0357869 0.872986 0.0708678 0.142718
0 0.454564 0.297844 0.831742 0.229947 0.141949
0 0.456759 0.305842 0.844167 0.200216 0.138048
0 0.733313 0.970601 0.533375 0.0587988 0.138037
0 0.456985 0.332715 0.861401 0.171761 0.13589
0 0.529341 0.0327219 0.880614 0.0654439 0.133837
0 0.652163 0.0374623 0.638345 0.0749246 0.12791
0 0.613111 0.313239 0.50627 0.13985 0.124848
0 0.477855 0.0369261 0.91321 0.0738522 0.12442
0 0.69937 0.117783 0.493112 0.110795 0.120249
0 0.76686 0.970347 0.460308 0.0593063 0.114539
0 0.755528 0.964729 0.452302 0.0705409 0.112244
0 0.472324 0.804179 0.936011 0.286335 0.108846
0 0.445062 0.149404 0.861947 0.208255 0.108322
0 0.729154 0.964173 0.541691 0.0716537 0.104341
0 0.707271 0.972413 0.585458 0.0551746 0.103714
