0 0.290427 0.528781 0.579411 0.244423 0.794585
0 0.298158 0.713988 0.586809 0.222533 0.760717
0 0.352913 0.852022 0.703659 0.204668 0.591902
0 0.364244 0.735369 0.725125 0.260613 0.511651
0 0.308553 0.548299 0.554455 0.181686 0.475209
0 0.630576 0.568399 0.191703 0.118041 0.447646
0 0.488131 0.390387 0.25862 0.140279 0.413962
0 0.411572 0.199898 0.823144 0.276623 0.37735
0 0.582289 0.767614 0.298812 0.13245 0.328884
0 0.541431 0.258382 0.55497 0.283574 0.315943
0 0.737516 0.598257 0.421245 0.205814 0.275961
0 0.393959 0.955081 0.786189 0.0898379 0.254144
0 0.312986 0.359972 0.606722 0.210441 0.248289
