0 0.753943 0.542544 0.173865 0.611946 0.679717
0 0.282721 0.548311 0.181193 0.688522 0.664168
0 0.441252 0.536433 0.171155 0.668902 0.534113
0 0.659055 0.537435 0.101686 0.59694 0.429059
0 0.578673 0.521638 0.0976113 0.640777 0.427425
0 0.626455 0.515834 0.134489 0.629329 0.316554
0 0.235951 0.292421 0.0794193 0.160009 0.300966
0 0.582143 0.439387 0.0787992 0.529422 0.2972
0 0.277963 0.455726 0.109332 0.509399 0.217752
0 0.374943 0.536995 0.0917304 0.608035 0.2019
0 0.582028 0.493976 0.139972 0.642351 0.20097
