0 0.218851 0.478639 0.271206 0.806949 0.684685
0 0.673257 0.456569 0.264676 0.8148 0.539467
0 0.406498 0.162387 0.104008 0.179039 0.515835
0 0.485229 0.221431 0.103291 0.169421 0.471472
0 0.0510819 0.437432 0.0986074 0.864563 0.410402
0 0.870866 0.441994 0.258267 0.883988 0.403761
0 0.343881 0.0720403 0.124294 0.144081 0.283857
0 0.491431 0.480501 0.211336 0.746638 0.264761
0 0.0698917 0.444553 0.139783 0.87704 0.237119
0 0.342423 0.0933357 0.141495 0.186671 0.235882
0 0.554106 0.0971638 0.16344 0.192962 0.223756
