0 0.809666 0.636163 0.272941 0.726936 0.745035
0 0.813093 0.635731 0.309856 0.728538 0.675426
0 0.154183 0.648252 0.196164 0.695884 0.650045
0 0.13641 0.650332 0.226964 0.695765 0.494144
0 0.810323 0.638763 0.350925 0.718242 0.34789
0 0.313117 0.432504 0.227698 0.654637 0.254014
0 0.826687 0.627297 0.335698 0.739601 0.25167
0 0.309013 0.37554 0.227058 0.545759 0.233746
0 0.30824 0.554159 0.191462 0.891681 0.222861
0 0.312139 0.360962 0.249344 0.518286 0.210601
0 0.91053 0.627107 0.174231 0.73906 0.207789
0 0.318839 0.553848 0.22981 0.892304 0.195464
0 0.316997 0.402894 0.240504 0.60065 0.190086
0 0.0462071 0.556503 0.0874327 0.879427 0.185281
0 0.0701405 0.444068 0.138455 0.777969 0.173034
0 0.82728 0.283444 0.172424 0.334298 0.149839
0 0.833537 0.286496 0.175913 0.363268 0.145849
0 0.0681656 0.488042 0.135255 0.863423 0.141507
0 0.303548 0.364516 0.195358 0.526351 0.140171
0 0.830325 0.287101 0.199891 0.369369 0.13257
0 0.0748899 0.438902 0.14978 0.767155 0.122643
0 0.946739 0.565965 0.106328 0.85143 0.120114
0 0.306364 0.23502 0.153456 0.238461 0.120038
0 0.826021 0.270856 0.199782 0.306375 0.115457
0 0.940414 0.592422 0.119172 0.801609 0.113264
0 0.901696 0.63264 0.190664 0.730141 0.109006
0 0.822392 0.254644 0.170964 0.257758 0.108519
0 0.160077 0.581814 0.167513 0.568255 0.105486
0 0.0489822 0.52941 0.093369 0.94118 0.104752
0 0.293531 0.573214 0.153284 0.845949 0.102507
0 0.317473 0.53423 0.23745 0.870295 0.100235
