0 0.578308 0.219176 0.702039 0.189734 0.498763
0 0.518849 0.811987 0.688106 0.225735 0.487268
0 0.641979 0.657817 0.698219 0.172002 0.479307
0 0.55011 0.80989 0.758747 0.205318 0.475306
0 0.586126 0.228114 0.708095 0.221738 0.473085
0 0.558638 0.233069 0.664437 0.235939 0.4649
0 0.61065 0.515447 0.75097 0.168167 0.454567
0 0.60126 0.513568 0.722672 0.181497 0.454002
0 0.574894 0.217569 0.679001 0.168348 0.44598
0 0.591404 0.809778 0.817191 0.19018 0.427987
0 0.595188 0.80264 0.79524 0.174794 0.419984
0 0.668286 0.652992 0.653129 0.168133 0.370686
0 0.593853 0.221835 0.728096 0.156709 0.370399
0 0.490267 0.81285 0.637593 0.220508 0.360352
0 0.603117 0.810284 0.772256 0.173289 0.353177
0 0.546339 0.393809 0.610255 0.14626 0.339625
0 0.559136 0.5189 0.661669 0.174916 0.334761
0 0.624617 0.517887 0.728654 0.155844 0.323732
0 0.610893 0.661055 0.609964 0.157279 0.323077
0 0.585944 0.392496 0.686724 0.152989 0.312913
0 0.60704 0.521302 0.748947 0.189077 0.309812
0 0.641983 0.80337 0.711687 0.174487 0.302105
0 0.595482 0.385044 0.710616 0.149608 0.283244
0 0.635462 0.66575 0.699418 0.174322 0.281438
0 0.518709 0.230368 0.584827 0.234645 0.266468
0 0.618358 0.0784351 0.725108 0.156312 0.245853
0 0.698883 0.651812 0.601863 0.168544 0.239489
0 0.679474 0.805599 0.62873 0.18113 0.222692
0 0.496906 0.520265 0.540034 0.161474 0.205447
0 0.588477 0.0763574 0.739663 0.152715 0.200816
0 0.577624 0.938129 0.82299 0.123742 0.195649
0 0.656756 0.0817849 0.65676 0.163514 0.195203
0 0.569799 0.928319 0.844032 0.137424 0.171128
0 0.60587 0.354868 0.757215 0.194049 0.171055
0 0.56233 0.226211 0.671504 0.210821 0.170625
0 0.507934 0.39557 0.537223 0.133017 0.160207
0 0.586498 0.260432 0.704923 0.220331 0.156786
0 0.606988 0.218208 0.700184 0.141241 0.154074
0 0.714966 0.949739 0.570069 0.100523 0.151092
0 0.674633 0.943416 0.645671 0.112673 0.144849
0 0.599649 0.290781 0.748553 0.213443 0.13786
0 0.692401 0.660706 0.611919 0.164686 0.133641
0 0.633335 0.0841565 0.699642 0.168313 0.132895
0 0.761187 0.951591 0.474629 0.0968189 0.132873
0 0.698082 0.805694 0.597969 0.197878 0.126525
0 0.453932 0.811163 0.575855 0.220615 0.120715
0 0.583996 0.944482 0.818897 0.111037 0.120375
0 0.592563 0.213164 0.736385 0.1533 0.119947
0 0.539006 0.946837 0.763034 0.106326 0.113441
0 0.495032 0.944472 0.696505 0.110121 0.112627
0 0.675483 0.521147 0.636335 0.149042 0.111604
0 0.608975 0.406289 0.751764 0.155546 0.109805
0 0.616502 0.0687097 0.740839 0.137419 0.106767
0 0.501927 0.393062 0.526566 0.152185 0.103445
0 0.576424 0.656358 0.552387 0.157358 0.100685
