0 0.481419 0.409515 0.0849672 0.175718 0.793623
0 0.431293 0.707145 0.0838755 0.179678 0.773893
0 0.51819 0.216977 0.0796843 0.132084 0.694853
0 0.142371 0.944891 0.147065 0.110218 0.618241
0 0.495357 0.0566937 0.0586411 0.112624 0.574709
0 0.939875 0.957287 0.118383 0.0849255 0.54884
0 0.0367464 0.0302518 0.0688599 0.0605036 0.481891
0 0.560821 0.0596476 0.0467598 0.118375 0.474009
0 0.517292 0.189974 0.0753393 0.190977 0.424462
0 0.435794 0.0323142 0.0491875 0.0646284 0.392336
0 0.526965 0.127309 0.0431023 0.135948 0.365753
0 0.494648 0.0392036 0.0529305 0.0784072 0.301031
0 0.547613 0.0159307 0.0459364 0.0309212 0.283475
0 0.0177963 0.0516474 0.0355925 0.103295 0.26686
0 0.0338634 0.0495541 0.0677268 0.0987538 0.208613
