0 0.409525 0.481796 0.174527 0.547177 0.562475
0 0.659514 0.458423 0.153334 0.507183 0.527508
0 0.428702 0.472051 0.158325 0.549391 0.52442
0 0.545132 0.462882 0.128883 0.517075 0.396577
0 0.43462 0.475523 0.175537 0.549305 0.392683
0 0.665664 0.459959 0.17888 0.50019 0.351695
0 0.417083 0.475048 0.182909 0.545427 0.337839
0 0.673974 0.453355 0.182786 0.519252 0.331525
0 0.539472 0.467316 0.11661 0.526427 0.301342
0 0.548206 0.463334 0.118542 0.503823 0.282945
0 0.666688 0.460384 0.210007 0.511686 0.213294
0 0.53677 0.464525 0.102798 0.495594 0.174964
0 0.533274 0.469104 0.164861 0.533076 0.138563
0 0.679288 0.360407 0.253822 0.720814 0.134635
0 0.473718 0.698807 0.0801236 0.119685 0.122749
0 0.473055 0.684046 0.0780064 0.145778 0.116298
0 0.55275 0.464206 0.141878 0.512295 0.107005
0 0.402281 0.483527 0.193167 0.554683 0.10253
