0 0.658429 0.630889 0.258734 0.737863 0.781852
0 0.460065 0.699625 0.239693 0.594906 0.781048
0 0.456578 0.703809 0.218084 0.591254 0.719229
0 0.638149 0.627761 0.224303 0.744477 0.714342
0 0.44163 0.701125 0.24819 0.595354 0.663295
0 0.280926 0.64611 0.209512 0.694579 0.596367
0 0.284229 0.652548 0.230275 0.694904 0.497186
0 0.341789 0.273363 0.192451 0.283188 0.418817
0 0.340334 0.321368 0.221224 0.40819 0.401245
0 0.340352 0.271615 0.184596 0.265083 0.389945
0 0.346813 0.2865 0.197432 0.322386 0.384517
0 0.257167 0.651256 0.256423 0.690089 0.376093
0 0.335779 0.269984 0.204501 0.267765 0.363201
0 0.339281 0.272652 0.219444 0.286372 0.361791
0 0.4634 0.330503 0.171643 0.201246 0.348287
0 0.472197 0.328787 0.150466 0.185684 0.336648
0 0.445697 0.703287 0.282435 0.589296 0.32051
0 0.0531601 0.616804 0.101724 0.766392 0.304734
0 0.341626 0.282081 0.221188 0.319732 0.285914
0 0.335282 0.308264 0.231718 0.369052 0.271361
0 0.255703 0.645432 0.28076 0.698126 0.254987
0 0.0469327 0.612776 0.0902008 0.774449 0.23506
0 0.350441 0.284562 0.177953 0.314781 0.228513
0 0.0751892 0.621364 0.150378 0.75573 0.215945
0 0.22824 0.649274 0.337871 0.69572 0.176291
0 0.0951099 0.619462 0.19022 0.756613 0.168982
0 0.470188 0.328673 0.175716 0.190572 0.163071
0 0.340776 0.270265 0.17189 0.249705 0.16296
0 0.0405762 0.60721 0.0767273 0.784961 0.161061
0 0.462694 0.356485 0.185146 0.267158 0.158433
0 0.135269 0.619381 0.259967 0.75826 0.155067
0 0.12804 0.620785 0.221085 0.750356 0.14008
0 0.33617 0.264988 0.189409 0.245812 0.138818
0 0.353857 0.321122 0.191397 0.410564 0.129197
0 0.0444369 0.590836 0.0847163 0.795604 0.119465
0 0.131334 0.623078 0.185 0.742825 0.114784
0 0.564753 0.109597 0.870494 0.219195 0.113061
