0 0.760317 0.714963 0.210959 0.570073 0.811191
0 0.219571 0.714836 0.246337 0.567885 0.782511
0 0.569863 0.698312 0.225263 0.603377 0.764496
0 0.393593 0.705481 0.182131 0.589039 0.725473
0 0.726471 0.284333 0.198677 0.433961 0.702154
0 0.232414 0.306376 0.164128 0.400353 0.67253
0 0.902015 0.78841 0.188393 0.423181 0.585559
0 0.425531 0.303269 0.154675 0.402715 0.570198
0 0.0898451 0.412542 0.17969 0.639481 0.564953
0 0.0903018 0.544836 0.180604 0.891801 0.563777
0 0.555653 0.312968 0.147632 0.368925 0.488961
0 0.921627 0.35024 0.156746 0.441048 0.457421
0 0.0842446 0.313159 0.168489 0.434896 0.403285
