0 0.266558 0.712475 0.268673 0.413988 0.778147
0 0.499445 0.294915 0.294547 0.589831 0.753998
0 0.835307 0.643455 0.265751 0.650024 0.688591
0 0.828177 0.700639 0.263129 0.540496 0.659621
0 0.506898 0.794583 0.255408 0.404383 0.65678
0 0.232078 0.446517 0.266394 0.399758 0.654657
0 0.221204 0.446017 0.303086 0.39854 0.572862
0 0.493225 0.794377 0.230209 0.40751 0.543885
0 0.655943 0.574177 0.210022 0.443781 0.543032
0 0.844802 0.543734 0.272463 0.856534 0.51327
0 0.820066 0.719401 0.264883 0.50385 0.402236
0 0.290654 0.710246 0.210711 0.423561 0.376147
0 0.849076 0.502332 0.28552 0.936432 0.346664
0 0.649622 0.551521 0.205222 0.495397 0.345155
0 0.780387 0.422197 0.384874 0.837008 0.330579
0 0.209288 0.358029 0.332315 0.581393 0.313657
0 0.897835 0.486121 0.20112 0.972242 0.305408
0 0.219424 0.327765 0.343264 0.633996 0.304942
0 0.659774 0.561763 0.22234 0.47333 0.304673
0 0.736053 0.414726 0.298689 0.822484 0.299097
0 0.197569 0.322781 0.391495 0.644774 0.293013
0 0.839162 0.583556 0.306824 0.769398 0.284334
0 0.713555 0.399026 0.288479 0.798052 0.282123
0 0.246067 0.72574 0.315526 0.405294 0.273177
0 0.907924 0.475415 0.183824 0.947434 0.27171
0 0.658591 0.408427 0.219395 0.78125 0.269837
0 0.861102 0.491758 0.271536 0.974472 0.258033
0 0.0736812 0.562165 0.144408 0.869182 0.250725
0 0.20132 0.296346 0.397753 0.589853 0.240388
0 0.508253 0.787546 0.196554 0.424909 0.231211
0 0.766814 0.396871 0.413266 0.793742 0.223691
0 0.785184 0.444829 0.420074 0.885509 0.209925
0 0.488163 0.785862 0.246483 0.412523 0.200406
0 0.915509 0.448004 0.168983 0.894889 0.195568
0 0.780871 0.326322 0.358488 0.649575 0.190064
0 0.829093 0.686741 0.314752 0.566332 0.180532
0 0.0811592 0.531108 0.162318 0.921444 0.178173
0 0.0387266 0.482423 0.0736064 0.964846 0.174532
0 0.64414 0.596311 0.209661 0.403239 0.174165
0 0.0554004 0.489738 0.106767 0.939498 0.170279
0 0.920366 0.40973 0.159267 0.819461 0.159663
0 0.168164 0.315329 0.334177 0.626681 0.15869
0 0.511968 0.790375 0.18283 0.400707 0.15431
0 0.753176 0.417898 0.320571 0.835796 0.152946
0 0.675568 0.40316 0.242725 0.806319 0.149736
0 0.506885 0.796159 0.300603 0.407682 0.144437
0 0.664045 0.455959 0.252034 0.684215 0.140115
0 0.805401 0.493199 0.389198 0.972982 0.128526
0 0.0903052 0.476386 0.18061 0.952773 0.126285
0 0.764208 0.30887 0.340868 0.614815 0.120352
0 0.517044 0.789699 0.17509 0.420603 0.119121
0 0.223387 0.444352 0.25002 0.418543 0.116534
0 0.775278 0.472977 0.449444 0.944243 0.115664
0 0.0815783 0.483713 0.163157 0.931283 0.10684
0 0.93121 0.401912 0.137581 0.803824 0.102166
