0 0.610137 0.557641 0.24959 0.810941 0.504996
0 0.598131 0.563482 0.302926 0.821109 0.442386
0 0.624768 0.579785 0.229292 0.837931 0.385643
0 0.590539 0.577947 0.333935 0.84012 0.274851
0 0.611665 0.519009 0.243061 0.739091 0.226735
0 0.333611 0.48549 0.253523 0.963989 0.151077
0 0.317774 0.513247 0.200831 0.97168 0.150145
0 0.314673 0.48827 0.278506 0.967477 0.14907
0 0.953155 0.469109 0.0906668 0.92527 0.147632
0 0.615632 0.458313 0.242583 0.622228 0.141293
0 0.0439412 0.461158 0.0832506 0.922316 0.140116
0 0.336838 0.479226 0.279478 0.956662 0.104453
0 0.610139 0.324624 0.186196 0.348724 0.103601
