0 0.406202 0.552265 0.15296 0.693781 0.69587
0 0.185021 0.603837 0.136595 0.643329 0.688949
0 0.554988 0.574398 0.181881 0.708307 0.679168
0 0.294171 0.561191 0.143077 0.661302 0.672419
0 0.404452 0.569149 0.14519 0.734207 0.601782
0 0.298341 0.587185 0.147723 0.679862 0.589337
0 0.179486 0.619737 0.130437 0.65768 0.587574
0 0.546237 0.585789 0.176476 0.715666 0.579291
0 0.187891 0.585192 0.143922 0.620247 0.579002
0 0.536331 0.584656 0.144471 0.734439 0.542933
0 0.823483 0.575012 0.282786 0.832565 0.532614
0 0.771807 0.608846 0.182526 0.754466 0.519829
0 0.183081 0.617051 0.149326 0.66603 0.477567
0 0.76635 0.603355 0.158685 0.710407 0.47
0 0.808342 0.571182 0.239301 0.790254 0.401231
0 0.826114 0.587797 0.254292 0.813775 0.383179
0 0.900049 0.516998 0.182511 0.897612 0.349056
0 0.292414 0.599257 0.13801 0.690734 0.343164
0 0.41315 0.580275 0.135035 0.727665 0.342254
0 0.300694 0.587055 0.130155 0.720409 0.333064
0 0.900422 0.592824 0.159615 0.813195 0.305865
0 0.860128 0.579426 0.240772 0.827859 0.276924
0 0.894505 0.529827 0.202535 0.888639 0.275487
0 0.286495 0.522023 0.109007 0.542731 0.266802
0 0.82787 0.615981 0.239854 0.761498 0.241684
0 0.290433 0.521409 0.128039 0.543321 0.23725
0 0.183701 0.561191 0.120155 0.530819 0.231233
0 0.944029 0.656751 0.111943 0.676603 0.227366
0 0.403983 0.527668 0.141372 0.633622 0.220647
0 0.403234 0.498161 0.127431 0.54516 0.217953
0 0.405208 0.57283 0.167687 0.712412 0.216594
0 0.838693 0.57777 0.281671 0.830802 0.209542
0 0.796874 0.303358 0.109493 0.223 0.208732
0 0.946235 0.629838 0.10753 0.740324 0.193312
0 0.7724 0.592841 0.151382 0.786322 0.187033
0 0.183736 0.540939 0.124598 0.51582 0.180971
0 0.288041 0.497164 0.108039 0.528461 0.174743
0 0.786197 0.303094 0.0738718 0.204504 0.170918
0 0.284441 0.542659 0.10784 0.556313 0.169655
0 0.29255 0.555211 0.13533 0.628505 0.168163
0 0.793741 0.584922 0.189993 0.801271 0.154799
0 0.2793 0.603877 0.117385 0.69282 0.149627
0 0.525009 0.588689 0.11949 0.71152 0.145628
0 0.292917 0.542799 0.121255 0.558791 0.136277
0 0.289225 0.495278 0.12558 0.524524 0.128999
0 0.941141 0.722794 0.117717 0.542728 0.128932
0 0.402388 0.47234 0.130744 0.529762 0.126901
0 0.872992 0.520275 0.254016 0.796944 0.12288
0 0.805651 0.3013 0.140743 0.230701 0.112264
0 0.768343 0.531019 0.141985 0.396666 0.104061
