0 0.853851 0.50439 0.253824 0.99122 0.646107
0 0.851184 0.486553 0.243289 0.935656 0.617387
0 0.151337 0.533518 0.220952 0.932963 0.580575
0 0.852705 0.405373 0.241891 0.765589 0.561167
0 0.153994 0.516777 0.235643 0.93239 0.541747
0 0.552237 0.412653 0.176162 0.805046 0.525257
0 0.856392 0.413139 0.263281 0.786703 0.509753
0 0.150527 0.514203 0.201689 0.885364 0.50107
0 0.551228 0.5 0.199657 1 0.490575
0 0.851074 0.50224 0.278488 0.964546 0.478728
0 0.550303 0.398067 0.161675 0.783208 0.473433
0 0.153525 0.440671 0.192484 0.747621 0.455008
0 0.68067 0.395769 0.169303 0.786669 0.436964
0 0.546411 0.365341 0.1542 0.715156 0.377112
0 0.316077 0.306541 0.140674 0.592825 0.326804
0 0.676691 0.366968 0.162645 0.732365 0.315451
0 0.158257 0.412966 0.179796 0.691553 0.305057
0 0.430028 0.412933 0.144998 0.790008 0.276303
0 0.42785 0.439183 0.151783 0.839364 0.271891
0 0.315095 0.442398 0.15304 0.856756 0.271037
0 0.430593 0.355053 0.136729 0.670597 0.264142
0 0.312325 0.49257 0.164141 0.965131 0.238989
0 0.42456 0.496806 0.158285 0.961322 0.228735
0 0.684564 0.490668 0.169218 0.981336 0.223761
0 0.3202 0.295311 0.124689 0.557767 0.219635
0 0.305825 0.500725 0.181713 0.998551 0.211349
0 0.416135 0.502078 0.173773 0.995845 0.193958
0 0.318623 0.270911 0.126966 0.525634 0.174453
0 0.359783 0.500095 0.25566 0.999811 0.137512
0 0.430018 0.286491 0.143159 0.537169 0.131973
0 0.576667 0.0967768 0.110356 0.193554 0.130421
0 0.540802 0.507674 0.212755 0.982986 0.128105
0 0.583684 0.0807099 0.0767537 0.16142 0.112163
0 0.545995 0.278845 0.150208 0.545382 0.110554
