0 0.155186 0.533398 0.222854 0.933205 0.662585
0 0.54817 0.450695 0.17384 0.873277 0.654775
0 0.836888 0.483076 0.24383 0.928507 0.637866
0 0.550447 0.482155 0.181412 0.937445 0.622078
0 0.681017 0.453723 0.161849 0.896867 0.5978
0 0.551189 0.416644 0.169108 0.831824 0.586179
0 0.310924 0.449868 0.159038 0.891184 0.563527
0 0.150204 0.519759 0.20294 0.909501 0.561184
0 0.686306 0.448642 0.180149 0.888226 0.551823
0 0.429207 0.456829 0.139066 0.89571 0.547901
0 0.68478 0.499779 0.16145 0.992189 0.530545
0 0.30802 0.477987 0.169008 0.950628 0.514206
0 0.432074 0.426674 0.13922 0.846249 0.499291
0 0.686605 0.411682 0.184348 0.823363 0.487095
0 0.841545 0.454105 0.233913 0.861209 0.478617
0 0.545012 0.370775 0.171339 0.741551 0.478004
0 0.304874 0.499413 0.180851 0.985007 0.461588
0 0.152211 0.460109 0.211542 0.807346 0.455932
0 0.554734 0.497199 0.189134 0.994398 0.451921
0 0.426159 0.500803 0.140216 0.98813 0.442873
0 0.691459 0.499929 0.185381 0.986304 0.427423
0 0.551985 0.50942 0.204395 0.956709 0.424631
0 0.418055 0.509792 0.135215 0.947568 0.361807
0 0.313324 0.391101 0.15103 0.782201 0.353529
0 0.842483 0.532847 0.234594 0.915195 0.323717
0 0.683593 0.334374 0.18765 0.667475 0.320416
0 0.544826 0.312036 0.177022 0.623147 0.304693
0 0.838631 0.411734 0.233544 0.810505 0.30242
0 0.432323 0.447136 0.160877 0.871079 0.282824
0 0.685146 0.367873 0.183972 0.73385 0.273407
0 0.314593 0.327317 0.151597 0.654328 0.242057
0 0.152564 0.428054 0.202168 0.739927 0.205552
0 0.303599 0.535022 0.164075 0.90705 0.201352
0 0.69403 0.536612 0.169049 0.916646 0.175881
0 0.412207 0.535277 0.122718 0.908396 0.173002
0 0.832261 0.364609 0.231957 0.718543 0.164123
0 0.434014 0.333255 0.14087 0.65645 0.136133
0 0.955316 0.532512 0.0893674 0.900902 0.132203
0 0.444022 0.496413 0.188568 0.984239 0.131861
0 0.967168 0.712851 0.0656635 0.574299 0.126194
0 0.582558 0.0837483 0.0732784 0.167497 0.112977
0 0.829509 0.572177 0.185501 0.846891 0.111384
0 0.790081 0.11894 0.127027 0.235479 0.107444
0 0.966834 0.696648 0.0663313 0.606705 0.101622
0 0.317346 0.258744 0.140007 0.517488 0.101233
