0 0.813985 0.779235 0.0623037 0.0888641 0.60073
0 0.0603614 0.0477787 0.120723 0.0939492 0.568054
0 0.115225 0.837648 0.101963 0.222652 0.563949
0 0.0618139 0.0470057 0.114235 0.0929287 0.557313
0 0.831263 0.111726 0.119279 0.20637 0.513239
0 0.509371 0.945794 0.04667 0.108413 0.504809
0 0.815078 0.780135 0.0568653 0.0877108 0.48959
0 0.835907 0.114617 0.128282 0.214401 0.471679
0 0.111029 0.840296 0.0907738 0.21528 0.446726
0 0.508153 0.94646 0.0556921 0.10708 0.433106
0 0.7986 0.661893 0.104726 0.218408 0.412109
0 0.784534 0.644928 0.0818362 0.184603 0.406184
0 0.779366 0.643778 0.0767304 0.182832 0.386945
0 0.791546 0.641458 0.0924231 0.20537 0.386848
0 0.962094 0.970504 0.0747768 0.0588835 0.366078
0 0.469749 0.948847 0.0488537 0.101484 0.36164
0 0.0641033 0.050453 0.127826 0.0976308 0.352801
0 0.891817 0.232899 0.105527 0.148821 0.346164
0 0.561344 0.973549 0.0601214 0.0529022 0.339506
0 0.800337 0.679471 0.101362 0.248434 0.326065
0 0.809011 0.778205 0.0663736 0.0845397 0.323359
0 0.561361 0.972464 0.0541895 0.0550724 0.318393
0 0.508683 0.946239 0.0404135 0.107522 0.313888
0 0.812318 0.780373 0.0675268 0.0897285 0.303541
0 0.107592 0.872052 0.0773064 0.138717 0.299305
0 0.947499 0.323422 0.0991638 0.17408 0.298963
0 0.112887 0.834948 0.110487 0.229562 0.296715
0 0.0715819 0.0466894 0.0933548 0.0900366 0.296669
0 0.891152 0.574106 0.0765308 0.0989124 0.290977
0 0.513172 0.93865 0.058102 0.1227 0.290514
0 0.876779 0.227427 0.131579 0.137187 0.288725
0 0.935218 0.618002 0.123196 0.204603 0.287888
0 0.818519 0.778798 0.0535713 0.0919746 0.286371
0 0.837157 0.145506 0.129983 0.164672 0.285908
0 0.932871 0.314261 0.131419 0.176776 0.285378
0 0.465024 0.948441 0.0582479 0.102822 0.284532
0 0.063799 0.0561031 0.127598 0.111017 0.283576
0 0.114464 0.834312 0.131735 0.232013 0.275107
0 0.95281 0.3203 0.0924568 0.167556 0.274723
0 0.955908 0.624315 0.0879082 0.200681 0.273075
0 0.818286 0.678881 0.0612768 0.209197 0.271264
0 0.948061 0.620262 0.100965 0.204729 0.271008
0 0.943427 0.31626 0.107703 0.172648 0.268973
0 0.560231 0.974364 0.0526646 0.0512719 0.260196
0 0.908589 0.233381 0.111721 0.17051 0.254942
0 0.961276 0.968474 0.0774487 0.0630524 0.245646
0 0.952879 0.616287 0.0942427 0.205758 0.245176
0 0.110872 0.87694 0.0798237 0.141745 0.24474
0 0.474231 0.948779 0.0390039 0.101448 0.236974
0 0.953237 0.322959 0.0935261 0.184106 0.236587
0 0.817816 0.680254 0.0583641 0.189402 0.234775
0 0.563826 0.973675 0.0669067 0.0526257 0.234552
0 0.925632 0.275059 0.143992 0.262493 0.231105
0 0.948919 0.616146 0.098452 0.185343 0.229034
0 0.128849 0.832125 0.0691933 0.189383 0.226649
0 0.0716871 0.0509503 0.143374 0.0978695 0.219069
0 0.79044 0.649253 0.101809 0.19891 0.214721
0 0.895284 0.574168 0.087101 0.0977648 0.209923
0 0.915144 0.238216 0.121228 0.192265 0.20973
0 0.0667549 0.0461512 0.104494 0.0893002 0.201612
0 0.965012 0.968565 0.0699761 0.0628705 0.198277
0 0.836244 0.10845 0.143495 0.200247 0.196431
0 0.776756 0.641945 0.0741356 0.164781 0.194221
0 0.477282 0.949506 0.0340189 0.0998781 0.192866
0 0.116248 0.824209 0.11776 0.257172 0.19277
0 0.819308 0.775571 0.0515015 0.0994163 0.192287
0 0.901221 0.575415 0.0948578 0.096833 0.188971
0 0.938666 0.317687 0.120081 0.175638 0.186257
0 0.511042 0.936289 0.0655197 0.127423 0.185008
0 0.563742 0.975305 0.063177 0.0493893 0.182592
0 0.951842 0.625187 0.0963155 0.195594 0.182583
0 0.905739 0.575818 0.105847 0.0965208 0.181802
0 0.965392 0.971947 0.069191 0.056105 0.180283
0 0.982225 0.945954 0.0349148 0.0843407 0.178185
0 0.901766 0.229645 0.0864742 0.165024 0.175802
0 0.826117 0.10642 0.100861 0.202378 0.175375
0 0.560989 0.968342 0.0593538 0.0633165 0.171123
0 0.925156 0.615496 0.133106 0.200408 0.166915
0 0.821784 0.679565 0.0526546 0.205082 0.165316
0 0.962339 0.681716 0.0753216 0.0814281 0.16229
0 0.459904 0.938276 0.074144 0.123448 0.160933
0 0.463924 0.951264 0.066186 0.0971535 0.160766
0 0.836073 0.137627 0.123007 0.135471 0.155233
0 0.936521 0.29679 0.12368 0.223638 0.155143
0 0.126651 0.83995 0.0608235 0.207293 0.153704
0 0.899771 0.231914 0.123527 0.164725 0.151806
0 0.884347 0.575862 0.0514996 0.101415 0.151626
0 0.820967 0.681475 0.0496206 0.187776 0.151277
0 0.951963 0.314735 0.0960743 0.174289 0.150903
0 0.480232 0.948422 0.0284237 0.098069 0.149975
0 0.801849 0.668233 0.106394 0.200732 0.148462
0 0.0639812 0.0703799 0.127962 0.14076 0.147036
0 0.911559 0.243281 0.0837381 0.179408 0.145944
0 0.919678 0.265337 0.135978 0.249862 0.142764
0 0.912344 0.236905 0.130901 0.181441 0.14256
0 0.471547 0.948656 0.0370983 0.0985622 0.141229
0 0.507875 0.946209 0.0366108 0.106168 0.140151
0 0.930289 0.603368 0.0763176 0.153721 0.139762
0 0.810853 0.780316 0.0574804 0.0894676 0.139169
0 0.119555 0.819322 0.134174 0.269605 0.138785
0 0.475946 0.949954 0.0709824 0.099268 0.134121
0 0.823885 0.109941 0.0973698 0.18264 0.133852
0 0.886069 0.573487 0.0662952 0.0999138 0.133676
0 0.45837 0.96163 0.0762444 0.0767402 0.128989
0 0.507167 0.948152 0.0406451 0.103695 0.128485
0 0.924464 0.26033 0.135203 0.235515 0.127713
0 0.508174 0.944751 0.0599468 0.110497 0.126946
0 0.895211 0.218557 0.0779747 0.150909 0.125995
0 0.0762772 0.0539244 0.152554 0.107255 0.125872
0 0.989917 0.944833 0.0201658 0.0806526 0.12287
0 0.570124 0.942392 0.090802 0.115216 0.118821
0 0.980604 0.948217 0.0379139 0.0925526 0.118272
0 0.807233 0.716338 0.0895969 0.127246 0.116591
0 0.916994 0.245114 0.0740976 0.174125 0.116372
0 0.804857 0.711067 0.0965391 0.121687 0.114978
0 0.967881 0.952632 0.0642382 0.0938774 0.112413
0 0.941961 0.321015 0.0992786 0.160377 0.112372
0 0.820326 0.110717 0.0878065 0.18506 0.110074
0 0.801921 0.701373 0.0957463 0.262038 0.109136
0 0.796214 0.0153719 0.0777124 0.0299741 0.108981
0 0.910012 0.578318 0.113853 0.103316 0.10898
0 0.802208 0.678393 0.0995929 0.212233 0.108203
0 0.786287 0.637052 0.0997728 0.184221 0.107476
0 0.878061 0.222864 0.124589 0.127281 0.106666
0 0.916399 0.583294 0.13519 0.1411 0.106125
0 0.800272 0.674835 0.0968504 0.194054 0.10564
0 0.81613 0.779746 0.0495895 0.0889931 0.105337
0 0.801652 0.7125 0.0860817 0.128492 0.105159
0 0.56291 0.969683 0.0549472 0.0606344 0.105123
0 0.975688 0.683609 0.0486236 0.0814804 0.103902
0 0.959682 0.967052 0.0806369 0.0658964 0.10217
0 0.956394 0.948163 0.0872124 0.103675 0.10188
0 0.912581 0.245146 0.0945305 0.166658 0.101195
