0 0.531526 0.712232 0.599226 0.201075 0.744895
0 0.489749 0.432656 0.589209 0.182737 0.592704
0 0.483401 0.567423 0.579264 0.132326 0.547292
0 0.490675 0.557815 0.598163 0.154683 0.511363
0 0.529455 0.718209 0.606348 0.230548 0.482791
0 0.483973 0.438051 0.619539 0.182289 0.361201
0 0.541564 0.427799 0.475131 0.190136 0.264805
0 0.515314 0.690534 0.612408 0.177662 0.243827
0 0.521049 0.704256 0.599069 0.195516 0.233878
0 0.484769 0.511344 0.594252 0.259229 0.196227
0 0.496062 0.566423 0.513939 0.117345 0.157714
0 0.484826 0.496408 0.616711 0.30904 0.143879
0 0.481812 0.510171 0.60206 0.226567 0.136171
0 0.516 0.441033 0.519125 0.167309 0.128759
0 0.523907 0.567377 0.460883 0.113531 0.113383
0 0.521837 0.56628 0.50528 0.132595 0.106474
