0 0.328048 0.299064 0.0933032 0.197436 0.535832
0 0.753219 0.686114 0.263808 0.609931 0.523741
0 0.323493 0.301258 0.10296 0.207205 0.513884
0 0.340451 0.524976 0.154669 0.482187 0.497543
0 0.3482 0.527953 0.169255 0.481918 0.421882
0 0.747729 0.666963 0.236059 0.61866 0.358444
0 0.0167713 0.249514 0.0335427 0.22268 0.317845
0 0.753371 0.696311 0.288247 0.594215 0.317065
0 0.197102 0.62132 0.207055 0.75736 0.29611
0 0.175746 0.418673 0.140549 0.341255 0.271271
0 0.286848 0.248746 0.037057 0.118272 0.27068
0 0.330679 0.30363 0.075157 0.20796 0.26717
0 0.338494 0.537084 0.128119 0.492828 0.265845
0 0.287762 0.248892 0.0339787 0.114991 0.263991
0 0.322338 0.316976 0.110902 0.240104 0.256848
0 0.0709921 0.220655 0.0277437 0.0912388 0.246611
0 0.350673 0.539807 0.127992 0.502163 0.240744
0 0.0160664 0.28288 0.0321329 0.285605 0.234859
0 0.0961854 0.228142 0.0269826 0.096797 0.228341
0 0.0942296 0.226748 0.0248119 0.0939676 0.225507
0 0.324546 0.326962 0.113935 0.255765 0.224892
0 0.0543397 0.217683 0.0245523 0.0870206 0.220387
0 0.203351 0.622608 0.222776 0.749514 0.213367
0 0.196521 0.591252 0.197289 0.69868 0.213084
0 0.138706 0.212345 0.0214422 0.0642006 0.212535
0 0.75995 0.7044 0.2662 0.577655 0.202638
0 0.920073 0.261241 0.141363 0.291389 0.199259
0 0.0548341 0.21724 0.0223253 0.0830856 0.197124
0 0.472988 0.278119 0.0267369 0.0936149 0.189766
0 0.0728877 0.222361 0.0257924 0.0903622 0.188882
0 0.177852 0.410798 0.13243 0.322519 0.188387
0 0.0172738 0.216171 0.0345476 0.128749 0.187997
0 0.0699464 0.2186 0.0259917 0.0892895 0.187005
0 0.0919689 0.221628 0.02178 0.0880352 0.185971
0 0.0180395 0.207673 0.0348463 0.118408 0.184779
0 0.115652 0.213994 0.0206469 0.0690466 0.183977
0 0.0710244 0.224447 0.030219 0.0939589 0.177142
0 0.163189 0.205455 0.0232533 0.077745 0.17661
0 0.107415 0.223927 0.0232545 0.0888959 0.173705
0 0.913176 0.261766 0.128384 0.288659 0.16799
0 0.719012 0.585612 0.168836 0.47228 0.16608
0 0.479636 0.545201 0.146567 0.288324 0.162846
0 0.723803 0.547583 0.145227 0.397103 0.160992
0 0.13617 0.211641 0.0226388 0.0658537 0.160305
0 0.017281 0.227117 0.0345619 0.249972 0.160055
0 0.211387 0.269064 0.0531595 0.225559 0.159149
0 0.107952 0.218369 0.0224799 0.0794609 0.157726
0 0.104213 0.22829 0.0297965 0.098691 0.157526
0 0.715922 0.560022 0.153736 0.416095 0.155987
0 0.138796 0.211947 0.0237231 0.0688506 0.15528
0 0.728878 0.670464 0.180203 0.628804 0.154142
0 0.210713 0.276513 0.0585591 0.239505 0.153766
0 0.47754 0.554895 0.134015 0.305549 0.152934
0 0.0740391 0.220099 0.024606 0.0895172 0.152794
0 0.436362 0.280481 0.025243 0.0893342 0.148255
0 0.537476 0.67975 0.315171 0.560977 0.147725
0 0.18701 0.609752 0.177553 0.734659 0.14311
0 0.134788 0.212056 0.0223887 0.0684523 0.142665
0 0.114534 0.220677 0.0219779 0.0842459 0.138595
0 0.718167 0.536433 0.13412 0.370911 0.136584
0 0.184151 0.567184 0.161966 0.646778 0.135648
0 0.919042 0.260256 0.16182 0.29549 0.132912
0 0.159622 0.206278 0.0244875 0.0730138 0.131869
0 0.482608 0.534784 0.135701 0.2666 0.131653
0 0.33115 0.307427 0.0721217 0.193652 0.13073
0 0.136705 0.213435 0.0252368 0.0703651 0.129386
0 0.194155 0.561922 0.189885 0.640438 0.128664
0 0.332762 0.291396 0.0773492 0.181698 0.128104
0 0.472729 0.276487 0.0306733 0.0948018 0.126133
0 0.176694 0.399459 0.125642 0.303141 0.125575
0 0.726917 0.520873 0.124629 0.339021 0.12456
0 0.729628 0.493057 0.106188 0.273461 0.123557
0 0.0185441 0.202245 0.036817 0.111217 0.120986
0 0.437296 0.281919 0.0253395 0.0862438 0.119964
0 0.508194 0.498278 0.0861023 0.198201 0.119824
0 0.505412 0.48844 0.101055 0.170263 0.117903
0 0.181382 0.42746 0.166234 0.366245 0.117309
0 0.159136 0.208423 0.0231198 0.0692268 0.115337
0 0.0161175 0.22242 0.0322351 0.125245 0.115034
0 0.0708217 0.22496 0.0324699 0.0980892 0.114137
0 0.0104944 0.216337 0.0209888 0.136353 0.113906
0 0.490216 0.498797 0.116658 0.190322 0.113834
0 0.330227 0.298246 0.0723475 0.188029 0.113391
0 0.358373 0.535095 0.123938 0.50208 0.112784
0 0.344993 0.536555 0.124445 0.491026 0.110924
0 0.0759247 0.218373 0.0224867 0.0858736 0.109896
0 0.0109568 0.206212 0.0219136 0.129968 0.109354
0 0.509712 0.497624 0.0824989 0.184654 0.107932
0 0.0908109 0.217649 0.0201438 0.0807771 0.107796
0 0.0100923 0.210399 0.0201847 0.133633 0.107502
0 0.392806 0.264927 0.0270622 0.092575 0.106538
0 0.116087 0.208891 0.0212602 0.0652871 0.105912
0 0.108799 0.214069 0.0238974 0.0738969 0.104998
0 0.0722824 0.226481 0.0277007 0.0931904 0.103688
0 0.517274 0.660811 0.230249 0.521961 0.100304
