0 0.15144 0.728837 0.0356883 0.132632 0.620044
0 0.0911515 0.715618 0.0482327 0.149446 0.616643
0 0.544898 0.674134 0.0325866 0.104078 0.601201
0 0.215843 0.512031 0.0266977 0.107666 0.594879
0 0.25313 0.415109 0.0227614 0.0845178 0.578184
0 0.317413 0.705401 0.035352 0.122802 0.567095
0 0.127197 0.533317 0.0303345 0.114035 0.56388
0 0.0803802 0.924699 0.0686614 0.147229 0.548361
0 0.136714 0.915421 0.0573225 0.148449 0.547572
0 0.235075 0.891251 0.0340932 0.111919 0.496129
0 0.228528 0.413215 0.0187381 0.0724541 0.446134
0 0.314362 0.537433 0.0262003 0.0725671 0.419563
0 0.0709143 0.516996 0.0288993 0.0977812 0.413167
0 0.263879 0.546677 0.0249449 0.0980492 0.395461
0 0.550802 0.781711 0.0286374 0.109358 0.381673
0 0.177859 0.515535 0.031338 0.100095 0.366506
0 0.371267 0.451809 0.019421 0.0792683 0.364546
0 0.114182 0.337863 0.0257257 0.0699888 0.35329
0 0.262929 0.534253 0.0214241 0.0750093 0.353273
0 0.0554073 0.467594 0.0274254 0.0692676 0.346423
0 0.340445 0.90675 0.0277792 0.069154 0.336972
0 0.32292 0.963592 0.0245543 0.0724865 0.335378
0 0.292942 0.540849 0.0196884 0.074554 0.33508
0 0.781211 0.538639 0.0163959 0.0504896 0.324826
0 0.0763606 0.454228 0.0196397 0.0560478 0.321105
0 0.177459 0.529437 0.0348696 0.13368 0.319557
0 0.0569857 0.46436 0.0225649 0.0585608 0.318619
0 0.0730313 0.509144 0.0270123 0.0766418 0.317943
0 0.097518 0.548645 0.0224564 0.0575865 0.316428
0 0.666905 0.979326 0.0380615 0.039497 0.30164
0 0.293043 0.552301 0.0222933 0.0963105 0.301148
0 0.297386 0.446673 0.0210631 0.0540195 0.300138
0 0.289646 0.980563 0.0210025 0.0380848 0.298965
0 0.0127401 0.495407 0.0189477 0.0575003 0.290607
0 0.32952 0.430892 0.0179981 0.0471092 0.289384
0 0.149172 0.476324 0.0241478 0.0579114 0.285896
0 0.418599 0.958017 0.0341846 0.0792995 0.285536
0 0.452745 0.523891 0.0176579 0.0504808 0.281373
0 0.177447 0.565157 0.0350194 0.0751097 0.26115
0 0.0933279 0.556751 0.0360448 0.0785455 0.260911
0 0.0756342 0.357253 0.0176371 0.0372235 0.254538
0 0.418181 0.948489 0.0309801 0.0567047 0.247631
0 0.451548 0.522418 0.0230059 0.0561964 0.247219
0 0.378176 0.454165 0.0169881 0.0755613 0.247012
0 0.723715 0.524015 0.0205605 0.0510452 0.235229
0 0.0501573 0.478343 0.0259644 0.0433035 0.234203
0 0.266132 0.556804 0.0201 0.106272 0.234084
0 0.424903 0.511352 0.0185606 0.076824 0.232081
0 0.301392 0.442275 0.0186543 0.049004 0.230165
0 0.124348 0.518014 0.0242997 0.0824762 0.228639
0 0.409061 0.487607 0.0175625 0.0448041 0.22835
0 0.297733 0.440076 0.0178553 0.0495695 0.220952
0 0.338037 0.915881 0.0378244 0.0889519 0.219887
0 0.477827 0.526829 0.0174781 0.0527342 0.218424
0 0.302115 0.434354 0.0178226 0.0436274 0.217774
0 0.358622 0.55707 0.0195895 0.0295719 0.215723
0 0.281339 0.450447 0.0119045 0.0364946 0.215438
0 0.782572 0.532889 0.0181252 0.0464569 0.214645
0 0.371583 0.468979 0.0184916 0.0520548 0.213528
0 0.0572732 0.456586 0.0212527 0.0462347 0.212634
0 0.151399 0.719944 0.0281184 0.11621 0.21091
0 0.409276 0.505996 0.0176091 0.0766116 0.210377
0 0.465858 0.899912 0.0202457 0.0530304 0.210256
0 0.750686 0.520562 0.0160534 0.0402549 0.209306
0 0.408224 0.516561 0.0158383 0.0589979 0.207203
0 0.233468 0.913432 0.0356574 0.171059 0.206452
0 0.293455 0.582124 0.0194114 0.0538883 0.20515
0 0.358458 0.668052 0.0168104 0.0268679 0.204644
0 0.0701667 0.356989 0.0139875 0.0353174 0.204422
0 0.669506 0.977981 0.0506029 0.0436787 0.203216
