0 0.65721 0.169164 0.0789881 0.23822 0.770513
0 0.455932 0.26416 0.0842388 0.20811 0.76484
0 0.536407 0.530495 0.0857919 0.185525 0.734365
0 0.221184 0.164845 0.104436 0.220029 0.734209
0 0.292001 0.360275 0.0840599 0.189063 0.709278
0 0.331055 0.619679 0.0973275 0.231837 0.708064
0 0.85164 0.47266 0.114893 0.198755 0.705628
0 0.538744 0.931233 0.096085 0.137534 0.68756
0 0.830483 0.794852 0.137829 0.169859 0.674333
0 0.747437 0.622077 0.106797 0.212871 0.66374
0 0.131681 0.576937 0.13034 0.193489 0.658668
0 0.501028 0.138633 0.0802773 0.277266 0.62004
0 0.149896 0.310665 0.101685 0.193471 0.617778
0 0.940028 0.548789 0.119945 0.182732 0.613453
0 0.139119 0.405014 0.122652 0.210223 0.588321
0 0.0496071 0.739011 0.0992143 0.168765 0.558185
0 0.209683 0.512615 0.0968773 0.171158 0.555471
0 0.882685 0.657086 0.139755 0.115769 0.53598
0 0.930483 0.955721 0.134926 0.0885576 0.48271
0 0.230436 0.0813812 0.105177 0.162467 0.455531
0 0.568303 0.0410201 0.0790104 0.0820403 0.422626
0 0.0379836 0.44363 0.0759671 0.25221 0.401555
0 0.0172143 0.893041 0.0344286 0.18646 0.366584
0 0.502892 0.185942 0.0778265 0.171847 0.345512
0 0.0428057 0.502073 0.0856113 0.130789 0.29326
0 0.326779 0.0305012 0.0881258 0.0610023 0.291339
0 0.499876 0.0838088 0.0753393 0.167618 0.250937
0 0.048775 0.760816 0.09755 0.106841 0.225592
0 0.95658 0.559015 0.086841 0.162623 0.219325
0 0.224417 0.0640142 0.0984121 0.128028 0.218819
0 0.989954 0.366377 0.0195417 0.109108 0.213818
