0 0.519262 0.354407 0.74303 0.224044 0.778604
0 0.499597 0.579781 0.605534 0.262756 0.752152
0 0.457133 0.836868 0.645024 0.276769 0.750066
0 0.541567 0.350816 0.766806 0.21005 0.74677
0 0.496264 0.571656 0.592817 0.23876 0.668055
0 0.481293 0.127491 0.679343 0.247343 0.662148
0 0.493239 0.564643 0.608137 0.266891 0.649849
0 0.49022 0.36252 0.6643 0.236772 0.628381
0 0.555243 0.119446 0.78018 0.227607 0.624685
0 0.555142 0.359114 0.730653 0.186598 0.57086
0 0.58938 0.108562 0.809081 0.208918 0.563905
0 0.497964 0.53449 0.596009 0.225729 0.510653
0 0.490093 0.583913 0.614309 0.325868 0.498691
0 0.541484 0.343211 0.765794 0.241629 0.473782
0 0.520089 0.353647 0.753605 0.259977 0.448092
0 0.496411 0.652709 0.600746 0.192412 0.438188
0 0.541658 0.356683 0.766961 0.245851 0.394208
0 0.46256 0.129751 0.623833 0.239776 0.389553
0 0.502296 0.544574 0.62583 0.241143 0.344163
0 0.487357 0.621042 0.620174 0.248517 0.33955
0 0.504364 0.51718 0.610884 0.202675 0.335251
0 0.570904 0.126699 0.801738 0.253398 0.309819
0 0.5414 0.370871 0.767186 0.164728 0.304182
0 0.495289 0.35532 0.682817 0.265022 0.268232
0 0.553702 0.363851 0.73107 0.227707 0.259116
0 0.381893 0.14341 0.430872 0.208214 0.255598
0 0.450977 0.849887 0.640871 0.297686 0.212856
0 0.348765 0.141866 0.362001 0.21289 0.211286
0 0.458898 0.949174 0.627729 0.101652 0.164093
0 0.571507 0.376691 0.785282 0.16238 0.158328
0 0.625775 0.132097 0.74845 0.255243 0.146109
0 0.548378 0.37556 0.754669 0.200954 0.143595
0 0.599568 0.149 0.799015 0.293218 0.143181
0 0.568 0.104007 0.863999 0.203916 0.132213
0 0.428603 0.371112 0.509068 0.203501 0.126012
0 0.540052 0.172785 0.791847 0.278668 0.119215
0 0.573107 0.384885 0.776841 0.181933 0.113457
0 0.415059 0.144602 0.490367 0.202458 0.113321
0 0.357398 0.814353 0.427459 0.203086 0.112623
0 0.554421 0.158844 0.751169 0.295023 0.10889
0 0.465581 0.823001 0.654695 0.291804 0.10633
0 0.374197 0.832926 0.458347 0.228689 0.102241
