0 0.570762 0.232891 0.112822 0.217032 0.438083
0 0.603315 0.637733 0.286053 0.607601 0.400303
0 0.601928 0.610583 0.275567 0.532073 0.384823
0 0.794928 0.406456 0.182096 0.55214 0.382463
0 0.4258 0.212669 0.146343 0.195027 0.366976
0 0.50709 0.387217 0.127031 0.215635 0.362815
0 0.669219 0.339164 0.185333 0.314875 0.361328
0 0.790519 0.382013 0.19081 0.497033 0.356331
0 0.790731 0.356482 0.199376 0.448134 0.319068
0 0.391056 0.536658 0.207471 0.672637 0.317301
0 0.57126 0.236311 0.136861 0.228159 0.314534
0 0.797463 0.447018 0.175827 0.630332 0.308232
0 0.42768 0.202841 0.152567 0.17997 0.304758
0 0.203118 0.515535 0.170295 0.579215 0.279529
0 0.669894 0.349273 0.199222 0.34433 0.267254
0 0.424892 0.201782 0.145073 0.1647 0.256591
0 0.800312 0.47975 0.17903 0.698517 0.24252
0 0.578878 0.201209 0.100687 0.105283 0.223469
0 0.423151 0.213007 0.160977 0.199584 0.216961
0 0.206703 0.347881 0.145238 0.247347 0.207875
0 0.57792 0.206415 0.103685 0.115371 0.204661
0 0.216757 0.526896 0.193445 0.613033 0.194498
0 0.667232 0.330544 0.163865 0.28366 0.19328
0 0.2105 0.337974 0.136178 0.221069 0.192275
0 0.20296 0.469279 0.168707 0.472468 0.1819
0 0.663064 0.320638 0.156695 0.263212 0.175875
0 0.794904 0.343863 0.178403 0.415862 0.174857
0 0.647667 0.921319 0.0361801 0.0196951 0.169132
0 0.572949 0.227653 0.124263 0.221305 0.168636
0 0.210303 0.344407 0.142994 0.225092 0.163818
0 0.658832 0.327336 0.166466 0.288512 0.158976
0 0.656094 0.922103 0.0325568 0.0194532 0.152342
0 0.801286 0.35633 0.158181 0.428096 0.1519
0 0.385758 0.53826 0.238994 0.67726 0.149997
0 0.944876 0.834433 0.0311489 0.0192474 0.147226
0 0.659664 0.306893 0.152647 0.240322 0.145384
0 0.590235 0.750528 0.0678701 0.208714 0.145021
0 0.590152 0.748737 0.0679428 0.186957 0.143033
0 0.796598 0.336793 0.164683 0.397288 0.141765
0 0.224046 0.51053 0.215096 0.581317 0.138848
0 0.133176 0.933613 0.0466826 0.0195221 0.137993
0 0.389512 0.411022 0.17969 0.423179 0.137635
0 0.209159 0.357759 0.153931 0.267206 0.137503
0 0.395889 0.468021 0.194643 0.512377 0.135032
0 0.584979 0.946157 0.047855 0.0184729 0.134775
0 0.507943 0.386429 0.160942 0.228198 0.131757
0 0.0187772 0.95797 0.0288958 0.0197987 0.128815
0 0.129083 0.933369 0.0402688 0.0183113 0.127672
0 0.771386 0.252843 0.175413 0.233051 0.126045
0 0.593164 0.946192 0.0545578 0.0192478 0.124083
0 0.631954 0.919135 0.0449316 0.0189713 0.122332
0 0.514433 0.385101 0.0957515 0.220038 0.120642
0 0.663131 0.922575 0.0251376 0.0189163 0.11978
0 0.568943 0.243423 0.120175 0.233588 0.116728
0 0.392155 0.392576 0.189806 0.392213 0.115501
0 0.508218 0.402567 0.120415 0.246253 0.113699
0 0.762107 0.244193 0.146524 0.215671 0.112921
0 0.422687 0.217569 0.120518 0.184427 0.111421
0 0.781559 0.34336 0.218324 0.406561 0.110724
0 0.34732 0.922136 0.0266292 0.0185905 0.109971
0 0.590962 0.949461 0.0635578 0.0221249 0.109544
0 0.800529 0.519921 0.184299 0.771435 0.109471
0 0.65491 0.404228 0.191754 0.437017 0.109428
0 0.602029 0.946666 0.0361094 0.019212 0.107308
0 0.392798 0.402758 0.160932 0.405424 0.104842
0 0.135818 0.936053 0.0530777 0.0214417 0.104603
0 0.206623 0.371663 0.15444 0.286347 0.103981
0 0.580089 0.197082 0.0963615 0.114197 0.10125
