0 0.787407 0.515428 0.0253947 0.109821 0.634017
0 0.62883 0.453678 0.0267595 0.0890383 0.632517
0 0.627297 0.452567 0.0331962 0.0890328 0.624332
0 0.786005 0.515722 0.0279067 0.114919 0.620798
0 0.62828 0.452668 0.0301283 0.0877453 0.608833
0 0.978297 0.905954 0.0432669 0.169633 0.603911
0 0.749507 0.417713 0.0256119 0.0873833 0.601072
0 0.888052 0.337573 0.0233372 0.0745879 0.592793
0 0.737166 0.552847 0.0278191 0.108987 0.586953
0 0.787299 0.515149 0.0235591 0.115753 0.585885
0 0.705163 0.750788 0.0425325 0.0941563 0.575575
0 0.887214 0.337711 0.0261036 0.0756681 0.562228
0 0.82864 0.795086 0.0412712 0.150031 0.559919
0 0.699691 0.552395 0.0319416 0.103259 0.553049
0 0.748488 0.418837 0.0235128 0.0913414 0.548685
0 0.704103 0.752506 0.0359913 0.100301 0.537564
0 0.775332 0.412157 0.0250496 0.0799085 0.536646
0 0.886541 0.337243 0.0236115 0.0749183 0.531954
0 0.460144 0.675116 0.0400789 0.125969 0.531708
0 0.824176 0.505568 0.0287697 0.0835571 0.522268
0 0.704591 0.751571 0.047377 0.0984797 0.522066
0 0.828005 0.565711 0.0399811 0.0810124 0.518011
0 0.775407 0.412537 0.0226695 0.0769596 0.515392
0 0.788302 0.516909 0.0225481 0.109227 0.509859
0 0.7758 0.411107 0.0198174 0.0781288 0.509775
0 0.462627 0.673913 0.0407677 0.127125 0.507228
0 0.466682 0.543381 0.0257733 0.06856 0.500773
0 0.703994 0.749566 0.0388056 0.091684 0.497096
0 0.700491 0.550355 0.0285433 0.103452 0.495016
0 0.459256 0.667934 0.0374492 0.11622 0.494367
0 0.698392 0.551941 0.0344536 0.106443 0.491388
0 0.549653 0.520187 0.0234739 0.0610315 0.48432
0 0.73531 0.554511 0.0240612 0.108206 0.481656
0 0.890604 0.812296 0.0484005 0.176695 0.479441
0 0.74832 0.418189 0.0208408 0.0863989 0.469975
0 0.90644 0.556491 0.0312706 0.0808693 0.459105
0 0.869873 0.545621 0.0362358 0.0984097 0.45703
0 0.593071 0.505333 0.0253463 0.0924509 0.454317
0 0.700201 0.550641 0.0250912 0.103061 0.454145
0 0.450883 0.778895 0.0299723 0.0847189 0.453605
0 0.942887 0.366338 0.0416195 0.0583174 0.452068
0 0.750291 0.417826 0.0217636 0.0879246 0.451793
0 0.629234 0.452232 0.0221542 0.085463 0.44992
0 0.870351 0.546454 0.0397003 0.0996357 0.446768
0 0.870129 0.543344 0.034021 0.0982216 0.440213
0 0.774547 0.41165 0.027844 0.0820945 0.436388
0 0.942484 0.368082 0.0442699 0.0605952 0.426682
0 0.550857 0.521676 0.0231312 0.0629391 0.425178
0 0.522716 0.528999 0.0231049 0.0644897 0.421293
0 0.704579 0.443989 0.0253225 0.0729681 0.414367
0 0.637912 0.904242 0.0279871 0.0558146 0.412638
0 0.7365 0.552072 0.0251457 0.107966 0.409358
0 0.705415 0.446427 0.0258726 0.0688446 0.409049
0 0.636995 0.902941 0.0287667 0.0528687 0.404858
0 0.774873 0.413901 0.0232139 0.0821423 0.404129
0 0.943676 0.467361 0.0308186 0.0686592 0.404066
0 0.417056 0.554403 0.024257 0.0554037 0.402952
0 0.870785 0.544218 0.0281052 0.0948862 0.402233
0 0.956362 0.588125 0.0283192 0.0789568 0.400807
0 0.924488 0.455135 0.0226341 0.0666943 0.398479
0 0.924453 0.926687 0.0528027 0.0763697 0.394392
0 0.458687 0.66444 0.0342579 0.10675 0.393177
0 0.459306 0.664737 0.0308973 0.107181 0.391967
0 0.943147 0.365669 0.0445551 0.0608613 0.386876
0 0.905172 0.557591 0.026976 0.0806869 0.385836
0 0.941637 0.36737 0.0474072 0.0636051 0.383718
0 0.773987 0.414349 0.0243574 0.0792954 0.383546
0 0.892257 0.79999 0.0465817 0.153933 0.379162
0 0.939517 0.848106 0.0465488 0.114384 0.378924
0 0.763669 0.916454 0.0430916 0.163908 0.377761
0 0.591495 0.503638 0.026825 0.0927933 0.377493
0 0.958837 0.592843 0.0222374 0.0762404 0.377329
0 0.547479 0.520945 0.0246223 0.0595918 0.375401
0 0.706271 0.446342 0.0227715 0.0635183 0.372105
0 0.985857 0.546757 0.0282851 0.154171 0.367761
0 0.464813 0.544399 0.0238626 0.073135 0.36689
0 0.522767 0.529035 0.0251624 0.0660709 0.366682
0 0.943497 0.465787 0.0286617 0.0683103 0.365055
0 0.733578 0.55699 0.0198044 0.0987879 0.364726
0 0.891715 0.787039 0.0422743 0.135398 0.363475
0 0.987151 0.545619 0.0256983 0.151756 0.362282
0 0.22095 0.538842 0.0184162 0.0484829 0.360769
0 0.852279 0.481543 0.0268755 0.0691963 0.356472
0 0.203039 0.664358 0.0235589 0.0507251 0.354272
0 0.59077 0.959661 0.0499807 0.0797751 0.353045
0 0.701913 0.439202 0.0274403 0.0837424 0.352561
0 0.957654 0.589948 0.0249985 0.0801239 0.352126
0 0.761406 0.900091 0.0412846 0.129596 0.351849
0 0.907975 0.555552 0.0266148 0.0787142 0.351024
0 0.593096 0.960581 0.0556616 0.078838 0.349917
0 0.988299 0.543637 0.0234026 0.159684 0.345518
0 0.907704 0.556992 0.0319164 0.0850826 0.343826
0 0.443362 0.548971 0.0234638 0.0528488 0.339073
0 0.741103 0.931228 0.0282005 0.0709185 0.33859
0 0.700547 0.751276 0.0313258 0.0970386 0.334946
0 0.83378 0.564978 0.03867 0.0817509 0.332922
0 0.443337 0.562662 0.0242224 0.0774582 0.33195
0 0.444154 0.546279 0.0222631 0.0536837 0.331214
0 0.448815 0.781485 0.0326876 0.0901558 0.331179
0 0.583606 0.506123 0.02157 0.088105 0.330626
0 0.5859 0.505982 0.0256815 0.0894008 0.330018
0 0.826191 0.561664 0.0380562 0.0949269 0.329593
0 0.593374 0.502441 0.0232876 0.0846724 0.329507
0 0.828962 0.566302 0.0447544 0.0825512 0.329133
0 0.277721 0.52048 0.0241701 0.0623844 0.328943
0 0.924629 0.45608 0.0249088 0.0706177 0.328164
0 0.181665 0.66512 0.0203598 0.050296 0.325752
0 0.893616 0.805457 0.0474464 0.167035 0.325239
0 0.930926 0.367277 0.0266932 0.0615239 0.324523
0 0.680123 0.429613 0.0218658 0.0492414 0.324177
0 0.825281 0.540809 0.0357283 0.136437 0.322959
0 0.943906 0.469756 0.0348766 0.0690691 0.322677
0 0.452272 0.778461 0.0271624 0.0845824 0.317852
0 0.582714 0.506558 0.0202472 0.0909001 0.31754
0 0.941634 0.369506 0.0361362 0.0559523 0.312287
0 0.463193 0.678598 0.0349164 0.126288 0.312242
0 0.926333 0.459337 0.0268715 0.066807 0.310126
0 0.933242 0.851149 0.0378271 0.101907 0.307716
0 0.677981 0.552726 0.0239525 0.0627546 0.306392
0 0.827131 0.795254 0.0473902 0.150902 0.306129
0 0.638572 0.905539 0.0284117 0.0593191 0.305086
0 0.87379 0.546979 0.0285316 0.0945143 0.302989
0 0.523574 0.527394 0.0274172 0.0666388 0.302596
0 0.672644 0.941959 0.0429742 0.115066 0.301921
0 0.95115 0.373124 0.0305792 0.0419246 0.300613
0 0.276321 0.520006 0.02528 0.0618351 0.299186
0 0.672966 0.429507 0.0211196 0.0498472 0.29195
0 0.445073 0.547149 0.0209244 0.0508498 0.287652
0 0.633902 0.907079 0.0351995 0.0610989 0.287266
0 0.253578 0.518438 0.0228185 0.059277 0.286149
0 0.182409 0.662336 0.0196251 0.0515446 0.284489
0 0.893371 0.786306 0.0431808 0.128135 0.283829
0 0.823841 0.507823 0.0286312 0.0914268 0.280437
0 0.953268 0.370794 0.0265854 0.0448073 0.280089
0 0.595592 0.960181 0.0616697 0.0796387 0.27838
0 0.933426 0.972042 0.0503044 0.0550533 0.27704
0 0.698165 0.552237 0.0384573 0.104384 0.274703
0 0.887282 0.815937 0.0450743 0.172046 0.273375
0 0.924971 0.453695 0.0209648 0.0659228 0.272573
0 0.522234 0.529086 0.0205941 0.0681835 0.271873
0 0.586223 0.959167 0.0393202 0.0790886 0.271685
0 0.740043 0.931803 0.0313849 0.0751375 0.27138
0 0.824475 0.51277 0.0314917 0.100923 0.270579
0 0.774224 0.413382 0.0187834 0.0755198 0.269782
0 0.586439 0.957626 0.0369896 0.0753284 0.269709
0 0.945385 0.469063 0.0320538 0.0678121 0.269602
0 0.776904 0.411966 0.0187059 0.079492 0.269472
0 0.585702 0.958597 0.0317107 0.0745228 0.268102
0 0.183137 0.661288 0.0191331 0.0516397 0.267716
0 0.701972 0.749084 0.0399382 0.091263 0.266907
0 0.711561 0.443677 0.0232138 0.068395 0.266797
0 0.826733 0.794223 0.039875 0.143576 0.266014
0 0.677201 0.428526 0.0244355 0.0545187 0.265791
0 0.822857 0.506588 0.0236546 0.0867853 0.265435
0 0.954388 0.588674 0.0293579 0.0786535 0.26526
0 0.934539 0.972501 0.0429974 0.0528107 0.264432
0 0.219705 0.535658 0.0188618 0.0463046 0.263635
0 0.445907 0.782485 0.0288475 0.0955966 0.263259
0 0.870687 0.54647 0.0218914 0.0854176 0.261997
0 0.983738 0.550551 0.0311207 0.139915 0.260725
0 0.708622 0.442194 0.0293354 0.0734653 0.26045
0 0.592474 0.502882 0.0233363 0.0961119 0.259909
0 0.678634 0.550059 0.0260941 0.0657322 0.258162
0 0.674218 0.938532 0.0461193 0.122891 0.257842
0 0.251083 0.516999 0.0218377 0.0570382 0.253837
0 0.581454 0.508677 0.0183695 0.086088 0.252631
0 0.955741 0.587562 0.031078 0.0778652 0.251525
0 0.89202 0.418315 0.0236568 0.0494801 0.250434
0 0.59519 0.963244 0.0564737 0.0733822 0.249774
0 0.58985 0.504459 0.0301508 0.0887898 0.247916
0 0.979593 0.900299 0.040815 0.171452 0.247852
0 0.95233 0.588879 0.0247602 0.0756386 0.247833
0 0.741597 0.931152 0.0325702 0.0714432 0.246177
0 0.534522 0.910462 0.0356313 0.123365 0.245682
0 0.251492 0.518478 0.0243463 0.0553202 0.243156
0 0.254408 0.519409 0.0193316 0.055043 0.243048
0 0.930039 0.365163 0.0300407 0.0583531 0.241833
0 0.940721 0.851881 0.0505461 0.116643 0.241622
0 0.21968 0.539478 0.0196004 0.0533419 0.241595
0 0.62441 0.917946 0.0238361 0.0456699 0.241535
0 0.700003 0.542062 0.0227882 0.0872894 0.24015
0 0.547158 0.524234 0.0216338 0.0612133 0.23881
0 0.533421 0.911265 0.0307716 0.129455 0.237184
0 0.694809 0.420866 0.0221162 0.0542974 0.235488
0 0.841262 0.562024 0.0257381 0.0832203 0.232444
0 0.253757 0.519139 0.0264175 0.0566656 0.232316
0 0.522371 0.528649 0.0278601 0.0670612 0.230592
0 0.249808 0.517855 0.0177225 0.0499656 0.229078
0 0.910139 0.558313 0.0278418 0.080158 0.227209
0 0.588031 0.960327 0.0440652 0.0793469 0.227145
0 0.941714 0.465035 0.0281353 0.0663391 0.226419
0 0.925476 0.362353 0.0188698 0.0550509 0.225314
0 0.640986 0.963729 0.0427551 0.0723886 0.224813
0 0.642868 0.556407 0.0210695 0.0323086 0.224184
0 0.989656 0.545912 0.020687 0.16963 0.223942
0 0.444827 0.571161 0.0240986 0.0896687 0.223792
0 0.936436 0.854284 0.0461349 0.109173 0.222264
0 0.696282 0.428411 0.0277319 0.0682508 0.221114
0 0.676295 0.427798 0.0273958 0.0548496 0.220754
0 0.760415 0.88779 0.0397388 0.104583 0.220588
0 0.415811 0.554279 0.0249282 0.0583048 0.219697
0 0.958004 0.580292 0.0223167 0.0637192 0.217625
0 0.183572 0.656163 0.0183311 0.0466511 0.217566
0 0.946068 0.470952 0.02733 0.0645767 0.216261
0 0.630024 0.909469 0.0343596 0.0658436 0.216193
0 0.737576 0.550937 0.0253257 0.106672 0.215511
0 0.271248 0.516904 0.021649 0.0614615 0.214718
0 0.64154 0.964449 0.0386158 0.0704634 0.21468
0 0.626608 0.91438 0.0274183 0.0459858 0.213992
0 0.277864 0.524197 0.0223603 0.057715 0.210815
0 0.891768 0.791095 0.0460491 0.135453 0.210491
0 0.891154 0.418736 0.0246563 0.0534168 0.210045
0 0.700229 0.434546 0.0304195 0.071803 0.207093
0 0.714495 0.444773 0.0184942 0.0663609 0.205299
0 0.935544 0.972381 0.0377033 0.053849 0.205196
0 0.524725 0.527903 0.021908 0.0702294 0.204395
0 0.902167 0.556015 0.0370445 0.0784496 0.204268
0 0.266095 0.646106 0.0189213 0.0608631 0.203563
0 0.465189 0.544331 0.0277287 0.0642216 0.203335
0 0.603648 0.511941 0.0209292 0.0689024 0.20329
0 0.923298 0.45988 0.0205944 0.0676163 0.203109
0 0.506274 0.927479 0.0340473 0.104231 0.201498
0 0.272361 0.5193 0.0207692 0.062866 0.200515
0 0.978579 0.896481 0.0428429 0.157582 0.19992
0 0.677028 0.549122 0.0245749 0.0553574 0.198351
0 0.942808 0.854162 0.044857 0.112365 0.198039
0 0.788794 0.518585 0.0200668 0.0995626 0.195466
0 0.449825 0.779121 0.0341981 0.0878985 0.19513
0 0.708122 0.439361 0.0316479 0.0809193 0.194329
0 0.927464 0.92628 0.0517473 0.0753193 0.193868
0 0.46447 0.543961 0.0249281 0.0656085 0.192507
0 0.738734 0.556273 0.0270554 0.0960595 0.191742
0 0.888996 0.787807 0.0381626 0.134741 0.190484
0 0.59758 0.501442 0.0277775 0.0927039 0.188097
0 0.876509 0.550405 0.0215868 0.0857868 0.188093
0 0.962041 0.593749 0.0237907 0.0760975 0.187088
0 0.668615 0.905075 0.0253355 0.0626598 0.183293
0 0.197805 0.665361 0.0208347 0.0511301 0.182455
0 0.629484 0.452121 0.0371052 0.09027 0.1811
0 0.879452 0.480476 0.023362 0.0642643 0.180945
0 0.273297 0.647175 0.0374169 0.064971 0.179413
0 0.901732 0.476005 0.0181112 0.0572455 0.17896
0 0.678645 0.546781 0.0222971 0.0528358 0.178727
0 0.868636 0.542209 0.0366245 0.0968515 0.174478
0 0.604863 0.525222 0.0190643 0.0436882 0.174108
0 0.266051 0.644716 0.0216924 0.0625207 0.173701
0 0.257332 0.528259 0.0172452 0.0444142 0.17357
0 0.740717 0.937299 0.0347366 0.0837639 0.172833
0 0.532394 0.866648 0.0207752 0.0374062 0.172461
0 0.760842 0.888221 0.0444585 0.108799 0.171857
0 0.991018 0.509051 0.0179644 0.0966707 0.169994
0 0.269079 0.646034 0.0293921 0.0647106 0.169842
0 0.580406 0.526224 0.0177192 0.0558765 0.168554
0 0.82803 0.564478 0.0334677 0.0790844 0.166938
0 0.624838 0.918733 0.0244146 0.0492657 0.165945
0 0.927311 0.928032 0.052803 0.0825275 0.16551
0 0.759365 0.899999 0.052329 0.131363 0.163452
0 0.890386 0.810516 0.0557312 0.184735 0.163292
0 0.880133 0.483136 0.0240776 0.0671585 0.162484
0 0.592234 0.965927 0.054664 0.0673929 0.162053
0 0.068806 0.729268 0.0299903 0.0702221 0.160661
0 0.414117 0.553271 0.0304571 0.0534693 0.16025
0 0.465241 0.831288 0.0227892 0.0421455 0.159578
0 0.208275 0.553086 0.0184114 0.0334343 0.159063
0 0.498411 0.926895 0.0274977 0.0999626 0.157502
0 0.703488 0.444749 0.0294367 0.0699724 0.15566
0 0.990107 0.509775 0.019786 0.100401 0.155643
0 0.892372 0.441102 0.0249111 0.0944987 0.15535
0 0.507659 0.924833 0.0238323 0.0968807 0.155099
0 0.755476 0.911208 0.0579435 0.150478 0.155012
0 0.895195 0.468003 0.0223518 0.0666914 0.153877
0 0.850405 0.48182 0.0276497 0.0662815 0.153813
0 0.699179 0.55965 0.0330338 0.0989548 0.15363
0 0.938637 0.84471 0.0374205 0.105323 0.153513
0 0.842116 0.54529 0.0230145 0.0606726 0.15213
0 0.595823 0.502733 0.0290964 0.0917953 0.151474
0 0.533064 0.868458 0.0216461 0.0393215 0.150837
0 0.705026 0.753816 0.0213411 0.0973671 0.150439
0 0.987898 0.546494 0.0235298 0.173119 0.149582
0 0.747498 0.422008 0.0177692 0.0822226 0.149118
0 0.460966 0.662007 0.0279604 0.103646 0.149011
0 0.760618 0.883445 0.0368656 0.102246 0.148996
0 0.554189 0.969267 0.0277819 0.06007 0.14849
0 0.603452 0.528814 0.0178429 0.0453573 0.148185
0 0.509732 0.925357 0.0333398 0.110542 0.147732
0 0.0678317 0.730646 0.0263119 0.0684275 0.147308
0 0.524738 0.526763 0.0281479 0.0681618 0.146565
0 0.991978 0.507559 0.0160439 0.0930492 0.145049
0 0.547691 0.518161 0.0264677 0.0678005 0.145042
0 0.943711 0.368954 0.0342751 0.060084 0.145019
0 0.950954 0.859084 0.027317 0.105238 0.144365
0 0.765092 0.914153 0.0666 0.169331 0.144312
0 0.638869 0.963185 0.0446869 0.0736294 0.142996
0 0.93335 0.980851 0.0425152 0.0372238 0.142902
0 0.0709263 0.72863 0.0314265 0.0713097 0.142892
0 0.468278 0.542868 0.0335642 0.0714276 0.142392
0 0.884287 0.748308 0.0264057 0.0580084 0.142373
0 0.902458 0.554834 0.030974 0.076289 0.142356
0 0.269973 0.512938 0.0202274 0.0554618 0.139608
0 0.739021 0.937641 0.0338461 0.0843655 0.139477
