0 0.168303 0.55456 0.336607 0.89088 0.693661
0 0.515724 0.519828 0.96685 0.960344 0.453047
0 0.159141 0.519021 0.316739 0.887042 0.39286
0 0.591116 0.522204 0.817769 0.955591 0.352066
0 0.583864 0.537043 0.66674 0.925913 0.216504
0 0.178337 0.530304 0.356673 0.926328 0.211061
0 0.593546 0.556375 0.812909 0.876121 0.208883
0 0.156708 0.505772 0.311106 0.807778 0.205803
0 0.347132 0.327054 0.116906 0.23856 0.178994
0 0.627423 0.528566 0.745153 0.942868 0.170813
0 0.348369 0.323289 0.134684 0.2311 0.162325
0 0.565752 0.515087 0.623362 0.939173 0.145871
0 0.346498 0.336054 0.123564 0.260397 0.145496
0 0.524842 0.537687 0.527594 0.924626 0.141413
0 0.353522 0.330581 0.150827 0.252104 0.137521
