0 0.291867 0.45693 0.173383 0.862294 0.545236
0 0.291358 0.493906 0.168289 0.779292 0.535418
0 0.483221 0.46198 0.189476 0.88458 0.460521
0 0.677343 0.513414 0.193585 0.866409 0.458021
0 0.685468 0.481973 0.218418 0.930536 0.448609
0 0.680677 0.558126 0.18446 0.764468 0.44334
0 0.124769 0.451236 0.248523 0.892778 0.43857
0 0.292264 0.446325 0.197771 0.89265 0.434308
0 0.486604 0.510271 0.18683 0.781744 0.431978
0 0.688429 0.511564 0.190042 0.874237 0.424042
0 0.675409 0.488746 0.224996 0.914479 0.402862
0 0.474831 0.452882 0.254842 0.897748 0.395276
0 0.475576 0.451285 0.217494 0.90257 0.366374
0 0.117553 0.449963 0.22032 0.899927 0.339373
0 0.286962 0.445787 0.230645 0.88638 0.336884
0 0.691977 0.561668 0.186446 0.761557 0.332773
0 0.130998 0.473725 0.254381 0.94745 0.32021
0 0.679162 0.477853 0.25387 0.909947 0.311129
0 0.480905 0.480884 0.256714 0.961768 0.30208
0 0.118922 0.456573 0.208987 0.913145 0.27656
0 0.68276 0.473312 0.281211 0.929759 0.262091
0 0.867025 0.429266 0.265951 0.851941 0.254774
0 0.688403 0.836494 0.131029 0.198425 0.239372
0 0.480865 0.527529 0.199233 0.734574 0.236479
0 0.481434 0.258151 0.28273 0.516301 0.218233
0 0.491076 0.245691 0.275352 0.491381 0.201545
0 0.824438 0.758575 0.117163 0.143145 0.184463
0 0.685137 0.573461 0.182275 0.715496 0.182197
0 0.870565 0.484993 0.235525 0.709674 0.179102
0 0.119323 0.505649 0.211605 0.802269 0.170211
0 0.870756 0.454257 0.240781 0.783294 0.164844
0 0.467542 0.78897 0.133416 0.200764 0.161061
0 0.890968 0.428718 0.214368 0.845394 0.158648
0 0.154635 0.305833 0.289125 0.611666 0.141647
0 0.695874 0.452185 0.295685 0.904369 0.140418
0 0.301556 0.45821 0.203744 0.915835 0.138055
0 0.0455686 0.452587 0.0862687 0.905174 0.128658
0 0.462416 0.793598 0.147423 0.198065 0.125514
0 0.0418736 0.362144 0.0804835 0.721274 0.11917
0 0.278903 0.462402 0.250427 0.92442 0.117915
0 0.480443 0.345908 0.283577 0.691816 0.114475
0 0.152818 0.352546 0.290045 0.705091 0.110576
0 0.044178 0.336112 0.0856629 0.672224 0.107395
0 0.489126 0.460718 0.256325 0.921437 0.10672
