0 0.716384 0.271457 0.102144 0.217047 0.513974
0 0.352683 0.551477 0.121471 0.616571 0.511895
0 0.816838 0.322266 0.122217 0.277646 0.507666
0 0.815791 0.329608 0.128875 0.293822 0.430697
0 0.699973 0.567131 0.147455 0.561034 0.414458
0 0.814012 0.317494 0.107908 0.266228 0.40528
0 0.701511 0.566811 0.163903 0.555634 0.396531
0 0.716243 0.278172 0.105707 0.233628 0.366613
0 0.251325 0.26677 0.148918 0.311448 0.339529
0 0.622225 0.312728 0.0774541 0.245755 0.336585
0 0.35745 0.550157 0.144875 0.620848 0.327632
0 0.715111 0.272092 0.0873972 0.212081 0.317177
0 0.251058 0.266157 0.166891 0.318904 0.314418
0 0.715003 0.267588 0.0816423 0.207588 0.303051
0 0.47277 0.246946 0.125986 0.266989 0.302291
0 0.620366 0.319085 0.0828665 0.270066 0.273994
0 0.258241 0.260588 0.175019 0.308711 0.268608
0 0.809677 0.312055 0.0982862 0.251677 0.263667
0 0.258187 0.259658 0.130715 0.29702 0.261158
0 0.816228 0.338204 0.134037 0.316795 0.251599
0 0.354892 0.503203 0.120668 0.515598 0.24662
0 0.241772 0.505322 0.138822 0.738664 0.244317
0 0.263746 0.254956 0.144413 0.297197 0.241233
0 0.561871 0.314661 0.0841539 0.267754 0.233303
0 0.47044 0.255861 0.131705 0.281625 0.227548
0 0.24186 0.48546 0.15277 0.75682 0.222922
0 0.624366 0.298191 0.0759701 0.211299 0.219238
0 0.565755 0.320497 0.0954994 0.285677 0.215456
0 0.354328 0.452067 0.117409 0.414711 0.213214
0 0.562346 0.29757 0.0859035 0.231587 0.211906
0 0.560825 0.325626 0.0854692 0.295837 0.21086
0 0.685826 0.571459 0.159723 0.561309 0.208907
0 0.253535 0.279864 0.179095 0.337147 0.202014
0 0.352488 0.510177 0.102444 0.539671 0.201699
0 0.620952 0.295356 0.0823354 0.217512 0.197797
0 0.465493 0.48179 0.136678 0.738252 0.197255
0 0.624485 0.283914 0.0747332 0.184345 0.191131
0 0.251552 0.262797 0.126749 0.299817 0.19009
0 0.476463 0.240114 0.10959 0.241894 0.189854
0 0.620908 0.314089 0.0936812 0.269071 0.179258
0 0.714912 0.260694 0.0830119 0.188164 0.178237
0 0.57707 0.328885 0.125159 0.304398 0.173372
0 0.254984 0.26689 0.192159 0.325831 0.171499
0 0.24718 0.514185 0.131739 0.713604 0.166503
0 0.470588 0.269261 0.138908 0.317442 0.157911
0 0.467487 0.239176 0.112125 0.23895 0.151535
0 0.566454 0.27526 0.0668032 0.187682 0.151341
0 0.613629 0.326887 0.101262 0.296541 0.140007
0 0.249603 0.277845 0.156656 0.327576 0.136045
0 0.6245 0.283285 0.0724985 0.170543 0.133163
0 0.565476 0.266597 0.0666556 0.17285 0.132171
0 0.233913 0.496048 0.148266 0.782773 0.128815
0 0.252375 0.323707 0.194784 0.437424 0.127717
0 0.464214 0.470478 0.157222 0.721733 0.126279
0 0.719244 0.271621 0.0778802 0.216211 0.123577
0 0.460415 0.240197 0.133182 0.252696 0.122579
0 0.716887 0.286923 0.110246 0.248902 0.112557
0 0.459662 0.364822 0.192116 0.514527 0.107135
0 0.627245 0.282955 0.0745134 0.194087 0.105069
0 0.351129 0.420426 0.103983 0.354749 0.101753
0 0.462659 0.251729 0.139364 0.271633 0.101359
0 0.270776 0.24621 0.108904 0.263106 0.100135
