0 0.447636 0.809047 0.895271 0.172169 0.439725
0 0.48089 0.804605 0.849778 0.254503 0.428795
0 0.47516 0.460538 0.778406 0.265703 0.415669
0 0.448551 0.801239 0.897102 0.141385 0.35548
0 0.467013 0.686762 0.924366 0.163583 0.354523
0 0.484469 0.163849 0.710689 0.182413 0.352713
0 0.433914 0.456366 0.846768 0.273501 0.340194
0 0.523952 0.786598 0.777218 0.299126 0.338358
0 0.466776 0.517115 0.920966 0.181035 0.328752
0 0.474207 0.368607 0.934776 0.152637 0.296758
0 0.424613 0.515922 0.849226 0.180346 0.277378
0 0.455357 0.167509 0.770834 0.190558 0.269085
0 0.524319 0.765427 0.775407 0.293192 0.264051
0 0.470323 0.810746 0.926135 0.139006 0.257558
0 0.473032 0.801942 0.94224 0.131078 0.250105
0 0.460498 0.113417 0.913042 0.214791 0.242467
0 0.482545 0.756713 0.847322 0.304058 0.232951
0 0.425754 0.501667 0.851508 0.217864 0.226174
0 0.425397 0.461717 0.850795 0.241348 0.223755
0 0.448265 0.686021 0.89653 0.165958 0.216506
0 0.470453 0.0823549 0.918376 0.159916 0.208313
0 0.469924 0.538591 0.930681 0.187941 0.207743
0 0.428114 0.680041 0.845957 0.168353 0.206682
0 0.47169 0.125381 0.938031 0.246218 0.205452
0 0.473427 0.390795 0.935764 0.148447 0.197234
0 0.426013 0.407788 0.852027 0.190959 0.196701
0 0.436934 0.0754899 0.847394 0.146196 0.186042
0 0.517944 0.0474125 0.865367 0.0948251 0.185086
0 0.447352 0.692722 0.894704 0.18084 0.181798
0 0.430912 0.394006 0.849837 0.15407 0.177101
0 0.497175 0.163361 0.676733 0.201275 0.176723
0 0.476658 0.177661 0.942375 0.245761 0.173637
0 0.478074 0.253554 0.941126 0.16785 0.173421
0 0.416356 0.20408 0.832713 0.205118 0.169025
0 0.444098 0.373301 0.8677 0.147808 0.165795
0 0.429838 0.160803 0.825047 0.229634 0.164729
0 0.460534 0.178877 0.774303 0.21206 0.158773
0 0.435039 0.0479152 0.867903 0.0958304 0.158565
0 0.51498 0.457565 0.681059 0.285744 0.156614
0 0.420714 0.106072 0.841428 0.206741 0.153936
0 0.467879 0.903133 0.935566 0.154784 0.150235
0 0.424503 0.0688513 0.849007 0.133 0.149015
0 0.426172 0.210104 0.849158 0.183356 0.147185
0 0.433202 0.190581 0.8224 0.221496 0.141979
0 0.424081 0.124248 0.848162 0.238063 0.137152
0 0.435419 0.47519 0.846052 0.269281 0.136243
0 0.434507 0.364408 0.85942 0.152042 0.135843
0 0.477082 0.908807 0.954164 0.139262 0.134868
0 0.493033 0.166154 0.73262 0.217347 0.13121
0 0.432721 0.247578 0.858633 0.161684 0.130229
0 0.551909 0.770437 0.718907 0.285362 0.130137
0 0.447598 0.758185 0.895196 0.264034 0.12648
0 0.434252 0.439369 0.853904 0.243085 0.124328
0 0.415374 0.132678 0.830748 0.253015 0.11909
0 0.457653 0.0461774 0.885531 0.0923548 0.117813
0 0.589698 0.048675 0.811519 0.09735 0.11706
0 0.475959 0.32135 0.936839 0.235652 0.113725
0 0.458809 0.061114 0.86112 0.117436 0.10514
0 0.427287 0.483076 0.843048 0.170428 0.10293
0 0.501975 0.0567152 0.892459 0.108236 0.101615
