0 0.859878 0.478214 0.238788 0.832558 0.679774
0 0.405849 0.411282 0.218454 0.822564 0.476316
0 0.714214 0.461834 0.248779 0.916489 0.435301
0 0.622979 0.44968 0.240026 0.840877 0.410409
0 0.448332 0.421596 0.23198 0.842504 0.296323
0 0.511278 0.448317 0.267257 0.887793 0.287759
0 0.187229 0.416663 0.233022 0.833325 0.278358
0 0.897276 0.473151 0.205448 0.938605 0.258472
0 0.661127 0.429042 0.202262 0.858083 0.248433
0 0.117985 0.440787 0.221323 0.877755 0.224768
0 0.556771 0.428256 0.191686 0.851906 0.223943
0 0.253294 0.419383 0.208476 0.838766 0.203894
