0 0.37934 0.214196 0.0657451 0.167823 0.602469
0 0.425599 0.214567 0.0704826 0.155502 0.521727
0 0.427826 0.305317 0.0744227 0.136881 0.454044
0 0.227157 0.321161 0.0838429 0.326804 0.396232
0 0.800488 0.357843 0.186521 0.48122 0.395595
0 0.31248 0.321172 0.0818213 0.306868 0.371691
0 0.403173 0.537768 0.0915326 0.16221 0.355516
0 0.805397 0.444421 0.204035 0.664411 0.319901
0 0.773313 0.127409 0.0970499 0.136534 0.267985
0 0.499623 0.150842 0.0768663 0.139699 0.263131
0 0.424868 0.191716 0.062123 0.114315 0.262821
0 0.715848 0.272301 0.0634134 0.182125 0.255538
0 0.480538 0.332338 0.0602354 0.103905 0.254739
0 0.235671 0.208333 0.0660764 0.0965784 0.254436
0 0.801968 0.345124 0.134543 0.461852 0.233749
0 0.103865 0.497383 0.138694 0.50786 0.21496
