0 0.284571 0.334347 0.0545158 0.120221 0.721513
0 0.622188 0.690422 0.0938957 0.579105 0.720227
0 0.879255 0.686545 0.102678 0.58907 0.710843
0 0.679567 0.366884 0.0570553 0.125079 0.703592
0 0.52392 0.690691 0.105501 0.59898 0.696647
0 0.231348 0.335268 0.0673445 0.130079 0.667327
0 0.485255 0.342253 0.0752636 0.136802 0.66145
0 0.269588 0.704057 0.162069 0.564369 0.65678
0 0.333311 0.34098 0.0724805 0.170413 0.65556
0 0.743515 0.334767 0.074682 0.145426 0.655023
0 0.717763 0.69276 0.092845 0.603126 0.651743
0 0.399812 0.290172 0.0870152 0.169264 0.650311
0 0.375473 0.431496 0.0773614 0.165726 0.637659
0 0.547876 0.322641 0.0846063 0.170165 0.626255
0 0.242541 0.434471 0.0801297 0.149103 0.622979
0 0.793651 0.675455 0.0961466 0.637846 0.604983
0 0.137596 0.667351 0.129462 0.665298 0.575605
0 0.627319 0.370519 0.0671909 0.147806 0.548674
0 0.889821 0.374542 0.0904358 0.149568 0.468516
0 0.453219 0.470665 0.0999901 0.226973 0.463946
0 0.502383 0.678917 0.13965 0.628005 0.288974
0 0.241836 0.70671 0.13294 0.583482 0.226797
0 0.569592 0.686804 0.074375 0.591219 0.20876
