0 0.417177 0.285902 0.0656692 0.324999 0.616353
0 0.485087 0.277454 0.0896078 0.346073 0.588798
0 0.413774 0.28802 0.0661268 0.328608 0.575222
0 0.480336 0.277684 0.0795302 0.337099 0.490137
0 0.483885 0.277565 0.0772982 0.351206 0.425351
0 0.366058 0.282266 0.059965 0.312062 0.326714
0 0.485912 0.233146 0.0528974 0.221912 0.28732
0 0.363588 0.282012 0.0631265 0.322427 0.239942
0 0.419094 0.286058 0.074015 0.331181 0.193042
0 0.494123 0.275801 0.12017 0.349112 0.171661
0 0.493457 0.275039 0.106151 0.348908 0.153205
0 0.413974 0.285002 0.0598861 0.320092 0.146831
0 0.386877 0.287423 0.0786285 0.328301 0.133079
0 0.634689 0.583403 0.730622 0.82636 0.124443
0 0.487299 0.229309 0.045644 0.214296 0.121269
0 0.368117 0.326331 0.0591656 0.227052 0.110759
0 0.484564 0.224594 0.0497859 0.221111 0.110497
0 0.400871 0.287489 0.0877405 0.326976 0.105991
0 0.899609 0.651374 0.196411 0.671187 0.105019
0 0.37174 0.342571 0.0442301 0.197277 0.100999
0 0.892523 0.678719 0.212403 0.606389 0.10019
