0 0.663311 0.608194 0.668632 0.215301 0.645697
0 0.615055 0.184333 0.746292 0.268595 0.589601
0 0.618956 0.193448 0.741985 0.242881 0.580921
0 0.619984 0.806493 0.739037 0.207343 0.531902
0 0.633237 0.446544 0.717813 0.176118 0.502456
0 0.672009 0.618695 0.655981 0.231578 0.430531
0 0.621303 0.206738 0.741076 0.265726 0.422261
0 0.636952 0.822268 0.726096 0.234543 0.415839
0 0.615724 0.833476 0.745164 0.255931 0.374353
0 0.612792 0.170441 0.750975 0.264905 0.356
0 0.614554 0.206409 0.747713 0.293598 0.333923
0 0.63792 0.452278 0.724159 0.163289 0.325934
0 0.675552 0.612022 0.648897 0.193901 0.297464
0 0.648865 0.446959 0.702271 0.13839 0.265501
0 0.669651 0.450377 0.660698 0.137236 0.226046
0 0.638671 0.441586 0.722657 0.194811 0.214408
0 0.617783 0.207887 0.743627 0.235396 0.202193
0 0.671762 0.622785 0.656477 0.193483 0.200246
0 0.590565 0.201622 0.689486 0.224188 0.187846
0 0.676393 0.946153 0.647214 0.107695 0.157257
0 0.430757 0.62285 0.157218 0.107548 0.157189
0 0.615468 0.304734 0.743167 0.152408 0.150501
0 0.61882 0.821022 0.762361 0.219027 0.1483
0 0.624366 0.180284 0.751268 0.225546 0.147715
0 0.637306 0.83483 0.725388 0.238358 0.133959
0 0.655206 0.832689 0.689588 0.196579 0.126314
0 0.532723 0.462064 0.491779 0.156772 0.123331
0 0.66788 0.339681 0.66424 0.137444 0.121288
0 0.623776 0.312026 0.742049 0.126364 0.12023
0 0.652386 0.18306 0.695227 0.191311 0.117857
0 0.674951 0.837679 0.650098 0.20752 0.114642
0 0.64624 0.339405 0.707521 0.128801 0.108571
0 0.619693 0.914008 0.737007 0.146396 0.102163
