0 0.140791 0.418334 0.172548 0.782281 0.687764
0 0.276433 0.413255 0.141024 0.786905 0.68659
0 0.389864 0.464521 0.141702 0.836439 0.678187
0 0.821651 0.866284 0.0947094 0.141293 0.677446
0 0.203434 0.811623 0.0785585 0.12612 0.67334
0 0.325469 0.822289 0.072185 0.146774 0.640864
0 0.744408 0.689255 0.0848295 0.13423 0.627473
0 0.326883 0.788828 0.07262 0.217497 0.586627
0 0.829796 0.727342 0.097443 0.146562 0.580962
0 0.57026 0.758469 0.0873619 0.212977 0.524606
0 0.661767 0.774187 0.0930578 0.174248 0.490739
0 0.811005 0.574926 0.0927342 0.155962 0.470882
0 0.619705 0.449913 0.133791 0.831414 0.455589
0 0.514283 0.449436 0.124545 0.854434 0.366042
0 0.838479 0.673419 0.107609 0.260135 0.365035
0 0.492664 0.764451 0.0788021 0.13982 0.266365
0 0.494013 0.732366 0.0773045 0.210158 0.23728
0 0.59855 0.442481 0.127465 0.869868 0.230852
