0 0.486219 0.743051 0.279792 0.513897 0.787513
0 0.741977 0.618775 0.249359 0.750787 0.771255
0 0.18161 0.655597 0.355372 0.688806 0.705951
0 0.478548 0.743289 0.31391 0.512749 0.684178
0 0.755074 0.617438 0.290218 0.765123 0.669666
0 0.769935 0.616909 0.3228 0.754656 0.668825
0 0.481807 0.744948 0.250335 0.510105 0.60561
0 0.473581 0.393801 0.253749 0.253028 0.526893
0 0.325544 0.409879 0.108944 0.1161 0.355544
0 0.475288 0.74633 0.367114 0.50734 0.305417
0 0.43459 0.247294 0.188423 0.221806 0.290031
0 0.657711 0.162029 0.331962 0.244887 0.281459
0 0.437547 0.236032 0.182969 0.183703 0.258925
0 0.437517 0.229233 0.177295 0.174336 0.251854
0 0.681453 0.153519 0.283082 0.217238 0.233505
0 0.666759 0.157825 0.303618 0.242318 0.230252
0 0.688451 0.143532 0.258093 0.197179 0.22892
0 0.477485 0.434972 0.261036 0.36084 0.228146
0 0.445072 0.253369 0.195188 0.219781 0.225903
0 0.79376 0.620205 0.373687 0.75959 0.217905
0 0.47157 0.412649 0.262783 0.29876 0.217012
0 0.439912 0.261655 0.192479 0.245039 0.211105
0 0.476698 0.393167 0.211497 0.242835 0.199986
0 0.441786 0.220979 0.170811 0.149243 0.195216
0 0.175692 0.646808 0.304859 0.681365 0.192882
0 0.440772 0.214278 0.158293 0.13752 0.18936
0 0.448579 0.213558 0.139332 0.12619 0.184045
0 0.706141 0.134697 0.211122 0.178186 0.170978
0 0.324484 0.422035 0.115205 0.158799 0.164902
0 0.480984 0.473537 0.272747 0.436866 0.163791
0 0.324544 0.426369 0.12403 0.179391 0.151882
0 0.445866 0.207575 0.146778 0.117717 0.151053
0 0.227026 0.426113 0.127276 0.176676 0.149529
0 0.699124 0.141566 0.235851 0.196489 0.14396
0 0.327186 0.417771 0.10344 0.141651 0.139554
0 0.323619 0.453272 0.120044 0.223101 0.113777
0 0.730366 0.615121 0.231253 0.76788 0.111274
0 0.324274 0.463615 0.124336 0.252018 0.106981
0 0.427616 0.26029 0.196311 0.256545 0.1055
