0 0.415289 0.466277 0.240987 0.582545 0.613175
0 0.902627 0.442219 0.187918 0.585328 0.596816
0 0.595624 0.523589 0.200756 0.470248 0.577667
0 0.414077 0.480661 0.209688 0.552596 0.553499
0 0.766323 0.443414 0.167816 0.570311 0.506633
0 0.411016 0.461079 0.217762 0.590787 0.450467
0 0.101594 0.422514 0.185396 0.217424 0.385776
0 0.124686 0.192177 0.245268 0.384354 0.344191
0 0.114265 0.422565 0.210932 0.223359 0.313056
0 0.112658 0.423906 0.184715 0.220936 0.285083
0 0.129505 0.253473 0.254334 0.502676 0.261644
0 0.133757 0.136182 0.267515 0.272047 0.252251
0 0.102808 0.427947 0.197 0.226175 0.241651
0 0.764912 0.433549 0.180504 0.602286 0.224796
0 0.146782 0.238224 0.29309 0.470322 0.199873
0 0.151889 0.298921 0.303777 0.196859 0.17409
0 0.883791 0.398306 0.231232 0.69626 0.173704
0 0.590276 0.470071 0.201914 0.589315 0.161006
0 0.864522 0.401368 0.267823 0.687315 0.14364
0 0.603248 0.46998 0.245793 0.585993 0.142795
0 0.135658 0.209217 0.268417 0.417702 0.133032
0 0.116245 0.21791 0.229724 0.432652 0.128604
0 0.964535 0.422247 0.0703068 0.632755 0.125781
0 0.180928 0.542882 0.356477 0.406359 0.12164
0 0.754121 0.446732 0.208298 0.593101 0.118444
0 0.130016 0.121711 0.247412 0.243421 0.107067
0 0.17581 0.633616 0.340206 0.383571 0.103262
0 0.17442 0.518018 0.334786 0.421272 0.103206
0 0.128175 0.167495 0.25635 0.334991 0.101396
0 0.394784 0.441389 0.299164 0.621066 0.101021
0 0.146671 0.418034 0.293343 0.242805 0.100557
