0 0.301989 0.117814 0.56276 0.229482 0.67831
0 0.321949 0.710946 0.617738 0.220068 0.564158
0 0.286959 0.333049 0.57291 0.212326 0.526935
0 0.314789 0.723903 0.612693 0.24868 0.421839
0 0.331978 0.513983 0.591398 0.223166 0.33234
0 0.190674 0.496064 0.381347 0.203446 0.326798
0 0.191179 0.487059 0.382358 0.170193 0.230001
0 0.220628 0.506894 0.441256 0.217498 0.219131
0 0.198176 0.505974 0.396201 0.204878 0.218934
0 0.192184 0.507441 0.384367 0.22244 0.210135
0 0.524343 0.506071 0.268583 0.135033 0.19726
0 0.531731 0.507839 0.280777 0.150163 0.16683
0 0.325664 0.717925 0.577723 0.234362 0.153378
0 0.315105 0.324787 0.51157 0.205102 0.14823
0 0.357054 0.513844 0.537258 0.19604 0.14159
0 0.178654 0.51362 0.355376 0.232513 0.14033
0 0.293009 0.327618 0.562722 0.238407 0.13692
0 0.512208 0.508607 0.27605 0.129106 0.134375
0 0.445676 0.915526 0.869555 0.168689 0.128796
0 0.324896 0.334236 0.488116 0.214584 0.119571
0 0.342575 0.317872 0.459648 0.193071 0.112323
0 0.18133 0.488595 0.362008 0.188293 0.11204
0 0.380389 0.907331 0.74981 0.185339 0.10583
