0 0.64881 0.852348 0.692245 0.220219 0.618214
0 0.641382 0.843407 0.699938 0.196659 0.59491
0 0.645909 0.856729 0.708181 0.24915 0.562673
0 0.659266 0.653491 0.670364 0.161924 0.48589
0 0.610757 0.228359 0.722447 0.173487 0.405018
0 0.32322 0.51608 0.325394 0.132497 0.393258
0 0.651266 0.839937 0.697469 0.228369 0.388423
0 0.613493 0.224699 0.749595 0.198085 0.387239
0 0.551826 0.0781452 0.695585 0.151813 0.381413
0 0.693697 0.521823 0.604619 0.189667 0.369376
0 0.690531 0.52582 0.614198 0.210776 0.365366
0 0.523075 0.0878866 0.653449 0.172316 0.341459
0 0.332533 0.513937 0.35784 0.153258 0.320456
0 0.503887 0.0846522 0.598264 0.163738 0.32027
0 0.669139 0.661247 0.661722 0.177223 0.315538
0 0.311471 0.377725 0.434004 0.141941 0.303101
0 0.341068 0.508227 0.396165 0.154934 0.29729
0 0.651993 0.378128 0.661039 0.164522 0.29367
0 0.150417 0.513545 0.300745 0.126454 0.292665
0 0.250983 0.228137 0.406745 0.148046 0.287345
0 0.566161 0.0827764 0.737259 0.165553 0.285137
0 0.223467 0.224827 0.348579 0.154394 0.284681
0 0.503522 0.0938972 0.618867 0.181948 0.263768
0 0.580457 0.0762676 0.808339 0.147008 0.262525
0 0.442456 0.392532 0.181028 0.110265 0.247226
0 0.589974 0.23319 0.694259 0.164325 0.24695
0 0.310526 0.367765 0.499062 0.153987 0.246142
0 0.291587 0.375558 0.411256 0.138242 0.233364
0 0.153251 0.513759 0.305768 0.1587 0.217616
0 0.648967 0.838645 0.702066 0.177389 0.215831
0 0.322305 0.37528 0.501498 0.167285 0.210475
0 0.175032 0.506543 0.350064 0.119973 0.207107
0 0.656097 0.66584 0.679842 0.194682 0.192628
0 0.0539387 0.207633 0.107877 0.181943 0.191429
0 0.550142 0.526468 0.255398 0.142267 0.190154
0 0.065414 0.205814 0.130507 0.17982 0.187266
0 0.244414 0.219661 0.404744 0.179429 0.186152
0 0.457394 0.38933 0.218093 0.125463 0.184658
0 0.575495 0.658732 0.483605 0.121422 0.17898
0 0.668718 0.384688 0.64567 0.161239 0.177933
0 0.27056 0.222857 0.473295 0.170471 0.177808
0 0.533341 0.0612112 0.66217 0.122422 0.177612
0 0.210784 0.228492 0.311935 0.142938 0.17733
0 0.152407 0.50734 0.302037 0.117669 0.173151
0 0.290419 0.220942 0.50422 0.182415 0.170246
0 0.640732 0.868195 0.715069 0.21758 0.161757
0 0.455571 0.391535 0.201258 0.11324 0.15904
0 0.3788 0.510334 0.477424 0.157131 0.151722
0 0.161214 0.51697 0.322428 0.188453 0.151365
0 0.232373 0.229074 0.36327 0.136193 0.150294
0 0.321752 0.511063 0.319443 0.121349 0.148111
0 0.613333 0.225297 0.773335 0.217294 0.147429
0 0.551784 0.524086 0.319026 0.153608 0.14342
0 0.577666 0.0668278 0.775566 0.133656 0.139783
0 0.57646 0.0834137 0.828049 0.166827 0.136514
0 0.345521 0.517562 0.355986 0.148682 0.136211
0 0.283465 0.814989 0.560428 0.21531 0.136015
0 0.279426 0.374785 0.378589 0.126422 0.133925
0 0.677968 0.643961 0.644064 0.204494 0.132159
0 0.290046 0.852578 0.570903 0.207613 0.131582
0 0.431237 0.84079 0.25486 0.137195 0.1311
0 0.451612 0.392548 0.232657 0.123273 0.12874
0 0.608915 0.389461 0.508012 0.121175 0.127435
0 0.301635 0.376318 0.408476 0.129337 0.127109
0 0.443485 0.83778 0.289612 0.141204 0.12706
0 0.521481 0.658411 0.371939 0.121685 0.125738
0 0.163198 0.504205 0.326249 0.112156 0.124076
0 0.144067 0.521162 0.286195 0.162787 0.12373
0 0.453262 0.0909593 0.489251 0.159965 0.122194
0 0.526497 0.974854 0.581742 0.0502913 0.119964
0 0.603238 0.658963 0.51821 0.120553 0.117719
0 0.507472 0.235377 0.474249 0.128849 0.117616
0 0.0597413 0.213631 0.119483 0.230832 0.117555
0 0.121335 0.0482965 0.24267 0.0965931 0.117055
0 0.573074 0.524627 0.364973 0.15558 0.116566
0 0.260217 0.217466 0.446192 0.183225 0.115983
0 0.67054 0.394806 0.648471 0.14379 0.113581
0 0.497911 0.658008 0.320834 0.12274 0.113479
0 0.170482 0.366919 0.169957 0.107656 0.111767
0 0.0525413 0.207694 0.105083 0.197277 0.111548
0 0.503121 0.0525795 0.593804 0.105159 0.109983
0 0.301857 0.906446 0.603714 0.171596 0.109277
0 0.132856 0.0505356 0.265712 0.101071 0.105174
0 0.452599 0.657909 0.234073 0.124876 0.103842
0 0.472825 0.657581 0.27307 0.125157 0.102537
