0 0.363523 0.624872 0.180141 0.082094 0.691823
0 0.594727 0.178328 0.402861 0.205675 0.640711
0 0.374584 0.246705 0.105209 0.0739415 0.636594
0 0.587421 0.576861 0.468715 0.124771 0.616215
0 0.595685 0.818457 0.492989 0.149768 0.588216
0 0.409817 0.365235 0.210393 0.0995567 0.567008
0 0.363953 0.725169 0.126646 0.0746427 0.503109
0 0.392574 0.475384 0.107423 0.0821894 0.499249
0 0.797588 0.437417 0.172089 0.353074 0.472094
0 0.586321 0.467296 0.37023 0.126384 0.46692
0 0.604765 0.700361 0.480163 0.124724 0.420886
0 0.590012 0.321156 0.380559 0.119819 0.372957
0 0.495679 0.697556 0.259502 0.0929134 0.366372
0 0.393329 0.558666 0.0940059 0.0710003 0.334847
0 0.913515 0.368448 0.172524 0.51102 0.32302
0 0.462759 0.203434 0.128515 0.107638 0.27161
0 0.399849 0.47233 0.14084 0.0914705 0.270303
