0 0.932646 0.683322 0.115043 0.428228 0.759415
0 0.442334 0.759022 0.135188 0.47985 0.650979
0 0.341019 0.804559 0.107041 0.390882 0.584423
0 0.60006 0.810241 0.0865158 0.378732 0.578997
0 0.750387 0.684392 0.142748 0.462333 0.550975
0 0.30013 0.304194 0.0838783 0.184904 0.543188
0 0.324864 0.496501 0.101056 0.275046 0.506516
0 0.252431 0.601072 0.105562 0.286491 0.50571
0 0.223529 0.420275 0.13373 0.294053 0.454015
0 0.711753 0.369487 0.104358 0.295439 0.407234
0 0.409897 0.423121 0.114228 0.240043 0.388187
0 0.605843 0.390745 0.0849229 0.225301 0.381054
0 0.519585 0.487076 0.0783643 0.193769 0.377542
0 0.677124 0.770076 0.100363 0.312504 0.353528
0 0.137546 0.302073 0.150368 0.328547 0.307784
0 0.520175 0.468571 0.0726044 0.145164 0.307241
0 0.560447 0.561693 0.0784613 0.21149 0.29223
0 0.742644 0.522326 0.0939698 0.123658 0.262852
0 0.492112 0.31851 0.0877991 0.208549 0.247231
0 0.491214 0.278401 0.0701891 0.101679 0.230445
