0 0.562612 0.621652 0.798101 0.250638 0.609185
0 0.570197 0.333525 0.775399 0.160436 0.480334
0 0.546592 0.211791 0.834913 0.142445 0.462923
0 0.537737 0.790354 0.872692 0.157192 0.427003
0 0.401244 0.807855 0.56017 0.163888 0.414568
0 0.522262 0.906211 0.880938 0.182622 0.406127
0 0.397195 0.078361 0.558951 0.152617 0.389973
0 0.506928 0.0786672 0.806594 0.155664 0.375486
0 0.529409 0.188299 0.800275 0.125587 0.319397
0 0.311535 0.923821 0.579762 0.152359 0.305777
0 0.426947 0.182643 0.588769 0.129051 0.299605
0 0.564768 0.383453 0.725914 0.146177 0.293787
0 0.568821 0.463834 0.791341 0.15213 0.283898
0 0.466149 0.640144 0.510488 0.218028 0.268385
0 0.659934 0.213749 0.677281 0.17229 0.259293
0 0.561574 0.294577 0.740322 0.142154 0.243946
0 0.534734 0.828131 0.87184 0.25159 0.230885
0 0.4464 0.386376 0.532506 0.120163 0.22187
