0 0.475896 0.407307 0.187738 0.814614 0.721104
0 0.678206 0.406068 0.247428 0.812136 0.687815
0 0.315526 0.436409 0.161588 0.872819 0.602474
0 0.397863 0.825434 0.090193 0.184427 0.601714
0 0.462228 0.791528 0.0843003 0.136924 0.592948
0 0.182129 0.436761 0.171823 0.873523 0.579455
0 0.533535 0.741312 0.0837021 0.250663 0.527245
0 0.285158 0.435749 0.252566 0.871498 0.510749
0 0.208577 0.434112 0.245629 0.868225 0.46056
0 0.832891 0.404062 0.19985 0.808125 0.453766
0 0.94327 0.155709 0.11346 0.213773 0.304842
0 0.790523 0.646999 0.12468 0.302689 0.26764
