0 0.628822 0.745043 0.720356 0.193229 0.530262
0 0.630945 0.75691 0.717492 0.216866 0.516265
0 0.621561 0.573638 0.735881 0.178722 0.5012
0 0.60353 0.414396 0.774105 0.187762 0.445139
0 0.608035 0.254424 0.772007 0.186855 0.387954
0 0.639675 0.775813 0.720651 0.255373 0.382637
0 0.604231 0.426436 0.77975 0.186465 0.367449
0 0.609255 0.261309 0.781491 0.169179 0.349703
0 0.604018 0.419611 0.791965 0.175639 0.34238
0 0.621241 0.580581 0.733293 0.201908 0.336223
0 0.622255 0.797875 0.735549 0.304302 0.326945
0 0.600821 0.245673 0.769256 0.198111 0.298065
0 0.6286 0.568927 0.742801 0.20009 0.289997
0 0.595335 0.234463 0.78509 0.204942 0.271435
0 0.577846 0.0727223 0.827068 0.141248 0.268556
0 0.60819 0.272968 0.783621 0.176456 0.237568
0 0.586195 0.426023 0.771677 0.17296 0.228184
0 0.592081 0.22626 0.815685 0.215416 0.201435
0 0.570973 0.0595509 0.799437 0.119102 0.184378
0 0.466223 0.285084 0.470804 0.12352 0.172798
0 0.595605 0.405918 0.807952 0.207111 0.172132
0 0.529681 0.0703676 0.883043 0.137853 0.17
0 0.603364 0.394856 0.763331 0.186124 0.157394
0 0.640589 0.747832 0.718823 0.218539 0.146965
0 0.559316 0.419115 0.713315 0.171355 0.130968
0 0.492834 0.0661577 0.878383 0.129975 0.130967
0 0.59669 0.0627034 0.799225 0.125407 0.129505
0 0.492875 0.748563 0.413494 0.191355 0.122107
0 0.496625 0.282611 0.509449 0.128501 0.109102
0 0.570071 0.266404 0.715731 0.16449 0.106412
0 0.597859 0.815997 0.784479 0.353641 0.102647
0 0.53805 0.0573141 0.78441 0.114628 0.101561
0 0.613219 0.208688 0.773562 0.194436 0.100869
