0 0.836878 0.260817 0.326244 0.464621 0.554753
0 0.139425 0.379905 0.235236 0.758391 0.530236
0 0.457426 0.587406 0.187894 0.20087 0.408248
0 0.143412 0.42308 0.242101 0.681192 0.373076
0 0.451763 0.586166 0.19697 0.211814 0.3704
0 0.373498 0.730179 0.200669 0.196838 0.313296
0 0.445498 0.579664 0.211724 0.212168 0.281636
0 0.328869 0.400519 0.115682 0.200272 0.269933
0 0.742782 0.575718 0.456197 0.692032 0.26425
0 0.748494 0.468744 0.470615 0.731979 0.261255
0 0.376752 0.736365 0.20987 0.209883 0.250136
0 0.443638 0.345824 0.211625 0.336547 0.235543
0 0.736773 0.664089 0.467149 0.631802 0.222894
0 0.451021 0.334369 0.253792 0.367921 0.214231
0 0.74702 0.641508 0.483272 0.685057 0.213867
0 0.460524 0.583158 0.201112 0.204574 0.198055
0 0.463785 0.590305 0.18782 0.215035 0.196586
0 0.151231 0.406786 0.24297 0.714237 0.190484
0 0.754218 0.686079 0.473114 0.606643 0.190346
0 0.832135 0.278558 0.335731 0.524736 0.181828
0 0.441801 0.351369 0.201682 0.298451 0.170427
0 0.446854 0.331121 0.234901 0.352095 0.157373
0 0.688724 0.452383 0.349976 0.717883 0.151464
0 0.383901 0.742045 0.226814 0.221475 0.146005
0 0.735654 0.464292 0.528691 0.835705 0.139205
0 0.64943 0.459518 0.295964 0.80636 0.138536
0 0.449314 0.44854 0.260806 0.503607 0.127535
0 0.3675 0.731994 0.18635 0.207937 0.124096
0 0.622674 0.45279 0.274734 0.788485 0.122989
0 0.442814 0.561466 0.220419 0.255245 0.11689
0 0.74738 0.506869 0.503608 0.767728 0.10894
0 0.451431 0.337052 0.207727 0.361641 0.107402
0 0.830328 0.281621 0.339344 0.480713 0.10355
0 0.450399 0.399744 0.264346 0.517568 0.103133
