0 0.520758 0.615198 0.235613 0.733825 0.533753
0 0.235615 0.502514 0.19931 0.847693 0.52667
0 0.379072 0.525765 0.196167 0.943629 0.486117
0 0.234218 0.538078 0.208505 0.92006 0.475363
0 0.517261 0.593444 0.217542 0.709487 0.454749
0 0.510442 0.61091 0.237832 0.74989 0.427678
0 0.38029 0.455973 0.197571 0.811131 0.373623
0 0.236627 0.461554 0.189121 0.779237 0.370017
0 0.355687 0.529775 0.215655 0.921478 0.363077
0 0.684019 0.526086 0.340147 0.947828 0.327394
0 0.334665 0.517202 0.247914 0.956896 0.316383
0 0.374672 0.40985 0.201301 0.717135 0.269325
0 0.742018 0.527049 0.446013 0.945903 0.256253
0 0.766538 0.670362 0.455799 0.643249 0.252461
0 0.659519 0.525233 0.252591 0.949534 0.233223
0 0.757465 0.611494 0.485069 0.771381 0.232221
0 0.349874 0.530461 0.26597 0.935213 0.18758
0 0.66749 0.548281 0.659551 0.892879 0.185033
0 0.319265 0.531546 0.275604 0.912501 0.179964
0 0.743229 0.531189 0.506589 0.934605 0.158352
0 0.769081 0.632112 0.461838 0.731691 0.156725
0 0.49524 0.614142 0.263208 0.759759 0.149537
0 0.369189 0.339456 0.204222 0.57327 0.148981
0 0.7293 0.591051 0.530942 0.817897 0.144148
0 0.508147 0.582107 0.189069 0.725763 0.13649
0 0.656897 0.475101 0.326272 0.846776 0.131181
0 0.235736 0.396342 0.180161 0.639954 0.123248
