0 0.746862 0.552989 0.49756 0.289638 0.623405
0 0.646488 0.225241 0.704068 0.352526 0.602438
0 0.58713 0.75757 0.812901 0.26417 0.555293
0 0.465999 0.735404 0.520911 0.253624 0.521202
0 0.646701 0.290807 0.684772 0.229663 0.503792
0 0.425892 0.924343 0.850206 0.151314 0.372423
0 0.649565 0.477502 0.685263 0.183382 0.363412
0 0.564353 0.298754 0.524906 0.208348 0.340939
0 0.536037 0.476089 0.463037 0.176463 0.327527
0 0.152012 0.751995 0.304025 0.309778 0.311332
0 0.110554 0.137569 0.214288 0.275138 0.256217
0 0.0751562 0.138474 0.150312 0.276948 0.217577
0 0.193539 0.135448 0.229613 0.270895 0.204221
0 0.647318 0.521654 0.705364 0.278656 0.201058
