0 0.293574 0.651007 0.284304 0.697985 0.785668
0 0.771375 0.604061 0.290124 0.791878 0.778101
0 0.565815 0.730499 0.301444 0.539003 0.777082
0 0.559902 0.733902 0.332431 0.529246 0.75375
0 0.288366 0.645319 0.258151 0.699284 0.750677
0 0.273373 0.648268 0.339591 0.702662 0.730218
0 0.571332 0.7304 0.264186 0.539199 0.688672
0 0.606194 0.240372 0.209375 0.480744 0.615776
0 0.47226 0.507965 0.191888 0.415783 0.567845
0 0.577106 0.727717 0.235883 0.544565 0.505118
0 0.286197 0.641893 0.227089 0.686513 0.43654
0 0.0861779 0.701465 0.172356 0.592597 0.435662
0 0.462444 0.507425 0.169801 0.43901 0.429983
0 0.472725 0.590217 0.19059 0.590419 0.374978
0 0.0763287 0.695869 0.150874 0.602498 0.362153
0 0.764517 0.561832 0.275088 0.722914 0.358279
0 0.139628 0.155819 0.278539 0.309296 0.350498
0 0.920541 0.345736 0.157974 0.691471 0.347904
0 0.142206 0.12883 0.282671 0.253074 0.343477
0 0.06397 0.692779 0.125485 0.611035 0.333066
0 0.465074 0.501641 0.1586 0.409021 0.289874
0 0.138261 0.0969303 0.275245 0.190161 0.283147
0 0.924375 0.312563 0.15125 0.62224 0.276191
0 0.926029 0.359021 0.147942 0.718042 0.265912
0 0.79136 0.593897 0.288405 0.812207 0.260582
0 0.919301 0.439949 0.161399 0.879898 0.243767
0 0.0472406 0.685933 0.0910489 0.619372 0.233957
0 0.957042 0.545388 0.0846333 0.901475 0.223607
0 0.954962 0.568464 0.0883644 0.835756 0.219203
0 0.02268 0.538109 0.04536 0.271217 0.199259
0 0.927171 0.434901 0.145658 0.869802 0.197829
0 0.145703 0.111466 0.287737 0.216804 0.175571
0 0.137805 0.109432 0.275611 0.202482 0.163479
0 0.936816 0.470515 0.126367 0.941029 0.148622
0 0.913563 0.477534 0.172609 0.955068 0.140911
0 0.952769 0.596958 0.0924477 0.792279 0.13943
0 0.960185 0.526285 0.078886 0.944678 0.136981
0 0.135918 0.11617 0.271837 0.226467 0.135845
0 0.954871 0.476508 0.0902576 0.953016 0.127877
0 0.137721 0.0776399 0.275347 0.152833 0.118479
0 0.464608 0.458499 0.165007 0.324308 0.116122
