0 0.719173 0.619173 0.241584 0.756816 0.775558
0 0.133577 0.537898 0.243024 0.860093 0.691026
0 0.330882 0.622185 0.210396 0.750377 0.654515
0 0.720919 0.622026 0.219014 0.745717 0.634722
0 0.908746 0.60637 0.182508 0.784842 0.593692
0 0.326626 0.621268 0.191245 0.735624 0.574449
0 0.91596 0.601625 0.168081 0.765441 0.560835
0 0.56742 0.574733 0.157835 0.841682 0.526764
0 0.141572 0.545902 0.270618 0.881652 0.522312
0 0.710701 0.617946 0.274457 0.759898 0.493725
0 0.451077 0.607519 0.140043 0.740174 0.448725
0 0.721546 0.608597 0.20035 0.733546 0.394868
0 0.920094 0.586891 0.155607 0.745717 0.376659
0 0.455021 0.598647 0.146806 0.78966 0.346208
0 0.896988 0.612647 0.206024 0.771358 0.303921
0 0.447512 0.427713 0.159786 0.381269 0.301227
0 0.566937 0.528086 0.16145 0.780299 0.272986
0 0.464718 0.596137 0.161178 0.799567 0.228145
0 0.559187 0.401567 0.154792 0.51286 0.173609
0 0.451096 0.449384 0.159244 0.418765 0.173115
0 0.526525 0.567756 0.23217 0.864488 0.161681
0 0.445834 0.422899 0.144595 0.361064 0.157406
0 0.564617 0.418305 0.164052 0.561358 0.129884
0 0.561545 0.412446 0.14017 0.500915 0.110182
0 0.510242 0.57566 0.256721 0.845284 0.110116
