0 0.395775 0.617402 0.791549 0.259957 0.544762
0 0.523993 0.270782 0.841893 0.250913 0.535487
0 0.699467 0.831243 0.601066 0.26921 0.515682
0 0.5792 0.271977 0.741349 0.241187 0.493287
0 0.601386 0.823507 0.404661 0.244376 0.433824
0 0.393098 0.612652 0.786197 0.280096 0.430435
0 0.472628 0.413302 0.936905 0.263412 0.408561
0 0.4228 0.616686 0.7427 0.23915 0.408211
0 0.466853 0.612489 0.928079 0.283508 0.408047
0 0.610159 0.275593 0.683215 0.226955 0.380542
0 0.589362 0.827804 0.367731 0.196188 0.362632
0 0.498218 0.262909 0.888134 0.267607 0.353404
0 0.57959 0.0989478 0.840745 0.197896 0.349722
0 0.417862 0.417609 0.834168 0.247668 0.348851
0 0.466205 0.843594 0.924889 0.310644 0.334428
0 0.403259 0.424028 0.806518 0.236916 0.319662
0 0.419128 0.173023 0.838256 0.271923 0.30443
0 0.477168 0.203741 0.94302 0.295998 0.300722
0 0.454296 0.611362 0.687776 0.2135 0.292757
0 0.619433 0.821308 0.438243 0.23398 0.284433
0 0.588595 0.825176 0.384713 0.22795 0.279858
0 0.469364 0.592548 0.93201 0.288905 0.275929
0 0.400601 0.410968 0.801201 0.268665 0.268953
0 0.734728 0.0991796 0.530544 0.198359 0.265377
0 0.423935 0.194838 0.847465 0.284189 0.264391
0 0.625388 0.0983173 0.749224 0.194867 0.25765
0 0.666825 0.274943 0.576742 0.216111 0.256691
0 0.474915 0.167752 0.940145 0.293518 0.255078
0 0.822536 0.0911143 0.354927 0.174784 0.252534
0 0.573087 0.271971 0.772298 0.221008 0.250465
0 0.419519 0.618323 0.838377 0.277701 0.249719
0 0.593776 0.820376 0.350261 0.213246 0.238997
0 0.709351 0.835299 0.578323 0.29943 0.228253
0 0.516532 0.249211 0.889407 0.263585 0.227339
0 0.392261 0.838189 0.784522 0.31884 0.224404
0 0.473344 0.376743 0.937529 0.294611 0.210328
0 0.505922 0.606512 0.586554 0.196131 0.204371
0 0.425268 0.439702 0.764936 0.196059 0.203504
0 0.418458 0.612207 0.750715 0.206391 0.200833
0 0.788615 0.101384 0.42277 0.201808 0.198826
0 0.554714 0.101793 0.890571 0.203586 0.185867
0 0.471461 0.630364 0.936653 0.31765 0.180986
0 0.663823 0.825956 0.534724 0.275029 0.175157
0 0.564574 0.0839581 0.870853 0.167916 0.171155
0 0.44858 0.446316 0.702115 0.193499 0.164447
0 0.40146 0.613403 0.80292 0.287188 0.162578
0 0.495915 0.448141 0.606731 0.188795 0.158642
0 0.545811 0.0967922 0.908379 0.193584 0.155109
0 0.515569 0.241363 0.968861 0.306348 0.150173
0 0.618631 0.444991 0.329347 0.157325 0.14832
0 0.546281 0.817924 0.549485 0.210736 0.147921
0 0.474566 0.439681 0.941909 0.292191 0.146378
0 0.359441 0.173504 0.718881 0.266456 0.142437
0 0.415858 0.39112 0.831538 0.25365 0.138971
0 0.418125 0.590173 0.83625 0.268319 0.137936
0 0.36585 0.41592 0.7317 0.243822 0.13016
0 0.583722 0.609069 0.394012 0.16912 0.12858
0 0.710578 0.813294 0.578571 0.280634 0.12387
0 0.447961 0.0692112 0.873228 0.138422 0.121504
0 0.396804 0.618264 0.793609 0.306698 0.120835
0 0.604852 0.608253 0.363076 0.169526 0.120362
0 0.519518 0.216757 0.960963 0.315672 0.114782
0 0.544239 0.077157 0.895607 0.154314 0.113687
0 0.426661 0.639703 0.853322 0.322264 0.111635
0 0.72725 0.278679 0.406389 0.186054 0.111167
0 0.618641 0.0860431 0.758287 0.172086 0.110667
0 0.751752 0.278226 0.370429 0.187967 0.110599
0 0.599487 0.440122 0.370343 0.165017 0.109789
0 0.420806 0.361245 0.841612 0.335685 0.109023
0 0.520208 0.0919632 0.959584 0.183926 0.108711
0 0.63654 0.450008 0.300112 0.1481 0.107809
0 0.637961 0.445578 0.319424 0.157808 0.105528
0 0.397544 0.857729 0.795088 0.283281 0.103466
0 0.461878 0.0856056 0.914456 0.171211 0.102748
0 0.46213 0.211012 0.924261 0.307337 0.102356
