0 0.211103 0.569431 0.179045 0.831211 0.808333
0 0.333544 0.591155 0.144298 0.758619 0.771975
0 0.458533 0.588452 0.187381 0.811544 0.609494
0 0.635529 0.788356 0.135118 0.423287 0.528679
0 0.623424 0.537879 0.184604 0.763045 0.506137
0 0.220656 0.567505 0.179321 0.817022 0.489339
0 0.335347 0.597303 0.137608 0.805393 0.488525
0 0.632105 0.389277 0.165985 0.426701 0.486005
0 0.455685 0.58538 0.169336 0.805201 0.485228
0 0.331342 0.586283 0.161644 0.78001 0.474057
0 0.618164 0.383727 0.169597 0.453146 0.415321
0 0.629681 0.576822 0.204465 0.846355 0.410433
0 0.630594 0.783999 0.173354 0.429496 0.369665
0 0.199688 0.544208 0.192128 0.857161 0.331931
0 0.631934 0.395959 0.18026 0.415462 0.326383
0 0.332412 0.541243 0.115328 0.575079 0.316757
0 0.451218 0.465332 0.14412 0.535208 0.306331
0 0.216606 0.575773 0.174226 0.848453 0.283696
0 0.445801 0.582882 0.138952 0.795427 0.238109
0 0.626834 0.388502 0.145047 0.437111 0.220151
0 0.0778614 0.551923 0.152928 0.878454 0.195057
0 0.637533 0.38773 0.211689 0.424143 0.194132
0 0.468356 0.59257 0.180568 0.769792 0.188332
0 0.631754 0.795434 0.121866 0.409132 0.185957
0 0.326967 0.549005 0.114812 0.592589 0.180874
0 0.453886 0.497081 0.143897 0.582726 0.165921
0 0.634526 0.573192 0.230418 0.853617 0.163519
0 0.637115 0.789043 0.196552 0.421914 0.127406
0 0.330066 0.51605 0.10744 0.524233 0.123488
0 0.45112 0.430869 0.128656 0.464468 0.103945
