0 0.392654 0.634952 0.0710681 0.207302 0.776149
0 0.925267 0.672954 0.120075 0.173927 0.765332
0 0.706046 0.220903 0.0974714 0.170221 0.735891
0 0.737427 0.543418 0.0822805 0.183007 0.728585
0 0.405484 0.0509503 0.0915995 0.100762 0.70889
0 0.654619 0.41484 0.0719452 0.176672 0.704487
0 0.547616 0.726186 0.0669044 0.193421 0.698482
0 0.388509 0.636116 0.0783368 0.207895 0.694415
0 0.607689 0.855424 0.0673175 0.232877 0.670961
0 0.392993 0.626853 0.0774024 0.209131 0.63075
0 0.546695 0.723094 0.0732792 0.205599 0.616383
0 0.389288 0.628599 0.0751664 0.207359 0.614433
0 0.846447 0.489912 0.0930483 0.222731 0.597082
0 0.392073 0.435617 0.0730186 0.171181 0.578718
0 0.755572 0.876678 0.0954248 0.246645 0.573155
0 0.536928 0.963915 0.051675 0.0721697 0.571967
0 0.608449 0.847686 0.0740648 0.216374 0.564801
0 0.0883799 0.249489 0.169889 0.159281 0.5459
0 0.923189 0.67798 0.134649 0.181537 0.54185
0 0.440722 0.911808 0.0599549 0.175595 0.541816
0 0.926866 0.670017 0.13054 0.183237 0.52937
0 0.399495 0.0558854 0.104251 0.111771 0.502499
0 0.857473 0.490796 0.114149 0.228281 0.501084
0 0.53485 0.963546 0.0387839 0.0710709 0.498713
0 0.849804 0.491578 0.103367 0.227771 0.498606
0 0.0359269 0.435771 0.0718537 0.160864 0.493879
0 0.166664 0.637108 0.0904099 0.169865 0.493748
0 0.750239 0.878216 0.0846161 0.242633 0.490401
0 0.760768 0.392699 0.0837372 0.158527 0.477518
0 0.957565 0.115732 0.0813364 0.177662 0.474266
0 0.605748 0.833159 0.0690466 0.189445 0.474121
0 0.759518 0.878579 0.0853385 0.242841 0.466515
0 0.390994 0.436936 0.082985 0.173938 0.464557
0 0.161901 0.640507 0.0931051 0.172321 0.463853
0 0.0358709 0.436228 0.0717418 0.146442 0.43794
0 0.544066 0.724304 0.0786253 0.19015 0.417431
0 0.61052 0.867581 0.0770773 0.257523 0.413381
0 0.655392 0.41649 0.0774273 0.182853 0.404443
0 0.535386 0.96164 0.0559796 0.0764814 0.401582
0 0.39063 0.430832 0.0779395 0.169998 0.400759
0 0.737105 0.53903 0.0899837 0.186044 0.389977
0 0.391931 0.937228 0.0474705 0.124607 0.388851
0 0.650583 0.405652 0.0795916 0.183853 0.365651
0 0.447149 0.911436 0.0639711 0.177129 0.357818
0 0.650435 0.415145 0.0786489 0.170596 0.355833
0 0.391633 0.635295 0.0787996 0.200693 0.332303
0 0.390067 0.933974 0.0504371 0.13063 0.330049
0 0.533198 0.963501 0.026346 0.0700045 0.328672
0 0.923596 0.668803 0.128053 0.167992 0.327651
0 0.932168 0.0359364 0.115252 0.0699983 0.326146
0 0.171498 0.639031 0.0951749 0.173595 0.325885
0 0.160903 0.636937 0.102759 0.180091 0.311191
0 0.067029 0.66151 0.109298 0.163665 0.308751
0 0.73395 0.536137 0.0902153 0.172089 0.298511
0 0.707384 0.219364 0.11117 0.174704 0.294859
0 0.753824 0.385591 0.0853529 0.14955 0.294768
0 0.756523 0.387954 0.0925303 0.151158 0.289683
0 0.0933917 0.471443 0.104937 0.155766 0.285947
0 0.0647175 0.826021 0.122834 0.250475 0.280717
0 0.156362 0.640654 0.0895123 0.172961 0.27436
0 0.394381 0.936137 0.0494325 0.127288 0.26802
0 0.393251 0.0527746 0.119043 0.105549 0.261016
0 0.863598 0.491739 0.121393 0.221525 0.259227
0 0.840464 0.465887 0.0967831 0.177951 0.256664
0 0.0380333 0.435648 0.0718944 0.16792 0.254667
0 0.0355097 0.433344 0.0668593 0.16233 0.253814
0 0.762415 0.38688 0.103092 0.161254 0.253178
0 0.397156 0.0517439 0.107794 0.103297 0.237414
0 0.0358453 0.432661 0.0716907 0.12786 0.231801
0 0.923478 0.0351666 0.0988796 0.0690607 0.229825
0 0.552935 0.723906 0.0590256 0.203313 0.22914
0 0.839423 0.480839 0.0854892 0.204867 0.225735
0 0.954233 0.113474 0.0908827 0.182129 0.223691
0 0.165256 0.640773 0.104121 0.186405 0.212353
0 0.60511 0.843933 0.0708637 0.216054 0.21135
0 0.400236 0.0596688 0.101977 0.119338 0.206397
0 0.0874985 0.479302 0.118262 0.172921 0.206252
0 0.404575 0.0464572 0.0919647 0.0929145 0.195494
0 0.391104 0.93598 0.0566881 0.127344 0.191844
0 0.0561896 0.565823 0.107338 0.195694 0.18993
0 0.394088 0.63751 0.0748213 0.219335 0.186283
0 0.545969 0.727621 0.0827972 0.206516 0.179212
0 0.0944094 0.247996 0.187773 0.173505 0.177279
0 0.0544629 0.582774 0.103241 0.195909 0.172419
0 0.736025 0.53232 0.0999221 0.165995 0.16804
0 0.0638062 0.66284 0.120884 0.165483 0.16767
0 0.533322 0.963076 0.0315769 0.0711744 0.160369
0 0.0577005 0.830534 0.11167 0.263033 0.156398
0 0.934577 0.0401311 0.130846 0.0782874 0.153763
0 0.394925 0.624988 0.0710006 0.187356 0.153438
0 0.0363121 0.425775 0.0726242 0.114583 0.152284
0 0.767404 0.907684 0.069088 0.184632 0.148038
0 0.861465 0.495173 0.132936 0.239309 0.147678
0 0.968147 0.630251 0.0589573 0.0873795 0.145181
0 0.970312 0.630945 0.0536364 0.0887133 0.140564
0 0.940686 0.110725 0.117931 0.186419 0.137834
0 0.604827 0.85836 0.0669904 0.222453 0.136581
0 0.0857196 0.241915 0.168398 0.168122 0.135406
0 0.395488 0.935695 0.0412457 0.128611 0.135293
0 0.931297 0.0361959 0.135551 0.0723918 0.134104
0 0.033152 0.430582 0.0663041 0.165696 0.133501
0 0.533283 0.962538 0.0245273 0.0671207 0.126905
0 0.937995 0.0368094 0.12401 0.0736187 0.125337
0 0.956892 0.106806 0.0862167 0.150789 0.123598
0 0.0293111 0.434109 0.0586222 0.150112 0.118829
0 0.84271 0.468749 0.104206 0.20273 0.118035
0 0.963189 0.115926 0.0736212 0.172129 0.117682
0 0.607252 0.827086 0.0675842 0.179583 0.11552
0 0.956228 0.106102 0.0875176 0.114811 0.113767
0 0.931 0.043608 0.135772 0.0858813 0.110335
0 0.95356 0.615858 0.0907269 0.119962 0.107309
0 0.404776 0.91925 0.0850479 0.1615 0.104572
0 0.955599 0.114699 0.088802 0.159738 0.100641
