0 0.356196 0.52005 0.135808 0.749671 0.678529
0 0.752019 0.544994 0.176697 0.747862 0.643461
0 0.752208 0.514818 0.183967 0.81165 0.612768
0 0.599248 0.581852 0.141393 0.765176 0.599379
0 0.598811 0.539131 0.14386 0.854832 0.597538
0 0.353136 0.484945 0.142279 0.832209 0.589284
0 0.603524 0.480395 0.183541 0.901489 0.581435
0 0.600534 0.498469 0.15256 0.922138 0.580576
0 0.6038 0.468333 0.168711 0.936667 0.56582
0 0.360156 0.554782 0.133179 0.675687 0.559499
0 0.465076 0.467766 0.173431 0.852348 0.5582
0 0.751743 0.468874 0.190942 0.90805 0.549802
0 0.227363 0.498286 0.162791 0.712048 0.547885
0 0.222136 0.472661 0.168814 0.781199 0.537603
0 0.347978 0.451565 0.160009 0.88882 0.521254
0 0.469434 0.447588 0.163484 0.895176 0.519036
0 0.346006 0.471578 0.177658 0.84524 0.510865
0 0.472698 0.479558 0.139554 0.844768 0.477746
0 0.598906 0.611984 0.143313 0.691864 0.421591
0 0.212543 0.436775 0.187635 0.86197 0.414224
0 0.475135 0.508894 0.128552 0.762057 0.383562
0 0.474423 0.4673 0.166948 0.871223 0.33558
0 0.213291 0.438725 0.216808 0.860301 0.238822
0 0.331423 0.464781 0.208645 0.855325 0.234587
0 0.228939 0.567048 0.156404 0.574867 0.180928
0 0.481477 0.465502 0.190844 0.873833 0.16966
0 0.161021 0.434856 0.257777 0.858135 0.146752
0 0.116948 0.469748 0.227325 0.939278 0.145232
0 0.129259 0.452934 0.258518 0.897258 0.144743
0 0.479117 0.43654 0.171277 0.824462 0.136988
0 0.128161 0.289835 0.256323 0.579671 0.133014
0 0.746265 0.48611 0.210584 0.935112 0.124832
0 0.792221 0.479633 0.0765873 0.539539 0.124365
0 0.0361936 0.23835 0.0723872 0.473338 0.119428
0 0.476866 0.536624 0.123809 0.696559 0.108933
0 0.348015 0.43696 0.16262 0.790582 0.104728
0 0.657953 0.19915 0.072471 0.387666 0.102102
0 0.283733 0.44886 0.266216 0.83204 0.100297
