0 0.758088 0.664256 0.156981 0.664745 0.622454
0 0.885113 0.622168 0.190067 0.747706 0.604787
0 0.258007 0.67221 0.161583 0.654976 0.580778
0 0.120173 0.592295 0.197101 0.788909 0.558366
0 0.888318 0.619488 0.213747 0.760203 0.555027
0 0.760208 0.666875 0.178891 0.657689 0.512477
0 0.245771 0.673701 0.177503 0.647626 0.509621
0 0.625092 0.633483 0.15642 0.723834 0.490535
0 0.752882 0.658706 0.141769 0.641275 0.481596
0 0.110798 0.596838 0.202747 0.802716 0.479791
0 0.382371 0.675686 0.145836 0.6466 0.476614
0 0.528376 0.68596 0.179406 0.623508 0.42629
0 0.474018 0.394497 0.125456 0.250949 0.422055
0 0.528692 0.686599 0.214236 0.625326 0.421463
0 0.330305 0.351031 0.119178 0.199246 0.419245
0 0.520936 0.686739 0.141845 0.61957 0.410369
0 0.471552 0.406794 0.12957 0.281895 0.357961
0 0.330416 0.355026 0.126412 0.209993 0.347633
0 0.475633 0.388276 0.121135 0.232381 0.338622
0 0.558867 0.660706 0.259455 0.678587 0.329691
0 0.333378 0.350766 0.0943522 0.161557 0.328452
0 0.536596 0.682278 0.262982 0.634873 0.325099
0 0.097678 0.594786 0.193154 0.806808 0.309852
0 0.6176 0.448814 0.150344 0.345216 0.307211
0 0.759343 0.662605 0.197895 0.671302 0.264065
0 0.617679 0.473203 0.15661 0.388721 0.246456
0 0.467613 0.414728 0.134604 0.29112 0.242859
0 0.5458 0.0660309 0.560889 0.132062 0.241438
0 0.329605 0.361925 0.123796 0.235075 0.239559
0 0.552366 0.677318 0.274752 0.64473 0.230375
0 0.543355 0.0525825 0.550323 0.103508 0.197377
0 0.47528 0.364619 0.100191 0.164093 0.192582
0 0.62057 0.500469 0.155045 0.438099 0.179222
0 0.465937 0.42844 0.134843 0.304416 0.16832
0 0.390718 0.676742 0.16126 0.643692 0.153284
0 0.533257 0.656231 0.136314 0.555782 0.151389
0 0.330299 0.348689 0.0965131 0.153276 0.150516
0 0.575707 0.66168 0.259621 0.672556 0.146724
0 0.11758 0.475365 0.189342 0.541787 0.140713
0 0.759779 0.62311 0.138359 0.56648 0.139505
0 0.386051 0.635642 0.12574 0.560509 0.114749
0 0.32621 0.383951 0.136878 0.283045 0.112701
0 0.118147 0.494072 0.168599 0.564371 0.11265
0 0.871109 0.474839 0.171767 0.425196 0.104616
