0 0.549831 0.209482 0.769228 0.359069 0.586891
0 0.526915 0.217996 0.742476 0.344338 0.535516
0 0.567806 0.80711 0.864388 0.385781 0.36775
0 0.540984 0.196448 0.702475 0.368392 0.31404
0 0.788492 0.173888 0.348479 0.344172 0.305642
0 0.573121 0.780906 0.853758 0.416693 0.289543
0 0.495208 0.211856 0.683398 0.313306 0.249437
0 0.564674 0.585471 0.870653 0.476266 0.247127
0 0.920976 0.954169 0.0378483 0.0914703 0.230881
0 0.908712 0.164489 0.176164 0.326125 0.221424
0 0.921682 0.951278 0.0331579 0.0949215 0.212898
0 0.901275 0.160188 0.188658 0.320377 0.211055
0 0.561962 0.538453 0.876076 0.385935 0.209197
0 0.568196 0.794856 0.863608 0.37929 0.201772
0 0.919602 0.951451 0.0287003 0.0946589 0.199651
0 0.921286 0.955001 0.0413391 0.0893707 0.186445
0 0.573246 0.523336 0.853507 0.37637 0.18006
0 0.922067 0.951845 0.0387596 0.0944096 0.179859
0 0.570693 0.507837 0.858614 0.333784 0.168356
0 0.922514 0.951476 0.0452477 0.0953999 0.167479
0 0.53578 0.81403 0.803814 0.37194 0.163081
0 0.567187 0.795154 0.865626 0.342512 0.158763
0 0.574696 0.781471 0.850608 0.341011 0.158096
0 0.572887 0.748548 0.854226 0.411821 0.157711
0 0.920532 0.950283 0.0452198 0.0973587 0.151527
0 0.530344 0.628352 0.830327 0.555659 0.143499
0 0.474366 0.222392 0.650484 0.281503 0.141695
0 0.700595 0.174784 0.530647 0.349568 0.133492
0 0.921596 0.953663 0.0501566 0.0926731 0.120315
