0 0.134891 0.626498 0.231112 0.741372 0.706977
0 0.3116 0.602273 0.173343 0.753452 0.616354
0 0.302782 0.608772 0.188364 0.769989 0.563116
0 0.725538 0.510674 0.18285 0.48778 0.553615
0 0.886919 0.649767 0.210962 0.661712 0.456907
0 0.728341 0.576431 0.196574 0.639126 0.386662
0 0.732659 0.511205 0.151803 0.485392 0.359192
0 0.884767 0.660816 0.230465 0.678369 0.347083
0 0.147667 0.616362 0.205494 0.715215 0.32313
0 0.559875 0.0917462 0.88025 0.182664 0.27015
0 0.883376 0.585441 0.199582 0.544716 0.25622
0 0.587755 0.0944243 0.819984 0.188849 0.246724
0 0.557844 0.0842781 0.884312 0.166907 0.199851
0 0.624501 0.0953082 0.750998 0.190616 0.198315
0 0.677027 0.0958181 0.645946 0.189108 0.16654
0 0.871567 0.658666 0.244014 0.682667 0.162095
0 0.753522 0.0947882 0.490032 0.189497 0.142823
0 0.31546 0.597733 0.190722 0.752994 0.128537
0 0.944844 0.66216 0.109036 0.675681 0.118758
0 0.491871 0.0803757 0.902271 0.160751 0.11812
0 0.952104 0.661428 0.094381 0.669788 0.115015
0 0.723264 0.62721 0.221422 0.74558 0.10598
0 0.808425 0.0946793 0.38315 0.189359 0.105959
0 0.120172 0.621558 0.239478 0.746521 0.104583
0 0.135056 0.621003 0.264031 0.749708 0.103391
0 0.833157 0.874059 0.148195 0.242861 0.100595
