0 0.704427 0.212366 0.581475 0.310395 0.444882
0 0.708299 0.187708 0.579312 0.259557 0.377304
0 0.520615 0.707545 0.875997 0.214508 0.372456
0 0.711836 0.213554 0.576328 0.254606 0.346634
0 0.5654 0.520582 0.8692 0.214788 0.342249
0 0.568948 0.515806 0.861187 0.195169 0.336271
0 0.688658 0.172792 0.576154 0.238046 0.31352
0 0.69051 0.194885 0.606703 0.273437 0.297633
0 0.565849 0.526829 0.868302 0.22102 0.295047
0 0.474337 0.705465 0.804257 0.214027 0.293992
0 0.521713 0.714471 0.888661 0.236345 0.293855
0 0.489368 0.343394 0.326086 0.204776 0.272354
0 0.525501 0.508555 0.796118 0.195766 0.271183
0 0.690185 0.22995 0.613616 0.347697 0.269179
0 0.416589 0.135702 0.833177 0.265247 0.265478
0 0.716478 0.190468 0.567045 0.222106 0.264082
0 0.531742 0.537028 0.927872 0.2419 0.259555
0 0.595195 0.171984 0.336361 0.186661 0.244325
0 0.535765 0.545047 0.904302 0.281529 0.237207
0 0.71778 0.0568084 0.564441 0.109301 0.214597
0 0.469919 0.335743 0.360972 0.231269 0.213447
0 0.488335 0.346132 0.31232 0.191844 0.207788
0 0.538593 0.843359 0.901002 0.301088 0.203478
0 0.597743 0.220289 0.33531 0.310582 0.202307
0 0.563631 0.0457391 0.843156 0.0914781 0.186363
0 0.630696 0.321458 0.720299 0.250165 0.182771
0 0.646844 0.240568 0.692912 0.356571 0.180515
0 0.618422 0.0476496 0.757597 0.0952993 0.17934
0 0.526799 0.695463 0.873613 0.212793 0.178565
0 0.682832 0.0475197 0.633717 0.0950394 0.177344
0 0.48875 0.501295 0.721898 0.202847 0.176134
0 0.710373 0.0494159 0.57888 0.098187 0.168627
0 0.628686 0.343193 0.73188 0.212627 0.163582
0 0.29375 0.70418 0.442384 0.204629 0.150311
0 0.525335 0.877132 0.947487 0.230361 0.14852
0 0.539372 0.869722 0.895666 0.250069 0.147916
0 0.596875 0.188034 0.342762 0.250743 0.143063
0 0.590884 0.848966 0.811445 0.293257 0.138281
0 0.552181 0.684121 0.895638 0.206687 0.135886
0 0.53074 0.0435239 0.888671 0.0870477 0.133952
0 0.533675 0.824426 0.908679 0.294989 0.132043
0 0.431136 0.702728 0.719456 0.219219 0.129946
0 0.593523 0.171519 0.3199 0.153993 0.127067
0 0.704741 0.227269 0.590518 0.267728 0.118081
0 0.265461 0.705384 0.395076 0.205949 0.116007
0 0.354884 0.329853 0.593754 0.235947 0.115411
0 0.319083 0.50147 0.358335 0.193299 0.105858
0 0.590483 0.165783 0.330296 0.17191 0.104659
0 0.336935 0.500213 0.393969 0.200037 0.102556
0 0.249445 0.707032 0.343002 0.210481 0.100958
