0 0.883245 0.5277 0.227912 0.944599 0.693709
0 0.301747 0.601331 0.272995 0.790496 0.673124
0 0.560445 0.560419 0.279912 0.857571 0.668912
0 0.560215 0.559523 0.257941 0.828837 0.648624
0 0.579732 0.568581 0.323604 0.856592 0.594469
0 0.0905371 0.581154 0.181074 0.827975 0.578263
0 0.306733 0.592331 0.244695 0.762334 0.448719
0 0.871512 0.515473 0.246691 0.943305 0.401814
0 0.0806704 0.569593 0.160117 0.791532 0.397825
0 0.185864 0.411062 0.0664919 0.215384 0.365176
0 0.101811 0.581615 0.203623 0.831724 0.270395
0 0.888224 0.418497 0.223552 0.732941 0.26625
0 0.559851 0.56869 0.24041 0.86262 0.264938
0 0.572794 0.556607 0.386467 0.864076 0.259937
0 0.184726 0.390485 0.0542039 0.170797 0.245521
0 0.0538366 0.587866 0.107673 0.809157 0.216273
0 0.859267 0.510969 0.268041 0.971788 0.139314
0 0.555544 0.527414 0.227875 0.792349 0.128171
0 0.182968 0.415155 0.0761145 0.229145 0.119139
0 0.185381 0.409876 0.07745 0.216847 0.113093
0 0.185385 0.381959 0.0529741 0.158532 0.109984
