0 0.164625 0.382511 0.234364 0.448478 0.558831
0 0.163481 0.383568 0.272079 0.449928 0.498482
0 0.179063 0.383943 0.304155 0.45394 0.433638
0 0.702473 0.397458 0.323177 0.78259 0.380779
0 0.479665 0.561706 0.16747 0.34473 0.37303
0 0.488279 0.37722 0.223143 0.744303 0.316856
0 0.728527 0.397859 0.392584 0.781132 0.30905
0 0.171476 0.384554 0.206998 0.449548 0.294666
0 0.175219 0.37881 0.252872 0.468411 0.292944
0 0.937267 0.27892 0.120175 0.557841 0.264335
0 0.177139 0.388989 0.185249 0.444664 0.259582
0 0.486162 0.377073 0.266865 0.746075 0.254186
0 0.326998 0.393326 0.254144 0.776604 0.2396
0 0.50843 0.373608 0.29505 0.747215 0.236343
0 0.47835 0.561293 0.147915 0.342921 0.228102
0 0.753797 0.359987 0.404242 0.711327 0.220904
0 0.784304 0.299201 0.314352 0.582331 0.220885
0 0.315118 0.563893 0.226902 0.421372 0.203766
0 0.806568 0.299106 0.289 0.587869 0.188528
0 0.0442766 0.247362 0.087167 0.482982 0.186928
0 0.322983 0.516514 0.236195 0.533846 0.181818
0 0.481227 0.561753 0.189588 0.37602 0.176122
0 0.482649 0.537674 0.198267 0.418346 0.165106
0 0.209158 0.347347 0.339331 0.532604 0.16068
0 0.327867 0.43456 0.230657 0.697912 0.157134
0 0.66215 0.388054 0.257516 0.776108 0.156667
0 0.193754 0.383263 0.261333 0.456341 0.15554
0 0.174017 0.387704 0.159877 0.441363 0.143887
0 0.922108 0.278371 0.144616 0.551638 0.134576
0 0.769978 0.374922 0.400256 0.744165 0.132035
0 0.352118 0.387092 0.360725 0.768121 0.130109
0 0.47539 0.562298 0.213212 0.360771 0.124778
0 0.319275 0.390908 0.213127 0.779168 0.121719
0 0.165773 0.384161 0.182377 0.445693 0.118412
0 0.480787 0.560757 0.240392 0.355584 0.11838
0 0.912562 0.278589 0.163537 0.548143 0.117053
0 0.0419102 0.246758 0.080839 0.493516 0.112474
0 0.525011 0.733306 0.187902 0.101201 0.1104
0 0.507199 0.390057 0.247737 0.77942 0.102275
0 0.328701 0.599116 0.183874 0.383704 0.101131
