0 0.57064 0.833848 0.85872 0.271475 0.677262
0 0.593278 0.408877 0.813443 0.285297 0.659763
0 0.530457 0.152062 0.885638 0.301277 0.583267
0 0.509507 0.826757 0.750906 0.252518 0.56205
0 0.576735 0.836899 0.846531 0.283239 0.558234
0 0.552622 0.4142 0.769929 0.27408 0.550964
0 0.551809 0.154735 0.896382 0.309416 0.464738
0 0.616266 0.624525 0.739581 0.225605 0.461117
0 0.625051 0.632161 0.749899 0.212129 0.450127
0 0.618334 0.640314 0.744405 0.196559 0.437265
0 0.490449 0.813099 0.730846 0.220237 0.396584
0 0.593385 0.373231 0.813231 0.366676 0.36809
0 0.59576 0.641345 0.707203 0.187511 0.358976
0 0.567846 0.142495 0.852138 0.28499 0.324462
0 0.553634 0.179212 0.892732 0.354239 0.323512
0 0.528991 0.424701 0.730597 0.249343 0.311125
0 0.452479 0.151053 0.736608 0.289411 0.291287
0 0.586891 0.348877 0.826217 0.395548 0.289433
0 0.557965 0.369577 0.87074 0.367292 0.27701
0 0.574184 0.336946 0.838356 0.406518 0.276722
0 0.537938 0.172101 0.896466 0.337807 0.27411
0 0.563653 0.821742 0.858216 0.303387 0.271056
0 0.538327 0.392531 0.877983 0.317642 0.26992
0 0.561643 0.825898 0.841499 0.24302 0.250915
0 0.562613 0.841048 0.862035 0.317903 0.23432
0 0.544662 0.833648 0.86785 0.282917 0.223163
0 0.567014 0.639659 0.671936 0.177308 0.222627
0 0.558698 0.281659 0.870803 0.431409 0.212958
0 0.546746 0.325721 0.861022 0.431507 0.200608
0 0.56582 0.159985 0.85704 0.31997 0.19286
0 0.549986 0.393248 0.788197 0.341281 0.181309
0 0.621977 0.138504 0.752505 0.277007 0.175832
0 0.573914 0.616203 0.839661 0.237258 0.168956
0 0.557588 0.22582 0.871651 0.434601 0.165403
0 0.463025 0.809442 0.678624 0.198419 0.141301
0 0.48186 0.808502 0.713717 0.185062 0.133725
0 0.574969 0.125973 0.84099 0.251945 0.130956
0 0.55125 0.845822 0.8975 0.302124 0.12565
0 0.570483 0.804249 0.845512 0.290716 0.116159
0 0.579724 0.823589 0.840553 0.241589 0.106131
0 0.598833 0.419429 0.802334 0.291767 0.100858
