0 0.376611 0.308816 0.120652 0.240949 0.628473
0 0.215851 0.677974 0.268217 0.638702 0.587464
0 0.211647 0.346539 0.0950093 0.202182 0.582621
0 0.330709 0.406433 0.0991423 0.193833 0.520164
0 0.632269 0.269007 0.129919 0.233613 0.496362
0 0.47935 0.520634 0.117622 0.427354 0.483243
0 0.506879 0.322511 0.101881 0.205697 0.434083
0 0.386715 0.694266 0.145874 0.591015 0.40979
0 0.590411 0.439664 0.0904882 0.23145 0.387244
0 0.657618 0.602528 0.114218 0.493966 0.346455
0 0.751957 0.504345 0.117564 0.396522 0.332776
0 0.668309 0.669004 0.133907 0.64829 0.32036
0 0.696979 0.667296 0.189747 0.662858 0.301478
0 0.181561 0.673321 0.166175 0.635412 0.293491
0 0.659613 0.439763 0.0965544 0.143542 0.286262
0 0.271736 0.485126 0.094543 0.196104 0.272538
0 0.503241 0.297515 0.0907381 0.145509 0.265678
0 0.332363 0.398253 0.0828325 0.148591 0.231168
0 0.737969 0.397842 0.113765 0.185845 0.216397
