0 0.511638 0.420068 0.71962 0.205714 0.60222
0 0.531409 0.418948 0.6798 0.195614 0.572437
0 0.519542 0.262977 0.642522 0.169915 0.435137
0 0.435761 0.757876 0.664046 0.207604 0.412551
0 0.549548 0.419516 0.624259 0.191374 0.407058
0 0.405074 0.768536 0.723414 0.202501 0.355981
0 0.60698 0.24977 0.434153 0.152998 0.331703
0 0.409443 0.770882 0.727464 0.229893 0.32197
0 0.616688 0.248173 0.416776 0.142802 0.308221
0 0.427658 0.770939 0.845766 0.201553 0.306048
0 0.202238 0.404078 0.393341 0.100145 0.288381
0 0.450604 0.747644 0.62623 0.189163 0.273193
0 0.459773 0.597344 0.66961 0.14864 0.26103
0 0.617878 0.413693 0.509285 0.172299 0.251312
0 0.192487 0.405282 0.368242 0.0951393 0.225136
0 0.462201 0.426101 0.812881 0.183797 0.217643
0 0.458781 0.587942 0.707294 0.166745 0.215526
0 0.479347 0.584662 0.641055 0.160727 0.209411
0 0.207725 0.404753 0.413602 0.106674 0.206112
0 0.176748 0.408687 0.340761 0.0872119 0.202725
0 0.13611 0.331681 0.271321 0.0822997 0.178463
0 0.133744 0.606145 0.263063 0.117002 0.178281
0 0.633574 0.41091 0.476439 0.160834 0.16609
0 0.206097 0.504298 0.378608 0.116068 0.156323
0 0.753507 0.41302 0.245216 0.131321 0.147067
0 0.637052 0.717457 0.261632 0.135278 0.146411
0 0.134278 0.409001 0.268557 0.0868448 0.145576
0 0.507785 0.427448 0.715171 0.235205 0.14538
0 0.594431 0.416186 0.517393 0.180123 0.142256
0 0.617869 0.428504 0.503868 0.178383 0.135232
0 0.126123 0.610022 0.252245 0.118505 0.134095
0 0.514326 0.261292 0.641941 0.196355 0.127919
0 0.561897 0.93043 0.147578 0.135718 0.127827
0 0.17227 0.599708 0.344458 0.112509 0.125524
0 0.207453 0.503579 0.393953 0.130535 0.120386
0 0.57904 0.420752 0.608243 0.201453 0.114086
0 0.769788 0.412797 0.209911 0.130307 0.112434
0 0.771004 0.413162 0.273871 0.145608 0.111478
0 0.105423 0.332949 0.20627 0.0804939 0.109125
0 0.435446 0.593102 0.751141 0.166705 0.106485
0 0.147105 0.331485 0.29421 0.0773942 0.103972
