0 0.646317 0.696779 0.161913 0.599474 0.681636
0 0.822121 0.679169 0.143738 0.63987 0.668556
0 0.470189 0.646743 0.184431 0.706513 0.655922
0 0.645224 0.697358 0.181241 0.601445 0.641044
0 0.204856 0.668901 0.171411 0.662197 0.637131
0 0.194027 0.670512 0.188134 0.658976 0.625656
0 0.910048 0.12315 0.0950645 0.243191 0.583736
0 0.0664743 0.496429 0.0600795 0.183963 0.569423
0 0.825261 0.678868 0.158913 0.635339 0.557199
0 0.0650968 0.49084 0.0596734 0.17979 0.54287
0 0.335039 0.701732 0.148697 0.583883 0.516576
0 0.0629844 0.48557 0.0549492 0.19357 0.462415
0 0.829756 0.678351 0.179454 0.638505 0.456009
0 0.907333 0.124937 0.0866695 0.243365 0.420483
0 0.646628 0.696465 0.214778 0.606997 0.386378
0 0.845457 0.677391 0.205351 0.639428 0.273703
0 0.961063 0.657624 0.0776379 0.638997 0.26171
0 0.177236 0.664694 0.209147 0.66621 0.259949
0 0.832851 0.677681 0.208788 0.641823 0.247941
0 0.0642337 0.484995 0.0568429 0.171274 0.208202
0 0.913836 0.124909 0.109479 0.249818 0.207429
0 0.822327 0.64597 0.112169 0.560314 0.187839
0 0.0203893 0.56103 0.0407785 0.355019 0.179788
0 0.0301938 0.680582 0.0603877 0.61513 0.178379
0 0.958643 0.673445 0.080551 0.645148 0.169979
0 0.0340652 0.682681 0.0681305 0.625108 0.167303
0 0.0208268 0.592541 0.0416536 0.419975 0.158798
0 0.967591 0.618143 0.0630522 0.560814 0.158533
0 0.0201762 0.543538 0.0403524 0.326205 0.148032
0 0.0177428 0.520804 0.0354855 0.27216 0.14152
0 0.0617871 0.479426 0.0595452 0.212288 0.138268
0 0.912371 0.575503 0.0614555 0.324971 0.13511
0 0.637558 0.701314 0.132584 0.575452 0.130234
0 0.962739 0.637419 0.0721415 0.614209 0.126621
0 0.822374 0.623122 0.115104 0.535722 0.125499
0 0.465594 0.635108 0.166178 0.697739 0.119196
0 0.333063 0.674599 0.145789 0.53046 0.117683
0 0.638003 0.677688 0.143647 0.547839 0.114306
0 0.0369664 0.676773 0.0739328 0.637745 0.112336
0 0.851371 0.677205 0.233711 0.644073 0.106352
0 0.970822 0.613254 0.0583566 0.555102 0.106199
0 0.91309 0.535983 0.0595568 0.248336 0.104288
