0 0.550733 0.424473 0.1791 0.702235 0.677192
0 0.260552 0.526867 0.208334 0.750957 0.591188
0 0.391818 0.217127 0.143805 0.310215 0.586952
0 0.723875 0.467859 0.193865 0.737323 0.532233
0 0.723326 0.496218 0.203828 0.803374 0.527353
0 0.716885 0.506593 0.227968 0.83974 0.509856
0 0.261202 0.52905 0.178984 0.750026 0.479985
0 0.72275 0.444661 0.216015 0.713871 0.471404
0 0.245866 0.537973 0.237432 0.778329 0.463808
0 0.537207 0.414476 0.182737 0.702103 0.459083
0 0.391191 0.423232 0.166595 0.743941 0.451549
0 0.718346 0.466153 0.241485 0.764482 0.449835
0 0.711342 0.521657 0.263693 0.866905 0.417838
0 0.260911 0.501731 0.17118 0.701986 0.409874
0 0.735506 0.471438 0.230216 0.757015 0.302709
0 0.729325 0.523673 0.231434 0.872924 0.278064
0 0.390948 0.238646 0.153894 0.357671 0.198559
0 0.391489 0.213917 0.126398 0.323044 0.178437
0 0.718991 0.365014 0.172647 0.517229 0.168728
0 0.719166 0.395627 0.166296 0.562379 0.154743
0 0.262041 0.449368 0.152039 0.567281 0.128319
0 0.733269 0.518293 0.260398 0.879534 0.127754
0 0.339692 0.89834 0.138327 0.203052 0.117556
0 0.547876 0.374225 0.140925 0.571838 0.102837
0 0.336151 0.902924 0.118477 0.193445 0.100945
