0 0.236684 0.65661 0.212009 0.577874 0.477128
0 0.23282 0.664182 0.231577 0.590726 0.423981
0 0.211774 0.656421 0.258114 0.585739 0.388016
0 0.224838 0.667301 0.252705 0.604401 0.26701
0 0.194165 0.680034 0.293542 0.623676 0.251328
0 0.619342 0.693927 0.207631 0.488085 0.192829
0 0.615771 0.66294 0.215415 0.444636 0.186862
0 0.458682 0.757068 0.25965 0.443285 0.155115
0 0.446546 0.75385 0.244076 0.432952 0.147748
0 0.384476 0.255244 0.22021 0.41562 0.1337
0 0.627157 0.708569 0.216033 0.554634 0.109861
0 0.473773 0.758051 0.290978 0.43763 0.104941
0 0.199275 0.681592 0.339504 0.628508 0.10151
