0 0.369653 0.673139 0.146829 0.651412 0.59176
0 0.749263 0.698593 0.112337 0.420909 0.549929
0 0.365562 0.670748 0.166861 0.652021 0.515324
0 0.747373 0.716928 0.11848 0.46496 0.470837
0 0.485663 0.669082 0.073489 0.343262 0.414106
0 0.748551 0.724912 0.128105 0.47356 0.410668
0 0.364134 0.671032 0.190849 0.651295 0.386278
0 0.746448 0.697921 0.0995697 0.419347 0.33609
0 0.487169 0.682461 0.0726005 0.364737 0.320508
0 0.746476 0.683375 0.104879 0.404801 0.314657
0 0.867553 0.954304 0.262541 0.0898125 0.266028
0 0.870433 0.949291 0.258698 0.0939297 0.263086
0 0.567072 0.666042 0.0874268 0.368602 0.247438
0 0.275209 0.547549 0.0490679 0.174679 0.229292
0 0.57293 0.65408 0.0994945 0.346747 0.208428
0 0.486927 0.668554 0.0813147 0.35118 0.203129
0 0.484588 0.675112 0.0663733 0.343688 0.201872
0 0.488883 0.695008 0.0598425 0.378858 0.182948
0 0.618696 0.704473 0.0319809 0.145194 0.179936
0 0.365215 0.635439 0.12612 0.442783 0.17885
0 0.274064 0.600501 0.0512333 0.317542 0.176542
0 0.37436 0.667499 0.161884 0.660733 0.159023
0 0.219902 0.595674 0.0681184 0.337782 0.153089
0 0.367492 0.605636 0.116702 0.431959 0.149094
0 0.275374 0.564709 0.0509778 0.225294 0.144427
0 0.569064 0.671699 0.0785375 0.373659 0.131425
0 0.213873 0.595291 0.0814489 0.335604 0.130456
0 0.273545 0.558972 0.0468167 0.210589 0.130049
0 0.572413 0.734589 0.0982004 0.504099 0.128316
0 0.563238 0.665851 0.0832167 0.362208 0.127581
0 0.369134 0.565408 0.114313 0.421781 0.125718
0 0.276379 0.600447 0.0533991 0.307074 0.125029
0 0.562239 0.678883 0.0651217 0.381089 0.123548
0 0.224951 0.511087 0.0580903 0.171787 0.121241
0 0.620402 0.703398 0.0395529 0.158407 0.120818
0 0.749713 0.738962 0.141228 0.503137 0.117663
0 0.864702 0.971281 0.266897 0.0570015 0.116879
0 0.226472 0.510989 0.0525852 0.169449 0.111373
0 0.210413 0.598938 0.0893357 0.330881 0.101908
0 0.0581616 0.277663 0.113426 0.555325 0.100849
0 0.0602876 0.256147 0.118514 0.512294 0.100116
