0 0.388361 0.688656 0.770496 0.258552 0.473895
0 0.269721 0.451106 0.534657 0.199832 0.434068
0 0.275928 0.443615 0.551305 0.218383 0.425911
0 0.368685 0.142123 0.732876 0.201892 0.423223
0 0.536634 0.453171 0.538358 0.192443 0.417096
0 0.388334 0.704135 0.770659 0.283993 0.416265
0 0.353419 0.290398 0.706837 0.178451 0.405649
0 0.307873 0.447589 0.615746 0.243084 0.39908
0 0.432812 0.288224 0.559483 0.175074 0.386455
0 0.497391 0.455782 0.619293 0.214734 0.384689
0 0.405105 0.466816 0.810211 0.247062 0.3498
0 0.453377 0.132267 0.578329 0.211562 0.331674
0 0.41805 0.298502 0.586679 0.178131 0.318212
0 0.520154 0.458962 0.56225 0.213126 0.312208
0 0.368029 0.134578 0.736059 0.224598 0.303377
0 0.41586 0.678016 0.701287 0.221673 0.300174
0 0.349997 0.282355 0.699994 0.201005 0.297312
0 0.374269 0.700682 0.746325 0.25541 0.286993
0 0.460006 0.293232 0.53391 0.184486 0.28192
0 0.405288 0.460755 0.810575 0.222032 0.273983
0 0.375427 0.457053 0.750854 0.215283 0.269328
0 0.459826 0.124958 0.566929 0.23876 0.248563
0 0.375744 0.715899 0.751487 0.288617 0.234203
0 0.332873 0.294952 0.663681 0.193304 0.217543
0 0.756801 0.578079 0.291114 0.159126 0.21525
0 0.408257 0.941114 0.816513 0.117771 0.208218
0 0.303008 0.13366 0.606016 0.225079 0.194075
0 0.493702 0.669401 0.542474 0.187201 0.190861
0 0.450544 0.301472 0.553797 0.184227 0.190047
0 0.29132 0.29404 0.582458 0.186228 0.183488
0 0.767907 0.566735 0.267594 0.147299 0.180588
0 0.737743 0.584103 0.329016 0.167296 0.178576
0 0.41405 0.938199 0.792893 0.123047 0.159233
0 0.307695 0.286084 0.615391 0.177201 0.153232
0 0.772509 0.560937 0.255098 0.144485 0.15244
0 0.280239 0.298187 0.556648 0.200603 0.150453
0 0.41169 0.880062 0.823379 0.22751 0.148898
0 0.254569 0.131788 0.509138 0.218542 0.145633
0 0.40944 0.927886 0.818879 0.141274 0.144178
0 0.362301 0.050422 0.712952 0.100844 0.142404
0 0.411248 0.889338 0.822497 0.221324 0.139508
0 0.308497 0.704694 0.616994 0.254395 0.131896
0 0.406097 0.685683 0.739123 0.235255 0.12757
0 0.419504 0.903196 0.839008 0.186511 0.12435
0 0.296831 0.0469905 0.591304 0.093981 0.123027
0 0.747487 0.596611 0.306729 0.217781 0.122759
0 0.493088 0.298304 0.438316 0.145585 0.113415
0 0.423297 0.917859 0.841512 0.157336 0.11129
0 0.387554 0.673104 0.770903 0.238714 0.107139
0 0.243472 0.0490268 0.482168 0.0980536 0.106401
0 0.532001 0.298302 0.365367 0.143636 0.105792
0 0.35018 0.0472309 0.70036 0.0944618 0.104382
0 0.271742 0.137891 0.540616 0.210242 0.10017
