0 0.378697 0.62545 0.161555 0.7491 0.645936
0 0.51721 0.580343 0.210015 0.839315 0.63155
0 0.519272 0.581962 0.184335 0.836075 0.610634
0 0.367273 0.622067 0.174595 0.741681 0.505166
0 0.35658 0.625446 0.182927 0.736839 0.418061
0 0.377234 0.616874 0.174805 0.766252 0.40742
0 0.183942 0.639207 0.352809 0.707392 0.374519
0 0.659298 0.508685 0.176967 0.438882 0.327511
0 0.678536 0.616444 0.192729 0.685162 0.245169
0 0.34707 0.633829 0.214026 0.722539 0.232459
0 0.523871 0.580072 0.241874 0.839857 0.227942
0 0.667783 0.82057 0.212428 0.161397 0.201378
0 0.669011 0.865206 0.220174 0.246175 0.200827
0 0.661065 0.493688 0.167005 0.407778 0.190721
0 0.672851 0.633034 0.207716 0.726549 0.180562
0 0.371424 0.615904 0.198057 0.757355 0.177405
0 0.668352 0.494397 0.242086 0.409317 0.176625
0 0.207382 0.63803 0.408721 0.71028 0.1608
0 0.663906 0.487323 0.198814 0.3941 0.152164
0 0.390134 0.553127 0.136993 0.579701 0.150285
0 0.683841 0.861514 0.276174 0.276973 0.141665
0 0.323877 0.629287 0.285118 0.731672 0.132788
0 0.518865 0.602421 0.2195 0.782573 0.1294
0 0.686468 0.824824 0.277647 0.203342 0.127706
0 0.657832 0.521033 0.149439 0.467496 0.126697
0 0.681183 0.868686 0.240372 0.259801 0.12201
0 0.220964 0.546644 0.234257 0.504339 0.109915
0 0.733898 0.670699 0.13549 0.252464 0.107708
0 0.732424 0.661034 0.134931 0.228375 0.10155
0 0.731237 0.601028 0.319124 0.682184 0.101273
