0 0.584962 0.762639 0.667403 0.193314 0.747792
0 0.560423 0.610608 0.675387 0.176645 0.734762
0 0.585038 0.771029 0.668956 0.219178 0.678247
0 0.597478 0.367709 0.621404 0.139193 0.615614
0 0.598139 0.375559 0.627873 0.144488 0.596615
0 0.571067 0.612522 0.659617 0.14758 0.595731
0 0.606286 0.356469 0.612887 0.122967 0.586745
0 0.579515 0.776766 0.680053 0.24176 0.52544
0 0.601016 0.474276 0.613098 0.145272 0.524679
0 0.580142 0.263367 0.645415 0.136369 0.496651
0 0.595826 0.464013 0.607442 0.136614 0.491157
0 0.559685 0.618094 0.670556 0.138368 0.44669
0 0.582481 0.294638 0.653906 0.234657 0.438675
0 0.572029 0.26089 0.678544 0.158273 0.424384
0 0.541358 0.931727 0.732877 0.136546 0.37708
0 0.580816 0.492428 0.648302 0.138007 0.376516
0 0.579464 0.140814 0.6507 0.157228 0.375179
0 0.500378 0.938488 0.816666 0.123024 0.373367
0 0.575203 0.305941 0.662429 0.252878 0.371064
0 0.572023 0.144136 0.644514 0.143858 0.353153
0 0.620376 0.613796 0.517795 0.11461 0.351004
0 0.641622 0.266357 0.519906 0.12362 0.339552
0 0.598266 0.382826 0.619914 0.163008 0.335663
0 0.55975 0.611562 0.68474 0.202472 0.326224
0 0.605356 0.115852 0.604857 0.169668 0.312621
0 0.613214 0.262149 0.570175 0.135163 0.293238
0 0.594763 0.125089 0.624614 0.177191 0.290548
0 0.513607 0.10613 0.764624 0.16215 0.265988
0 0.596445 0.756841 0.620885 0.15537 0.259222
0 0.563417 0.915485 0.702189 0.166076 0.258657
0 0.580549 0.48503 0.645324 0.147829 0.239794
0 0.63978 0.363835 0.518616 0.10746 0.230977
0 0.591472 0.365448 0.533844 0.115856 0.227097
0 0.578511 0.136906 0.646369 0.176013 0.224268
0 0.577307 0.0371619 0.670046 0.0733948 0.207635
0 0.506305 0.913581 0.822237 0.169099 0.206258
0 0.591589 0.0423646 0.645072 0.0841004 0.200742
0 0.606481 0.380054 0.593529 0.147989 0.189973
0 0.491807 0.943165 0.851707 0.11367 0.161361
0 0.652863 0.613573 0.453603 0.108067 0.158204
0 0.589543 0.126068 0.650405 0.192144 0.15116
0 0.668221 0.752182 0.509016 0.114675 0.149109
0 0.583999 0.0590961 0.656059 0.115609 0.147419
0 0.526142 0.0330566 0.767586 0.0645428 0.145083
0 0.656529 0.264454 0.481379 0.123958 0.139384
0 0.476759 0.907597 0.866669 0.181393 0.114074
