0 0.568283 0.258427 0.856005 0.264065 0.470005
0 0.577749 0.251542 0.844502 0.293077 0.425341
0 0.525365 0.275724 0.746326 0.273466 0.421462
0 0.773354 0.507271 0.450669 0.213 0.395185
0 0.609847 0.756332 0.769699 0.195776 0.39015
0 0.498004 0.285131 0.699091 0.275472 0.365919
0 0.774733 0.497235 0.450533 0.193958 0.361068
0 0.614754 0.758768 0.765359 0.219113 0.359519
0 0.552845 0.764567 0.630643 0.22902 0.345122
0 0.520851 0.757185 0.569311 0.206389 0.344855
0 0.564105 0.755232 0.648561 0.201366 0.332698
0 0.774254 0.512578 0.450138 0.237659 0.325248
0 0.521651 0.290044 0.751775 0.302662 0.313111
0 0.514509 0.773713 0.552847 0.247066 0.309731
0 0.700053 0.263707 0.59198 0.237686 0.297961
0 0.465848 0.29437 0.636018 0.293445 0.257813
0 0.49034 0.753078 0.505596 0.200904 0.246259
0 0.563941 0.275716 0.838073 0.282619 0.244602
0 0.565111 0.27302 0.866498 0.242232 0.2346
0 0.529467 0.581937 0.617318 0.231112 0.22812
0 0.55165 0.574617 0.646296 0.2495 0.226283
0 0.605138 0.761521 0.780723 0.167347 0.206817
0 0.60898 0.579959 0.782039 0.25582 0.203703
0 0.567086 0.573897 0.678173 0.23137 0.201486
0 0.608483 0.564655 0.783034 0.300436 0.187893
0 0.730528 0.265494 0.536246 0.236133 0.173045
0 0.50636 0.582406 0.583527 0.21904 0.172078
0 0.688364 0.27469 0.620648 0.235009 0.169393
0 0.493844 0.762369 0.515248 0.222969 0.166679
0 0.614003 0.566231 0.771285 0.256669 0.16601
0 0.768866 0.523895 0.461549 0.286679 0.154725
0 0.579268 0.894895 0.83455 0.190265 0.153168
0 0.719451 0.650691 0.558325 0.152638 0.152169
0 0.550509 0.0777295 0.882479 0.155459 0.143004
0 0.71273 0.27302 0.573077 0.257079 0.133108
0 0.605069 0.890312 0.785003 0.187732 0.127283
0 0.739893 0.560755 0.517979 0.289863 0.113522
0 0.619629 0.605905 0.75926 0.201879 0.111025
0 0.562993 0.0858675 0.873202 0.171735 0.109109
0 0.216473 0.90123 0.432946 0.191953 0.108517
0 0.637607 0.549384 0.724787 0.310905 0.107493
0 0.437446 0.105076 0.874891 0.207649 0.107258
0 0.771562 0.524397 0.456876 0.252797 0.101274
