0 0.778904 0.579659 0.363291 0.761681 0.496043
0 0.230556 0.523314 0.445823 0.953372 0.457672
0 0.759566 0.60018 0.364596 0.792489 0.457365
0 0.575751 0.530717 0.246014 0.938567 0.342608
0 0.742149 0.600071 0.347052 0.799857 0.338717
0 0.276273 0.521574 0.439824 0.956853 0.337627
0 0.565253 0.512869 0.238222 0.92795 0.272653
0 0.239134 0.508866 0.388275 0.913339 0.235597
0 0.625936 0.531403 0.398238 0.937194 0.225975
0 0.275679 0.506754 0.356861 0.911275 0.203299
0 0.676277 0.516722 0.529199 0.930157 0.197568
0 0.22697 0.51548 0.398948 0.969039 0.196145
0 0.203848 0.506047 0.356325 0.939168 0.160643
0 0.795354 0.560405 0.323964 0.72594 0.132532
0 0.724328 0.596421 0.357048 0.807158 0.116493
0 0.552215 0.511753 0.281217 0.924771 0.104389
0 0.754905 0.576384 0.388354 0.802001 0.100853
