0 0.753666 0.611116 0.220537 0.771326 0.761252
0 0.761361 0.607375 0.248365 0.771334 0.731438
0 0.224355 0.47548 0.269534 0.94015 0.689531
0 0.418882 0.533297 0.20217 0.875765 0.642983
0 0.417183 0.491408 0.195456 0.802456 0.639561
0 0.57409 0.549546 0.192657 0.900908 0.639113
0 0.213496 0.489367 0.285316 0.978734 0.591304
0 0.581844 0.510851 0.211748 0.83464 0.557669
0 0.415898 0.553739 0.187087 0.892523 0.548876
0 0.581237 0.519854 0.203706 0.959389 0.532514
0 0.214199 0.437634 0.289816 0.8728 0.491838
0 0.417885 0.542108 0.221925 0.915739 0.479028
0 0.415712 0.460702 0.181973 0.734399 0.455217
0 0.919743 0.523171 0.157667 0.851908 0.44028
0 0.228516 0.40914 0.278513 0.814122 0.425462
0 0.0487428 0.526509 0.0922619 0.936766 0.389564
0 0.584038 0.537753 0.221319 0.923042 0.354878
0 0.0438932 0.518135 0.0815903 0.962039 0.330842
0 0.582488 0.466243 0.21801 0.745294 0.321049
0 0.0509326 0.570792 0.0965763 0.858416 0.305506
0 0.928444 0.483917 0.143112 0.925351 0.305416
0 0.407562 0.524808 0.208431 0.949829 0.278453
0 0.403004 0.523059 0.242505 0.950224 0.271049
0 0.918777 0.494181 0.160616 0.988362 0.238781
0 0.0415324 0.495081 0.0786975 0.990163 0.232904
0 0.209785 0.507075 0.310697 0.983667 0.206418
0 0.211159 0.540747 0.26896 0.914213 0.181665
0 0.215146 0.414423 0.310576 0.827032 0.168911
0 0.0475936 0.478874 0.091976 0.947116 0.156527
0 0.772188 0.614468 0.230822 0.764112 0.152921
0 0.23216 0.355622 0.284546 0.708192 0.138933
0 0.933856 0.488889 0.132289 0.977778 0.133633
0 0.928295 0.534652 0.14341 0.83885 0.129913
0 0.958888 0.77643 0.0804741 0.337169 0.124859
0 0.762826 0.598631 0.270819 0.763615 0.103194
0 0.970053 0.834264 0.0598949 0.236893 0.103054
