0 0.720714 0.753626 0.558571 0.345428 0.846382
0 0.723948 0.773905 0.552104 0.383737 0.75787
0 0.726381 0.731394 0.547238 0.267283 0.669109
0 0.741646 0.485595 0.514506 0.27686 0.585028
0 0.722307 0.723689 0.554646 0.290356 0.553626
0 0.606384 0.348181 0.787233 0.202784 0.546348
0 0.725904 0.744967 0.548192 0.316549 0.531029
0 0.737469 0.484777 0.525061 0.246009 0.516851
0 0.555598 0.339819 0.699029 0.230882 0.450729
0 0.599785 0.340908 0.800429 0.248452 0.411618
0 0.636805 0.51121 0.394687 0.228286 0.410228
0 0.634008 0.49669 0.274359 0.193444 0.398005
0 0.727993 0.709876 0.540485 0.272287 0.393849
0 0.606882 0.325671 0.786237 0.276867 0.391166
0 0.574032 0.150614 0.793358 0.294816 0.362107
0 0.618659 0.34823 0.762681 0.18696 0.34874
0 0.559055 0.140817 0.833098 0.27577 0.3298
0 0.630917 0.485683 0.264215 0.17125 0.325939
0 0.581798 0.159723 0.801679 0.319445 0.313091
0 0.54732 0.522827 0.592277 0.241109 0.299326
0 0.519484 0.134599 0.843275 0.265047 0.243887
0 0.412783 0.558881 0.262802 0.163856 0.237283
0 0.550341 0.343424 0.696203 0.272111 0.235468
0 0.518243 0.53981 0.532984 0.21913 0.225096
0 0.632274 0.512586 0.288577 0.231379 0.203205
0 0.639584 0.50798 0.625042 0.26057 0.192567
0 0.52148 0.33704 0.623986 0.232651 0.191531
0 0.646088 0.496841 0.495617 0.240709 0.167246
0 0.613938 0.262411 0.763902 0.391513 0.166199
0 0.640045 0.50189 0.293563 0.218324 0.162252
0 0.596031 0.34915 0.799181 0.266234 0.158826
0 0.419921 0.551952 0.251211 0.147757 0.154854
0 0.75004 0.446139 0.497783 0.255985 0.150651
0 0.727049 0.715097 0.545903 0.246778 0.147658
0 0.597465 0.366559 0.782987 0.261066 0.147248
0 0.464788 0.131261 0.884502 0.258171 0.145982
0 0.597408 0.52092 0.70428 0.252484 0.135339
0 0.427958 0.542913 0.350934 0.219326 0.134378
0 0.741628 0.458083 0.516745 0.285945 0.133859
0 0.731718 0.494699 0.536564 0.269533 0.13137
0 0.607013 0.186604 0.767607 0.361882 0.127582
0 0.41737 0.564728 0.28502 0.176488 0.126898
0 0.601737 0.141121 0.7532 0.274347 0.123806
0 0.580162 0.707969 0.237222 0.162481 0.110905
0 0.453965 0.352299 0.443402 0.222655 0.109064
0 0.512436 0.341656 0.594157 0.266461 0.106506
0 0.628173 0.511921 0.260602 0.199202 0.105369
