0 0.48436 0.179355 0.705569 0.346353 0.50012
0 0.466037 0.177275 0.766315 0.330825 0.364189
0 0.46417 0.656057 0.663283 0.528418 0.26027
0 0.450552 0.610564 0.672241 0.397332 0.243807
0 0.475109 0.516447 0.71976 0.360987 0.225829
0 0.46498 0.556226 0.721867 0.272042 0.214006
0 0.487455 0.426137 0.778992 0.316488 0.177672
0 0.474958 0.193999 0.733317 0.284506 0.173662
0 0.522906 0.79775 0.827783 0.396408 0.169084
0 0.519109 0.781919 0.815893 0.436162 0.164781
0 0.482712 0.216418 0.733562 0.255243 0.164665
0 0.490739 0.405618 0.769136 0.255414 0.143813
0 0.488336 0.229151 0.697579 0.331782 0.128672
0 0.753898 0.78565 0.352685 0.424409 0.124873
0 0.554083 0.553095 0.40616 0.225224 0.118124
0 0.422243 0.572378 0.712072 0.285978 0.117082
0 0.549883 0.561338 0.428628 0.237732 0.114478
0 0.684854 0.785597 0.434987 0.423047 0.11019
0 0.480961 0.436731 0.764983 0.385834 0.107747
0 0.525437 0.191025 0.667274 0.29665 0.106314
0 0.466858 0.400532 0.830026 0.222804 0.103495
0 0.47824 0.244453 0.718272 0.381454 0.103291
0 0.76121 0.688348 0.250742 0.188474 0.1005
