0 0.183442 0.400075 0.338518 0.800151 0.750692
0 0.832589 0.444982 0.30274 0.827417 0.748967
0 0.473348 0.36721 0.247207 0.669225 0.720774
0 0.847645 0.449841 0.304081 0.829694 0.505083
0 0.475031 0.399154 0.246856 0.601893 0.487533
0 0.493292 0.354816 0.306218 0.685618 0.372684
0 0.653602 0.438468 0.177433 0.847512 0.29942
0 0.831555 0.644796 0.183539 0.3877 0.288179
0 0.510509 0.349652 0.34374 0.692093 0.281277
0 0.467808 0.382575 0.263346 0.656074 0.280103
0 0.820478 0.449282 0.338394 0.843732 0.276427
0 0.196367 0.398897 0.31881 0.797794 0.267802
0 0.838026 0.425533 0.273129 0.851067 0.24467
0 0.836434 0.644562 0.235455 0.392739 0.225253
0 0.639377 0.445194 0.208923 0.807725 0.173571
0 0.84409 0.493888 0.259689 0.693387 0.154631
0 0.210983 0.403987 0.335723 0.784889 0.149891
0 0.828825 0.644921 0.161036 0.41089 0.145757
0 0.617829 0.667079 0.211871 0.379248 0.137387
0 0.855949 0.497691 0.288102 0.689042 0.128272
