0 0.848096 0.519145 0.294373 0.899239 0.720394
0 0.587523 0.513253 0.316403 0.933846 0.713333
0 0.15296 0.541126 0.2793 0.852485 0.569044
0 0.372246 0.55572 0.193644 0.88856 0.526865
0 0.832145 0.529758 0.328219 0.884365 0.50763
0 0.133677 0.533365 0.264659 0.926426 0.502398
0 0.362233 0.534341 0.222499 0.881798 0.497882
0 0.584409 0.495491 0.269675 0.882551 0.470477
0 0.340398 0.534192 0.26919 0.875113 0.438296
0 0.373045 0.529303 0.18375 0.848734 0.429758
0 0.371932 0.467687 0.176569 0.735642 0.320064
0 0.330243 0.519453 0.272782 0.953734 0.261333
0 0.583808 0.512927 0.356272 0.969158 0.25472
0 0.56888 0.514023 0.357281 0.945364 0.242353
0 0.855061 0.501706 0.274223 0.858409 0.203435
0 0.841473 0.512735 0.317054 0.96988 0.199793
0 0.583036 0.426228 0.24999 0.749547 0.193729
0 0.156523 0.559806 0.298003 0.880387 0.182528
0 0.140202 0.53542 0.279918 0.867938 0.169074
0 0.164905 0.5326 0.27296 0.825547 0.10544
