0 0.491563 0.335128 0.38973 0.660935 0.724478
0 0.812811 0.402357 0.374379 0.786426 0.676293
0 0.158432 0.336885 0.313268 0.673235 0.559087
0 0.180469 0.396966 0.360937 0.782949 0.522743
0 0.181451 0.340713 0.362902 0.680172 0.50169
0 0.448872 0.33649 0.393454 0.666985 0.464074
0 0.833858 0.396821 0.332285 0.785931 0.461713
0 0.587918 0.668453 0.280204 0.465808 0.459034
0 0.593044 0.650106 0.290771 0.504094 0.448086
0 0.506057 0.33583 0.438178 0.668118 0.43978
0 0.275083 0.583004 0.381268 0.8317 0.421156
0 0.179919 0.501151 0.354385 0.978959 0.39158
0 0.30172 0.546886 0.342559 0.89787 0.355521
0 0.270723 0.637609 0.393607 0.710814 0.355484
0 0.156083 0.482998 0.307667 0.94411 0.32698
0 0.793388 0.393914 0.413224 0.785788 0.282617
0 0.575572 0.677162 0.281854 0.446732 0.246673
0 0.280659 0.676651 0.436098 0.638235 0.233194
0 0.598202 0.570392 0.276026 0.668443 0.22335
0 0.826182 0.397862 0.347636 0.795724 0.197233
0 0.235325 0.575437 0.459633 0.849126 0.182683
0 0.240733 0.536799 0.426652 0.913318 0.177389
0 0.315356 0.685276 0.359078 0.615656 0.172941
0 0.3023 0.663656 0.334716 0.656445 0.16567
0 0.473393 0.404431 0.347158 0.495406 0.164758
0 0.586303 0.561653 0.267592 0.697388 0.156708
0 0.866742 0.404843 0.265668 0.800776 0.153192
0 0.311097 0.619501 0.351151 0.75738 0.148339
0 0.200573 0.474269 0.401146 0.942552 0.12225
0 0.887851 0.395717 0.217027 0.784476 0.11753
0 0.322527 0.529095 0.337211 0.890516 0.113195
