0 0.395147 0.444816 0.177167 0.828981 0.628119
0 0.389589 0.492 0.179193 0.907759 0.611219
0 0.532772 0.474332 0.161195 0.765151 0.560759
0 0.54006 0.513923 0.17922 0.844563 0.556859
0 0.544801 0.547906 0.190752 0.90153 0.533921
0 0.239993 0.495665 0.185416 0.857983 0.530255
0 0.228045 0.535185 0.181829 0.920011 0.515884
0 0.561602 0.528893 0.201732 0.93505 0.502858
0 0.390454 0.502633 0.194173 0.960996 0.487584
0 0.530075 0.451241 0.151509 0.725609 0.482485
0 0.555398 0.543421 0.188469 0.894918 0.465718
0 0.753687 0.522925 0.276187 0.954149 0.46405
0 0.396475 0.507791 0.221344 0.971478 0.444701
0 0.25271 0.452122 0.179774 0.773276 0.43667
0 0.726455 0.496244 0.265749 0.902399 0.435907
0 0.738277 0.52347 0.264837 0.953061 0.430376
0 0.404552 0.419022 0.170632 0.779046 0.417364
0 0.932234 0.56561 0.133757 0.85961 0.415276
0 0.94181 0.573884 0.114403 0.852231 0.399183
0 0.539512 0.464329 0.164228 0.75292 0.390247
0 0.564975 0.531652 0.222494 0.922435 0.389241
0 0.770208 0.52042 0.235583 0.948211 0.380281
0 0.719292 0.440273 0.264987 0.791206 0.375678
0 0.9507 0.566484 0.0960037 0.854644 0.366644
0 0.084498 0.509368 0.168996 0.874266 0.366603
0 0.585349 0.510437 0.227626 0.972077 0.353645
0 0.958334 0.539147 0.0803242 0.796101 0.344908
0 0.925681 0.566997 0.14627 0.839609 0.343334
0 0.0810968 0.530413 0.158756 0.800246 0.342182
0 0.0862589 0.564905 0.172518 0.855478 0.338684
0 0.0821423 0.442981 0.164285 0.810665 0.336884
0 0.0723972 0.427969 0.142198 0.855937 0.335382
0 0.78103 0.513469 0.260204 0.963404 0.33232
0 0.0763878 0.450074 0.149016 0.794939 0.328056
0 0.732096 0.426264 0.289371 0.778253 0.324663
0 0.083245 0.598544 0.164418 0.792083 0.314371
0 0.704877 0.390053 0.251065 0.68666 0.301316
0 0.0643596 0.422415 0.125605 0.844829 0.266839
0 0.948908 0.0773732 0.0577257 0.154746 0.23071
0 0.729054 0.487987 0.307259 0.927706 0.225181
0 0.217086 0.510486 0.19358 0.967267 0.218009
0 0.210039 0.521229 0.243608 0.918985 0.196914
0 0.961334 0.510884 0.0747807 0.73787 0.186185
0 0.0586883 0.417617 0.114227 0.831269 0.166611
0 0.606994 0.534112 0.248311 0.93 0.164753
0 0.7951 0.152789 0.206673 0.303855 0.161742
0 0.599331 0.509574 0.244924 0.977477 0.152065
0 0.783167 0.136241 0.235624 0.270883 0.149807
0 0.202337 0.472691 0.258167 0.856862 0.147116
0 0.947472 0.0753023 0.0633053 0.150605 0.128993
0 0.729462 0.334684 0.303906 0.590512 0.122864
0 0.793329 0.537405 0.272409 0.922121 0.122087
0 0.397968 0.532494 0.238805 0.933752 0.120621
0 0.575348 0.518207 0.209569 0.956356 0.110294
0 0.978071 0.315979 0.0437084 0.329553 0.106555
0 0.979184 0.298635 0.0416315 0.293279 0.104652
