0 0.157716 0.339423 0.181884 0.678846 0.668641
0 0.422613 0.536631 0.097344 0.152259 0.613703
0 0.890361 0.368526 0.200072 0.724017 0.558813
0 0.324662 0.615593 0.101984 0.15001 0.549362
0 0.866328 0.638651 0.111229 0.177352 0.465546
0 0.159623 0.334008 0.205728 0.667678 0.463619
0 0.654233 0.372531 0.175379 0.732066 0.443975
0 0.145065 0.328697 0.212554 0.657126 0.391295
0 0.291829 0.344296 0.145548 0.683334 0.387644
0 0.522301 0.341533 0.149201 0.683066 0.381564
0 0.866815 0.635695 0.103918 0.170363 0.378651
0 0.514577 0.59268 0.0999549 0.164481 0.370921
0 0.897437 0.352116 0.198595 0.702704 0.335318
0 0.40744 0.318684 0.137959 0.629178 0.334376
0 0.888921 0.354194 0.222158 0.706065 0.326206
0 0.535723 0.336906 0.173343 0.671123 0.32568
0 0.772354 0.614728 0.0838631 0.169597 0.324018
0 0.632406 0.648494 0.11441 0.175945 0.322515
0 0.513438 0.595131 0.0931057 0.151006 0.308989
0 0.546682 0.346637 0.182282 0.688347 0.282472
0 0.665165 0.369423 0.163585 0.738846 0.272351
0 0.773035 0.619613 0.0791863 0.155651 0.264385
0 0.0418609 0.305799 0.0826881 0.606683 0.232031
0 0.516463 0.586859 0.100373 0.158933 0.209965
0 0.726022 0.36622 0.211248 0.732441 0.205926
0 0.645089 0.367333 0.159907 0.734666 0.19357
0 0.420616 0.534736 0.089764 0.148831 0.191359
0 0.533511 0.328026 0.252232 0.655228 0.185492
0 0.0452188 0.312438 0.0877459 0.624877 0.178929
0 0.405746 0.327867 0.16008 0.653519 0.176528
0 0.547786 0.337169 0.205675 0.673775 0.173539
0 0.636164 0.645242 0.119556 0.167607 0.165927
0 0.732692 0.362039 0.19191 0.724078 0.159347
0 0.134103 0.305368 0.255345 0.610736 0.155652
0 0.396336 0.328423 0.161841 0.649843 0.155263
0 0.699048 0.370741 0.215299 0.741483 0.150859
0 0.0886339 0.317816 0.175637 0.635633 0.149569
0 0.366131 0.319836 0.238064 0.637054 0.135139
0 0.320637 0.612518 0.0920238 0.152261 0.130902
0 0.404768 0.3202 0.196736 0.6386 0.129169
0 0.728213 0.341896 0.226017 0.681804 0.129124
0 0.744241 0.359535 0.160952 0.71907 0.117995
0 0.728001 0.297763 0.23518 0.595525 0.116671
0 0.908335 0.368668 0.179892 0.735881 0.115506
0 0.629179 0.642428 0.108712 0.16204 0.113643
0 0.296408 0.348476 0.163838 0.683719 0.10965
0 0.507864 0.596954 0.0819531 0.142544 0.106228
