0 0.494333 0.62136 0.147742 0.656909 0.770278
0 0.146846 0.635365 0.129527 0.584117 0.734321
0 0.254722 0.623918 0.126358 0.587187 0.7328
0 0.365461 0.628581 0.124842 0.625431 0.717508
0 0.371664 0.63321 0.132475 0.61483 0.666053
0 0.141631 0.643702 0.125356 0.607399 0.563663
0 0.262656 0.631099 0.132863 0.601787 0.472157
0 0.151759 0.643386 0.1358 0.603464 0.453239
0 0.893616 0.677819 0.080398 0.285901 0.288594
0 0.893925 0.671909 0.0902294 0.26823 0.267479
0 0.258456 0.603869 0.128004 0.529733 0.259216
0 0.753624 0.0993393 0.193041 0.197861 0.253273
0 0.367971 0.60486 0.120839 0.54878 0.235854
0 0.746243 0.0979408 0.166176 0.194735 0.232895
0 0.767649 0.0992729 0.203586 0.198546 0.219067
0 0.490499 0.536196 0.133417 0.484603 0.201183
0 0.489564 0.57084 0.124764 0.558994 0.194884
0 0.144422 0.627196 0.120556 0.547125 0.187931
0 0.374162 0.607028 0.126543 0.554586 0.186505
0 0.146941 0.650445 0.149739 0.607586 0.17996
0 0.737982 0.0957636 0.175393 0.190119 0.17463
0 0.261595 0.627037 0.112527 0.583184 0.171541
0 0.259768 0.639161 0.144902 0.591519 0.170962
0 0.366387 0.569252 0.118524 0.489007 0.148383
0 0.0396394 0.660915 0.0780243 0.607436 0.146889
0 0.951501 0.669994 0.0928259 0.261104 0.130107
0 0.766687 0.100144 0.257197 0.199116 0.125509
0 0.142353 0.593785 0.117762 0.479869 0.115826
0 0.889038 0.677212 0.0784752 0.27656 0.114208
0 0.370379 0.580258 0.126655 0.514698 0.112466
0 0.144878 0.605705 0.124397 0.507062 0.110539
0 0.833593 0.17205 0.330878 0.344099 0.108741
0 0.501833 0.62605 0.157638 0.649331 0.106561
0 0.768202 0.0987749 0.233378 0.196105 0.10277
0 0.783906 0.101236 0.257374 0.202473 0.102193
