0 0.673262 0.347978 0.268625 0.433209 0.493661
0 0.68562 0.388618 0.295741 0.537265 0.445898
0 0.63843 0.73907 0.356852 0.514609 0.433782
0 0.692709 0.364082 0.342158 0.471343 0.426976
0 0.695306 0.471726 0.322064 0.703714 0.425677
0 0.346733 0.346506 0.218546 0.4192 0.394026
0 0.628488 0.750824 0.323255 0.490579 0.385725
0 0.504893 0.419443 0.184989 0.392646 0.373697
0 0.500863 0.402267 0.171419 0.379278 0.356333
0 0.494083 0.410329 0.171275 0.424123 0.338268
0 0.496576 0.413999 0.159147 0.322015 0.32276
0 0.506265 0.395137 0.189252 0.407721 0.316015
0 0.497417 0.423437 0.167002 0.36373 0.316004
0 0.509749 0.414291 0.203386 0.409578 0.313753
0 0.2018 0.238762 0.157578 0.277556 0.302769
0 0.693186 0.351017 0.368119 0.442242 0.302034
0 0.200436 0.245545 0.170559 0.305341 0.284539
0 0.700675 0.530047 0.312007 0.809976 0.284391
0 0.497866 0.382197 0.158945 0.365752 0.272168
0 0.50653 0.436888 0.191529 0.396914 0.267872
0 0.498858 0.411986 0.189033 0.435052 0.26248
0 0.670014 0.355574 0.242847 0.43014 0.248227
0 0.49656 0.381801 0.150761 0.328682 0.245335
0 0.207448 0.239778 0.175462 0.295123 0.231491
0 0.341284 0.348368 0.193388 0.377343 0.228646
0 0.339742 0.381616 0.192604 0.317464 0.219578
0 0.661336 0.352161 0.222102 0.407641 0.219217
0 0.33423 0.558403 0.237371 0.861207 0.210028
0 0.328436 0.561452 0.26857 0.877096 0.209662
0 0.504917 0.381768 0.179206 0.382952 0.205148
0 0.201022 0.267732 0.18313 0.337075 0.198553
0 0.194821 0.327306 0.190947 0.455995 0.192887
0 0.346247 0.34123 0.20311 0.400405 0.18858
0 0.202938 0.234215 0.143018 0.261678 0.185601
0 0.296536 0.55916 0.281035 0.88168 0.182015
0 0.204956 0.252336 0.189783 0.32405 0.181726
0 0.500532 0.471405 0.205152 0.571416 0.180945
0 0.0454354 0.53572 0.0868582 0.928561 0.174808
0 0.512393 0.431446 0.2124 0.410696 0.16866
0 0.0465597 0.484039 0.089242 0.952111 0.168654
0 0.655989 0.341678 0.209465 0.393806 0.16237
0 0.356127 0.34294 0.265256 0.432979 0.155623
0 0.685642 0.353941 0.29762 0.465625 0.151589
0 0.30827 0.564226 0.305249 0.871548 0.151287
0 0.193191 0.417314 0.17852 0.635564 0.144075
0 0.673438 0.344037 0.297983 0.440717 0.139943
0 0.075376 0.487424 0.144761 0.96139 0.127263
0 0.498084 0.359038 0.148051 0.347736 0.122774
0 0.902661 0.566816 0.191626 0.866369 0.118439
0 0.210307 0.23251 0.159091 0.27551 0.113403
0 0.0802141 0.528944 0.149199 0.942112 0.109259
0 0.498273 0.439972 0.17043 0.375204 0.101205
