0 0.495126 0.657198 0.229144 0.671242 0.864685
0 0.501413 0.659922 0.264303 0.671478 0.827437
0 0.285027 0.626128 0.219609 0.7306 0.821043
0 0.116048 0.627446 0.228968 0.721594 0.739753
0 0.737622 0.629481 0.283106 0.729181 0.695417
0 0.902914 0.614112 0.193154 0.76539 0.566067
0 0.108258 0.631845 0.2132 0.73631 0.551105
0 0.74743 0.628208 0.334144 0.729674 0.430994
0 0.718401 0.635531 0.250367 0.714009 0.426478
0 0.917382 0.619475 0.161998 0.741073 0.385778
0 0.289773 0.632004 0.240401 0.724723 0.343913
0 0.772277 0.62486 0.370348 0.737256 0.336323
0 0.930454 0.61215 0.139091 0.755691 0.245381
0 0.494999 0.671283 0.245462 0.650188 0.238215
0 0.95266 0.614936 0.0946804 0.760075 0.230671
0 0.891924 0.444625 0.216153 0.413281 0.22671
0 0.89373 0.430314 0.212539 0.373327 0.161848
0 0.935597 0.625221 0.128767 0.742066 0.14036
0 0.928284 0.655699 0.143431 0.682301 0.11119
0 0.953634 0.583374 0.0927313 0.82048 0.109665
0 0.894371 0.474143 0.209723 0.484233 0.107361
