0 0.450927 0.820655 0.271786 0.354243 0.597421
0 0.216489 0.58705 0.321391 0.8259 0.569443
0 0.644827 0.407166 0.261202 0.470791 0.485013
0 0.647367 0.560705 0.292891 0.776759 0.456386
0 0.645936 0.42301 0.278074 0.496285 0.452945
0 0.647872 0.452884 0.28606 0.556312 0.448113
0 0.448009 0.517166 0.194085 0.384285 0.420252
0 0.452388 0.502881 0.174349 0.364259 0.402555
0 0.456366 0.29367 0.13944 0.233199 0.354657
0 0.457406 0.492758 0.159003 0.33101 0.332111
0 0.461165 0.292899 0.152025 0.243926 0.32354
0 0.454043 0.305336 0.149968 0.265035 0.312103
0 0.453411 0.811754 0.28989 0.376492 0.311527
0 0.450995 0.50225 0.196719 0.368729 0.307897
0 0.450034 0.504301 0.160107 0.35208 0.304924
0 0.655651 0.588131 0.282909 0.823738 0.300624
0 0.457063 0.482304 0.175921 0.334982 0.295726
0 0.451503 0.823395 0.21693 0.353209 0.27651
0 0.441264 0.502483 0.206833 0.411241 0.27501
0 0.442824 0.522319 0.21262 0.383829 0.258187
0 0.458563 0.306061 0.163583 0.272247 0.25043
0 0.440834 0.482589 0.217084 0.449912 0.245332
0 0.451191 0.52154 0.218622 0.40037 0.23369
0 0.947699 0.545148 0.101493 0.909073 0.222572
0 0.444856 0.513328 0.169206 0.362607 0.207964
0 0.447138 0.81839 0.33895 0.360069 0.205785
0 0.461394 0.460988 0.159611 0.286076 0.203441
0 0.460958 0.467475 0.142938 0.261981 0.202744
0 0.46343 0.82319 0.230542 0.35362 0.184871
0 0.225829 0.464762 0.26774 0.600687 0.183554
0 0.221931 0.531708 0.282007 0.729821 0.183135
0 0.448044 0.317085 0.166097 0.298821 0.157145
0 0.8534 0.5343 0.262374 0.931401 0.154779
0 0.936724 0.543776 0.120986 0.912448 0.149073
0 0.437974 0.823434 0.201197 0.353132 0.146596
0 0.458378 0.290107 0.121473 0.197154 0.141927
0 0.214642 0.546525 0.312198 0.757973 0.140464
0 0.455591 0.474519 0.150365 0.265911 0.139723
0 0.634253 0.412671 0.233391 0.461869 0.131294
0 0.442234 0.38353 0.202173 0.450401 0.130773
0 0.440431 0.428813 0.199021 0.535468 0.130507
0 0.640709 0.399079 0.217621 0.445479 0.126942
0 0.945205 0.564562 0.107045 0.870876 0.123506
0 0.445703 0.799579 0.326637 0.39383 0.122242
0 0.462989 0.436009 0.136883 0.210189 0.118461
0 0.449995 0.286879 0.139106 0.217796 0.118319
0 0.463072 0.43364 0.155882 0.260945 0.115193
0 0.442425 0.438951 0.218097 0.543646 0.107635
0 0.44886 0.820159 0.174528 0.359682 0.107171
0 0.446333 0.547088 0.213073 0.443331 0.102375
0 0.44211 0.8183 0.305066 0.360227 0.100833
0 0.458295 0.282107 0.117661 0.189538 0.100553
