0 0.600873 0.525962 0.159193 0.557551 0.689847
0 0.797719 0.613079 0.279596 0.7202 0.506324
0 0.48136 0.599769 0.145852 0.623883 0.483646
0 0.364138 0.573941 0.136392 0.650242 0.450522
0 0.777321 0.543766 0.220171 0.585413 0.439102
0 0.783947 0.581468 0.248542 0.661558 0.423231
0 0.80819 0.607187 0.305871 0.707879 0.417304
0 0.473307 0.607786 0.145028 0.632603 0.373094
0 0.602225 0.543492 0.171709 0.575459 0.349676
0 0.775348 0.524865 0.20647 0.545722 0.349139
0 0.123327 0.581214 0.246653 0.832859 0.340204
0 0.240399 0.619832 0.169795 0.660957 0.337573
0 0.42239 0.586912 0.287016 0.666833 0.335392
0 0.487978 0.304219 0.0964855 0.141677 0.31691
0 0.152712 0.570451 0.305424 0.846775 0.306279
0 0.462593 0.607148 0.14262 0.64262 0.273649
0 0.107052 0.575321 0.213051 0.806455 0.253248
0 0.365229 0.546551 0.14056 0.591219 0.238806
0 0.489029 0.311428 0.089555 0.14357 0.230338
0 0.603352 0.52258 0.133902 0.53231 0.210044
0 0.820619 0.618888 0.346221 0.739189 0.199559
0 0.484455 0.575096 0.15871 0.583821 0.187194
0 0.600635 0.54207 0.133644 0.554169 0.169919
0 0.368888 0.521301 0.130345 0.540722 0.165555
0 0.109234 0.325592 0.18199 0.301262 0.164484
0 0.102855 0.509405 0.195234 0.696207 0.160872
0 0.484204 0.305291 0.090588 0.145505 0.160749
0 0.488626 0.30614 0.0842186 0.126247 0.158377
0 0.488417 0.301801 0.0912642 0.132191 0.157533
0 0.100959 0.333373 0.180089 0.320534 0.149239
0 0.484552 0.312251 0.114382 0.164613 0.136843
0 0.485144 0.551548 0.164216 0.531815 0.127931
0 0.369335 0.496136 0.133491 0.500143 0.121549
0 0.605713 0.497187 0.132811 0.496143 0.116511
0 0.480172 0.319628 0.110155 0.175051 0.115542
0 0.357273 0.59161 0.148453 0.680837 0.110805
0 0.0954332 0.378722 0.177945 0.416669 0.110347
0 0.45351 0.595353 0.146339 0.653805 0.10458
0 0.15872 0.615716 0.317439 0.763114 0.101168
