0 0.624904 0.582852 0.222493 0.834295 0.844083
0 0.421755 0.566945 0.228732 0.866109 0.801497
0 0.209487 0.501653 0.274339 0.964677 0.799251
0 0.824288 0.623473 0.231125 0.753055 0.782161
0 0.427487 0.568659 0.207117 0.862682 0.730682
0 0.617489 0.567305 0.200053 0.828747 0.676555
0 0.206198 0.434486 0.28313 0.848409 0.631493
0 0.43646 0.547024 0.214799 0.832569 0.582367
0 0.611843 0.538294 0.188933 0.765212 0.57345
0 0.432974 0.516301 0.19629 0.775388 0.558316
0 0.207256 0.48164 0.298836 0.931452 0.494697
0 0.834652 0.623773 0.275186 0.752453 0.403124
0 0.0506846 0.487279 0.0960684 0.963813 0.282934
0 0.0490857 0.546697 0.0940005 0.906606 0.172911
0 0.0513705 0.439131 0.0987626 0.871103 0.114254
