0 0.328276 0.679233 0.159866 0.6376 0.685345
0 0.547446 0.688774 0.162045 0.622452 0.664898
0 0.181157 0.685033 0.17487 0.625132 0.646735
0 0.775135 0.535659 0.0447529 0.154455 0.616366
0 0.440903 0.681078 0.137994 0.620951 0.525167
0 0.387871 0.411924 0.0848704 0.171156 0.522698
0 0.723668 0.50716 0.0540813 0.212351 0.521551
0 0.649808 0.707447 0.110948 0.580198 0.463992
0 0.775279 0.506666 0.0509707 0.21151 0.433945
0 0.725571 0.538266 0.0514177 0.153492 0.260762
0 0.478106 0.686034 0.102251 0.627542 0.253189
0 0.38564 0.4002 0.0683592 0.146991 0.228186
