0 0.587386 0.642216 0.228258 0.7097 0.462985
0 0.848499 0.703497 0.297171 0.590868 0.422746
0 0.400746 0.207173 0.16491 0.380486 0.421543
0 0.543625 0.197888 0.190516 0.395776 0.367761
0 0.103199 0.645359 0.206046 0.70149 0.360945
0 0.267664 0.216712 0.156422 0.392284 0.324085
0 0.375129 0.634096 0.226926 0.731807 0.264182
0 0.266202 0.621537 0.519854 0.749002 0.249212
0 0.052654 0.160674 0.104223 0.321347 0.224183
0 0.864741 0.464502 0.260722 0.919577 0.220393
0 0.868333 0.294335 0.254001 0.570832 0.214589
0 0.216016 0.660538 0.396144 0.661833 0.211403
0 0.0607362 0.331887 0.121291 0.663774 0.207133
0 0.661339 0.634509 0.420216 0.727747 0.201395
