0 0.307072 0.24496 0.249874 0.489919 0.827094
0 0.798576 0.209543 0.199524 0.40998 0.764345
0 0.612795 0.175359 0.246256 0.350718 0.757086
0 0.0859645 0.225275 0.171929 0.450549 0.735533
0 0.435835 0.870993 0.0684357 0.133563 0.651317
0 0.598267 0.779393 0.0695356 0.12362 0.634612
0 0.255944 0.788601 0.129949 0.270438 0.618498
0 0.855661 0.468188 0.127 0.233073 0.612753
0 0.673352 0.801254 0.0753336 0.119146 0.610166
0 0.486043 0.285109 0.197394 0.337629 0.59351
0 0.308741 0.923961 0.0791292 0.132977 0.58618
0 0.70101 0.858761 0.0686596 0.1037 0.580631
0 0.580814 0.863802 0.0722113 0.141475 0.564497
0 0.403095 0.818248 0.0773509 0.125253 0.562575
0 0.052374 0.887221 0.0782554 0.183997 0.561537
0 0.371887 0.920784 0.0752259 0.136395 0.551847
0 0.87768 0.662526 0.139498 0.24392 0.551113
0 0.410693 0.734436 0.0762159 0.133695 0.546929
0 0.251567 0.945495 0.0684944 0.107913 0.543925
0 0.775092 0.599923 0.142179 0.30512 0.542488
0 0.449309 0.768134 0.0613146 0.170782 0.540824
0 0.684757 0.612284 0.133739 0.221821 0.540785
0 0.0868346 0.827559 0.079103 0.135438 0.536412
0 0.647395 0.41039 0.225834 0.340334 0.531995
0 0.572602 0.625162 0.15161 0.251721 0.524629
0 0.348586 0.556234 0.137186 0.216932 0.523448
0 0.333823 0.715784 0.116381 0.163811 0.519289
0 0.0992976 0.934664 0.0517499 0.130673 0.508686
0 0.484122 0.778125 0.0594598 0.135407 0.506701
0 0.343912 0.837903 0.0838325 0.13701 0.50228
0 0.524443 0.711597 0.0812342 0.148452 0.489974
0 0.174614 0.880487 0.088289 0.210188 0.486893
0 0.920236 0.348884 0.159527 0.287978 0.486009
0 0.633442 0.865735 0.0757156 0.144849 0.484244
0 0.4823 0.882219 0.0700092 0.147532 0.480904
0 0.748624 0.806709 0.075388 0.179369 0.476264
0 0.932617 0.787488 0.0780483 0.127898 0.475069
0 0.911996 0.129157 0.176009 0.258315 0.471546
0 0.525957 0.830451 0.0708681 0.166736 0.469242
0 0.092292 0.677732 0.133954 0.247051 0.458527
0 0.0207997 0.938736 0.0403115 0.122528 0.448396
0 0.633183 0.712558 0.0799482 0.160591 0.447582
0 0.151622 0.934248 0.066818 0.130516 0.435023
0 0.221651 0.478191 0.158859 0.411993 0.430466
0 0.107763 0.460311 0.159708 0.325806 0.428191
0 0.469538 0.550638 0.181388 0.309242 0.415817
0 0.716933 0.732931 0.0880774 0.117757 0.386354
0 0.168019 0.701072 0.0992733 0.248207 0.385932
0 0.869129 0.79957 0.08314 0.134291 0.358749
0 0.636823 0.734899 0.0807794 0.120714 0.356063
0 0.404754 0.715895 0.089866 0.172581 0.347824
0 0.71838 0.709772 0.0917711 0.167219 0.338698
0 0.0552853 0.914847 0.0708688 0.144567 0.325068
0 0.947898 0.556802 0.102883 0.422475 0.320506
0 0.817575 0.784008 0.0618025 0.180748 0.313089
0 0.977699 0.78176 0.0446019 0.164158 0.312002
0 0.3524 0.520554 0.145887 0.305644 0.311079
0 0.797648 0.794377 0.068121 0.167914 0.297081
0 0.0597592 0.980041 0.0536983 0.0398861 0.286503
0 0.0500987 0.647829 0.0983819 0.485955 0.284235
0 0.815429 0.773325 0.0827038 0.17666 0.279662
0 0.317398 0.707255 0.164096 0.197293 0.258049
0 0.785712 0.800491 0.0884035 0.153478 0.250855
0 0.164058 0.761708 0.0778065 0.126052 0.24817
0 0.176094 0.854771 0.115201 0.265792 0.247672
0 0.176517 0.881665 0.0667879 0.194252 0.228569
0 0.153335 0.901516 0.0793122 0.196792 0.221271
0 0.101426 0.952077 0.0567883 0.0952742 0.221085
0 0.976623 0.134564 0.0462706 0.269127 0.215205
0 0.214286 0.537001 0.148096 0.284569 0.20357
0 0.0492871 0.723161 0.0966221 0.337108 0.202082
