0 0.749332 0.562889 0.198171 0.766383 0.618899
0 0.551229 0.563541 0.168547 0.782914 0.597401
0 0.379152 0.551937 0.203059 0.791367 0.589355
0 0.544957 0.557154 0.185719 0.777341 0.556229
0 0.378097 0.536845 0.18279 0.763942 0.537105
0 0.169368 0.532843 0.211428 0.79646 0.517595
0 0.376422 0.542066 0.157383 0.771858 0.415594
0 0.749337 0.593796 0.183853 0.803346 0.382466
0 0.550296 0.548686 0.15093 0.769647 0.314346
0 0.758226 0.580918 0.182848 0.800671 0.293577
0 0.377485 0.533512 0.142347 0.766529 0.285589
0 0.171833 0.526484 0.188181 0.787296 0.269467
0 0.543967 0.573207 0.163482 0.774661 0.242616
0 0.949766 0.656883 0.0971844 0.659731 0.172569
0 0.0514811 0.504855 0.102962 0.827605 0.152006
0 0.948915 0.613954 0.0978691 0.758521 0.141567
0 0.823254 0.0687945 0.350707 0.137589 0.140162
0 0.956948 0.678399 0.0841675 0.637998 0.13829
