0 0.700293 0.673299 0.509861 0.371908 0.500705
0 0.702302 0.634068 0.522246 0.486695 0.492359
0 0.699017 0.656248 0.512972 0.325582 0.42869
0 0.698924 0.737469 0.512359 0.47618 0.346127
0 0.70073 0.576987 0.511749 0.489542 0.288488
0 0.701541 0.712496 0.520515 0.51234 0.267907
0 0.250019 0.502899 0.3889 0.464093 0.266054
0 0.700154 0.600554 0.514774 0.436959 0.252941
0 0.704361 0.548003 0.517775 0.609245 0.245989
0 0.253044 0.497539 0.357191 0.459217 0.242796
0 0.264093 0.496091 0.332231 0.438848 0.23443
0 0.698892 0.712782 0.51479 0.423991 0.192719
0 0.709257 0.591311 0.49221 0.678487 0.19245
0 0.298992 0.501076 0.334438 0.443297 0.149196
0 0.701333 0.639074 0.51832 0.280715 0.136521
0 0.718558 0.585597 0.471288 0.729563 0.131284
0 0.315957 0.491349 0.217252 0.432473 0.106503
