0 0.573328 0.37949 0.175822 0.745537 0.884225
0 0.350571 0.404753 0.175707 0.599891 0.834193
0 0.567539 0.418764 0.170498 0.661108 0.81597
0 0.596685 0.37601 0.195259 0.752021 0.724056
0 0.875844 0.330446 0.214313 0.660893 0.422386
0 0.872827 0.350137 0.224982 0.700274 0.402935
0 0.872158 0.372451 0.213548 0.744902 0.382634
0 0.937736 0.474411 0.124528 0.455579 0.371945
0 0.944594 0.475662 0.109788 0.466044 0.364857
0 0.912156 0.351669 0.170814 0.703338 0.362986
0 0.718201 0.37582 0.162612 0.747046 0.361153
0 0.106745 0.462229 0.21349 0.890274 0.34859
0 0.614578 0.377141 0.229332 0.754281 0.320465
0 0.899877 0.352047 0.199078 0.704094 0.302147
0 0.940522 0.35193 0.118724 0.703859 0.272157
0 0.0766345 0.467308 0.150504 0.913567 0.269462
0 0.887305 0.349033 0.223297 0.698066 0.249661
0 0.576082 0.387102 0.19674 0.729324 0.247225
0 0.728046 0.380992 0.146106 0.761159 0.241314
0 0.566474 0.437145 0.181309 0.622747 0.234163
0 0.119796 0.437275 0.238595 0.831908 0.230032
0 0.0995986 0.50852 0.199197 0.85999 0.212958
0 0.259709 0.492523 0.0673559 0.412391 0.210786
0 0.260724 0.4862 0.0616986 0.394057 0.20612
0 0.261234 0.472855 0.0582156 0.364797 0.204374
0 0.257928 0.495563 0.0745381 0.420006 0.199441
0 0.961367 0.360877 0.0735661 0.721754 0.19686
0 0.952797 0.354492 0.0917637 0.708983 0.180311
0 0.687412 0.374097 0.221273 0.745759 0.167392
0 0.0682994 0.512629 0.133272 0.887088 0.155042
0 0.641699 0.374326 0.30901 0.748652 0.144609
0 0.0817919 0.429826 0.162785 0.857614 0.137999
0 0.251615 0.505137 0.090545 0.440585 0.137175
0 0.613349 0.125613 0.267194 0.247134 0.136504
0 0.701712 0.607949 0.150314 0.268307 0.113807
0 0.125569 0.891186 0.251138 0.217455 0.112847
0 0.946226 0.488176 0.106727 0.428432 0.112271
0 0.261174 0.446978 0.0568143 0.308429 0.110542
0 0.0562314 0.358063 0.109414 0.716126 0.108652
0 0.0700228 0.375842 0.138638 0.751684 0.104481
0 0.871971 0.27251 0.147467 0.54502 0.104085
0 0.925866 0.36843 0.142273 0.66837 0.103063
0 0.938313 0.423971 0.123005 0.554181 0.102177
