0 0.492114 0.437918 0.219177 0.672791 0.528646
0 0.501754 0.446789 0.227307 0.689121 0.472654
0 0.492672 0.522054 0.239313 0.816725 0.280732
0 0.4952 0.482944 0.248483 0.738253 0.206258
0 0.044159 0.632337 0.0855415 0.735326 0.179498
0 0.22461 0.311328 0.133758 0.419489 0.168737
0 0.200775 0.756657 0.0625315 0.187717 0.158952
0 0.0463486 0.638987 0.0926972 0.71511 0.142716
0 0.540172 0.438214 0.343242 0.681037 0.127836
0 0.0885474 0.636905 0.16923 0.72619 0.126092
0 0.221981 0.312378 0.145609 0.408841 0.124646
