0 0.743552 0.502836 0.368323 0.987219 0.535248
0 0.763405 0.508742 0.35226 0.982516 0.276069
0 0.719644 0.505126 0.506091 0.989748 0.194206
0 0.724669 0.485808 0.441582 0.966405 0.174772
0 0.668325 0.505379 0.554791 0.988465 0.171922
0 0.361719 0.502843 0.618252 0.990882 0.159585
0 0.370814 0.517253 0.741629 0.965494 0.158043
0 0.408988 0.516823 0.817977 0.966353 0.154008
0 0.173083 0.501049 0.346166 0.994163 0.143771
0 0.0411387 0.749035 0.0822774 0.501931 0.132098
0 0.0375906 0.742787 0.0751813 0.514426 0.128023
0 0.572664 0.513836 0.854671 0.972329 0.124146
0 0.148532 0.490478 0.294844 0.980956 0.123258
0 0.582261 0.505317 0.698631 0.989365 0.121172
0 0.416403 0.502402 0.544203 0.991511 0.117026
0 0.399024 0.510214 0.749925 0.979573 0.116624
0 0.493024 0.517157 0.893546 0.965686 0.10879
0 0.318445 0.503357 0.633233 0.992196 0.103601
