0 0.414852 0.550974 0.359275 0.872244 0.541724
0 0.459125 0.544172 0.296273 0.88017 0.392623
0 0.39434 0.554431 0.355206 0.886106 0.372867
0 0.0686883 0.619809 0.134285 0.758037 0.269395
0 0.0648636 0.53775 0.1261 0.837895 0.216146
0 0.351468 0.548809 0.328224 0.898624 0.20733
0 0.50058 0.529735 0.208396 0.903322 0.206644
0 0.0805811 0.617419 0.161162 0.761033 0.204802
0 0.804524 0.51177 0.390952 0.884821 0.189126
0 0.791865 0.276952 0.376123 0.435109 0.171195
0 0.798222 0.418531 0.385212 0.733513 0.145252
0 0.0802973 0.529249 0.160595 0.843219 0.132764
0 0.0607396 0.480936 0.117681 0.926199 0.125902
0 0.31963 0.544426 0.300185 0.911114 0.125811
0 0.81794 0.497853 0.36163 0.837209 0.110724
0 0.788661 0.234305 0.377816 0.374137 0.109235
0 0.356587 0.538265 0.302392 0.922221 0.103847
0 0.768146 0.234615 0.282217 0.251849 0.102774
