0 0.636822 0.852399 0.699824 0.295194 0.44232
0 0.634018 0.866025 0.718166 0.266449 0.425879
0 0.594955 0.147981 0.727966 0.294153 0.415826
0 0.599635 0.158223 0.788431 0.315171 0.362876
0 0.571225 0.673693 0.857551 0.354906 0.282181
0 0.566712 0.609309 0.835946 0.21465 0.275146
0 0.607429 0.358075 0.78445 0.215346 0.257743
0 0.547873 0.611508 0.904253 0.222546 0.253478
0 0.581948 0.150233 0.836103 0.300466 0.174355
0 0.563746 0.745996 0.872507 0.508008 0.173681
0 0.600843 0.343821 0.780503 0.315329 0.167194
0 0.592033 0.369476 0.765784 0.204861 0.137651
