0 0.786293 0.57241 0.096151 0.464884 0.543729
0 0.784578 0.567908 0.103344 0.444152 0.457021
0 0.716605 0.543484 0.0766261 0.397236 0.357942
0 0.717438 0.529462 0.0720683 0.371418 0.353508
0 0.71482 0.566826 0.0810043 0.451162 0.350963
0 0.872332 0.497882 0.10029 0.324358 0.303322
0 0.786767 0.572438 0.109382 0.467987 0.287908
0 0.877354 0.491419 0.111046 0.321167 0.278473
0 0.881376 0.492026 0.0976402 0.318279 0.261054
0 0.784152 0.568805 0.0886976 0.434765 0.261009
0 0.789057 0.564766 0.0836313 0.438363 0.241063
0 0.783947 0.572736 0.0846128 0.466745 0.234769
0 0.789212 0.538521 0.0777199 0.385906 0.212244
0 0.71882 0.553499 0.0806267 0.424386 0.209354
0 0.711497 0.563002 0.0878838 0.418301 0.208187
0 0.890813 0.494315 0.0720432 0.309666 0.190286
0 0.788725 0.559039 0.10043 0.440128 0.189514
0 0.786378 0.57004 0.120758 0.45084 0.170643
0 0.718511 0.519429 0.0686287 0.349564 0.156056
0 0.35464 0.579466 0.136636 0.428452 0.154997
0 0.79109 0.52215 0.0757541 0.355193 0.147084
0 0.391982 0.401262 0.783965 0.788091 0.145395
0 0.790383 0.536009 0.0895617 0.388163 0.133553
0 0.178633 0.493879 0.139222 0.277874 0.124897
0 0.79222 0.574817 0.117569 0.467382 0.117352
0 0.41409 0.438888 0.782357 0.861194 0.115713
0 0.186694 0.543303 0.118007 0.387473 0.107113
0 0.783962 0.563277 0.07917 0.44258 0.102928
0 0.36409 0.400729 0.72818 0.789662 0.10105
