0 0.53744 0.535061 0.92512 0.888016 0.336119
0 0.541032 0.573319 0.912492 0.800195 0.298855
0 0.549554 0.208448 0.900892 0.240931 0.293492
0 0.517691 0.597214 0.952045 0.750955 0.253597
0 0.493523 0.201543 0.985076 0.249119 0.246616
0 0.496034 0.569959 0.938171 0.838191 0.242085
0 0.570008 0.503058 0.859983 0.960777 0.234189
0 0.540237 0.499421 0.919527 0.798321 0.220467
0 0.434761 0.0484304 0.869523 0.0968608 0.200681
0 0.434026 0.578457 0.868053 0.840017 0.198942
0 0.573326 0.447439 0.853349 0.874521 0.18121
0 0.565502 0.0429015 0.868995 0.0858029 0.162046
0 0.491954 0.0479467 0.930116 0.0958933 0.155188
0 0.552902 0.0462706 0.894196 0.0925412 0.154652
0 0.457837 0.0602793 0.915673 0.120559 0.153773
0 0.474016 0.190654 0.948032 0.259997 0.149009
0 0.5657 0.193267 0.8686 0.278031 0.144057
0 0.583591 0.0397353 0.832817 0.0783794 0.135053
0 0.464878 0.518432 0.929756 0.952856 0.134237
0 0.521588 0.570054 0.956825 0.667065 0.126328
0 0.552487 0.06585 0.887358 0.130712 0.126111
0 0.548816 0.061778 0.902368 0.123556 0.117687
0 0.496644 0.0593543 0.966635 0.118709 0.116629
0 0.404152 0.604053 0.808304 0.791894 0.109614
0 0.571927 0.55432 0.856146 0.827535 0.107966
0 0.43025 0.0646872 0.860499 0.129374 0.107221
0 0.543123 0.225646 0.913754 0.291804 0.101177
