0 0.535774 0.58742 0.911855 0.82516 0.594336
0 0.569372 0.588548 0.861257 0.810934 0.487316
0 0.560122 0.586867 0.743252 0.826266 0.38601
0 0.557704 0.620678 0.884593 0.733786 0.255367
0 0.603893 0.591376 0.620656 0.817247 0.245559
0 0.587894 0.584803 0.819418 0.778474 0.185635
0 0.208364 0.627241 0.218363 0.192225 0.14717
0 0.211261 0.66638 0.213997 0.11242 0.126262
0 0.205313 0.617077 0.217666 0.210772 0.122502
0 0.519513 0.583883 0.677924 0.82891 0.11462
0 0.580253 0.703688 0.839412 0.559107 0.100487
