0 0.673368 0.500788 0.49173 0.998425 0.642876
0 0.658279 0.482409 0.426499 0.964818 0.615143
0 0.644176 0.501421 0.556649 0.997158 0.599715
0 0.515469 0.501201 0.882406 0.997598 0.509553
0 0.474748 0.601606 0.949496 0.7337 0.445114
0 0.582597 0.491125 0.614767 0.982249 0.409888
0 0.457591 0.500563 0.915181 0.996183 0.224364
0 0.701789 0.500295 0.51152 0.998518 0.191974
0 0.656222 0.350008 0.420538 0.697362 0.177984
0 0.540806 0.497067 0.707727 0.967546 0.161418
0 0.44115 0.57522 0.8823 0.658388 0.14603
0 0.663797 0.49537 0.528394 0.963974 0.139268
0 0.48106 0.561338 0.962119 0.730073 0.138498
0 0.461883 0.581263 0.923766 0.79708 0.12851
