0 0.63373 0.48099 0.729033 0.948514 0.38444
0 0.484137 0.487902 0.966384 0.962576 0.33273
0 0.594742 0.490964 0.809113 0.963528 0.330694
0 0.693572 0.484663 0.612857 0.953047 0.308575
0 0.449894 0.494123 0.899788 0.972823 0.254066
0 0.56735 0.470196 0.865301 0.935304 0.253811
0 0.482255 0.497735 0.885715 0.976062 0.22085
0 0.532222 0.496414 0.878118 0.973408 0.188347
0 0.825814 0.492799 0.348372 0.969996 0.148079
0 0.283876 0.486563 0.561197 0.967991 0.147503
0 0.401412 0.499084 0.799462 0.981794 0.1217
0 0.254217 0.501722 0.503951 0.987253 0.119096
0 0.482235 0.542409 0.947712 0.894002 0.115453
0 0.916742 0.493672 0.166515 0.959124 0.112419
