0 0.516756 0.583364 0.249112 0.827775 0.638606
0 0.526142 0.568994 0.263116 0.854948 0.424153
0 0.521429 0.570214 0.313112 0.859572 0.336126
0 0.537595 0.564852 0.333844 0.870296 0.324969
0 0.504804 0.551878 0.274266 0.854111 0.322413
0 0.501511 0.561077 0.236187 0.845341 0.289396
0 0.680469 0.485176 0.242855 0.935781 0.180819
0 0.691241 0.507752 0.251744 0.979909 0.1803
0 0.675458 0.50671 0.259075 0.978749 0.142929
0 0.485196 0.510318 0.31163 0.848224 0.119688
0 0.676221 0.444913 0.25631 0.875834 0.105417
