0 0.564675 0.484807 0.222752 0.932254 0.477591
0 0.565366 0.50131 0.240253 0.964876 0.471415
0 0.559625 0.485859 0.196502 0.927099 0.395891
0 0.555188 0.472449 0.24256 0.944899 0.390715
0 0.0901675 0.296584 0.0737645 0.232103 0.282851
0 0.0548982 0.296145 0.0866999 0.232645 0.262917
0 0.0573593 0.298125 0.0977573 0.234524 0.223809
0 0.560306 0.453562 0.227626 0.88839 0.191058
0 0.162047 0.311691 0.0872246 0.237514 0.179976
0 0.0995648 0.298407 0.0646275 0.236028 0.168384
0 0.153353 0.309842 0.0889683 0.242967 0.136377
0 0.161199 0.311751 0.0994956 0.237999 0.124402
0 0.0758656 0.298406 0.101055 0.234929 0.123394
0 0.0954835 0.30396 0.0720024 0.24455 0.123286
0 0.157092 0.311128 0.100728 0.244588 0.11067
