0 0.715814 0.503548 0.566011 0.97471 0.344637
0 0.775525 0.507697 0.447338 0.972059 0.33131
0 0.757859 0.515027 0.482859 0.940967 0.247268
0 0.845181 0.511884 0.309637 0.971786 0.23235
0 0.659735 0.482861 0.676981 0.94867 0.22895
0 0.36419 0.554101 0.469529 0.891799 0.226575
0 0.616277 0.506398 0.752111 0.980162 0.220905
0 0.528971 0.501084 0.809109 0.979748 0.195779
0 0.553118 0.506535 0.893763 0.971742 0.189904
0 0.589718 0.488092 0.810507 0.959271 0.180079
0 0.422941 0.555294 0.586072 0.889412 0.175762
0 0.907177 0.514431 0.185646 0.957362 0.168102
0 0.793479 0.532543 0.411959 0.93337 0.159912
0 0.48685 0.550068 0.728843 0.899864 0.155473
0 0.478648 0.503182 0.870699 0.981162 0.155272
0 0.431418 0.561553 0.640331 0.873688 0.13331
0 0.509439 0.548754 0.806614 0.886834 0.132978
0 0.336651 0.5626 0.414306 0.868845 0.124245
0 0.852421 0.532731 0.295159 0.934538 0.100141
