0 0.31919 0.633324 0.111294 0.172805 0.372321
0 0.311401 0.636226 0.130217 0.172924 0.349589
0 0.0510123 0.397333 0.0977195 0.187013 0.343578
0 0.39656 0.715971 0.101486 0.128755 0.289525
0 0.188997 0.848495 0.0659139 0.174454 0.261961
0 0.239488 0.482516 0.13781 0.109312 0.251944
0 0.400021 0.719639 0.096979 0.133765 0.229774
0 0.402902 0.715916 0.0867003 0.13148 0.224156
0 0.252581 0.105196 0.196122 0.209619 0.214122
0 0.231505 0.484248 0.144244 0.0983252 0.211743
0 0.309837 0.623743 0.133113 0.154036 0.207
0 0.0428867 0.392377 0.0857733 0.177076 0.188759
0 0.170356 0.842034 0.0882659 0.16415 0.178999
0 0.252465 0.101437 0.177526 0.202874 0.166321
0 0.247245 0.117869 0.209355 0.235739 0.160882
0 0.255794 0.0926038 0.178733 0.185208 0.148146
0 0.05061 0.387484 0.0980817 0.231088 0.140918
0 0.235063 0.49352 0.135339 0.105819 0.1396
0 0.448402 0.777661 0.0977008 0.0347408 0.129781
0 0.240579 0.47779 0.140939 0.0977773 0.129495
0 0.391476 0.715807 0.11379 0.137667 0.12827
0 0.0866863 0.319459 0.173373 0.636126 0.122977
0 0.242494 0.48679 0.133413 0.0917091 0.122904
0 0.814872 0.584956 0.271812 0.830087 0.12112
0 0.241059 0.496161 0.129158 0.0806825 0.120137
0 0.847951 0.541743 0.260478 0.916513 0.117886
0 0.245216 0.0409172 0.133569 0.0810552 0.115962
0 0.848035 0.545639 0.294224 0.908722 0.115359
0 0.403938 0.72328 0.0857497 0.136951 0.111241
0 0.0831538 0.683662 0.149503 0.137767 0.108432
0 0.0618775 0.780315 0.0744198 0.149575 0.106666
0 0.934128 0.673731 0.129628 0.646242 0.106286
0 0.228108 0.47759 0.152923 0.110369 0.103178
