0 0.533977 0.577029 0.818328 0.675915 0.627405
0 0.363876 0.313438 0.720649 0.276452 0.577082
0 0.36711 0.308503 0.73422 0.302526 0.51315
0 0.501934 0.565042 0.881061 0.673173 0.493221
0 0.366005 0.332708 0.72875 0.345365 0.429863
0 0.371065 0.287013 0.742131 0.260282 0.42029
0 0.478671 0.625705 0.957341 0.541903 0.386022
0 0.374964 0.326016 0.685879 0.25776 0.370564
0 0.485662 0.581074 0.935198 0.656597 0.369336
0 0.3645 0.297341 0.722213 0.256673 0.367964
0 0.44986 0.459534 0.890698 0.547845 0.348201
0 0.379996 0.349799 0.701776 0.332431 0.328963
0 0.576443 0.582449 0.734611 0.671278 0.308111
0 0.478501 0.653914 0.957003 0.504149 0.299425
0 0.447178 0.115549 0.88874 0.231098 0.284422
0 0.386776 0.3335 0.773552 0.363593 0.26427
0 0.447696 0.554734 0.839406 0.732187 0.243597
0 0.484025 0.525514 0.911676 0.720369 0.173379
0 0.439138 0.375823 0.878276 0.266314 0.172848
0 0.475052 0.538945 0.942615 0.645342 0.172658
0 0.451947 0.662068 0.903893 0.481093 0.171766
0 0.503184 0.620163 0.956449 0.582499 0.165889
0 0.47294 0.12253 0.88972 0.244575 0.153622
0 0.364585 0.393784 0.729169 0.398012 0.12665
0 0.426137 0.107044 0.852274 0.214089 0.124251
0 0.477155 0.608783 0.95431 0.606943 0.123544
0 0.451316 0.54446 0.902631 0.709935 0.108283
