0 0.842349 0.642113 0.133898 0.574242 0.81907
0 0.84948 0.640283 0.151043 0.56925 0.765613
0 0.185782 0.688156 0.139178 0.460593 0.765442
0 0.624408 0.682146 0.13682 0.591202 0.703207
0 0.739729 0.65235 0.110711 0.515862 0.695253
0 0.188499 0.714815 0.14165 0.51777 0.676586
0 0.614482 0.681512 0.122753 0.577672 0.666906
0 0.834315 0.650955 0.161011 0.596029 0.631684
0 0.634723 0.688148 0.1456 0.598 0.617318
0 0.738134 0.662326 0.11977 0.540012 0.601496
0 0.181426 0.716737 0.153092 0.530302 0.561477
0 0.189976 0.680931 0.140067 0.438956 0.547553
0 0.430233 0.628827 0.0963661 0.393952 0.523468
0 0.190985 0.654912 0.129679 0.381637 0.508715
0 0.430137 0.671735 0.0957642 0.478181 0.490527
0 0.609608 0.670057 0.0958023 0.550091 0.476795
0 0.734963 0.654192 0.105046 0.504985 0.475273
0 0.431494 0.60431 0.0972516 0.349676 0.472915
0 0.188435 0.723866 0.161802 0.542899 0.464053
0 0.189061 0.655496 0.143693 0.386857 0.460012
0 0.94827 0.666257 0.0977402 0.527853 0.420368
0 0.430734 0.708719 0.0944023 0.549846 0.416751
0 0.734253 0.665645 0.115413 0.567187 0.414879
0 0.431613 0.565793 0.0886922 0.27202 0.403931
0 0.184981 0.676288 0.164213 0.430072 0.391223
0 0.345339 0.734195 0.111043 0.484809 0.371553
0 0.644878 0.692654 0.160532 0.605854 0.358759
0 0.956547 0.668954 0.0819298 0.53937 0.35798
0 0.431714 0.579803 0.0947554 0.297142 0.346824
0 0.392706 0.89974 0.148791 0.20052 0.329537
0 0.358722 0.740423 0.122804 0.476059 0.319538
0 0.843032 0.652578 0.123597 0.582707 0.317489
0 0.431075 0.557167 0.0855873 0.249351 0.31713
0 0.41179 0.899267 0.18277 0.201466 0.311807
0 0.189449 0.673728 0.130421 0.422584 0.299412
0 0.353281 0.737777 0.107924 0.462771 0.290336
0 0.18057 0.722429 0.178999 0.54624 0.28718
0 0.943257 0.661171 0.108072 0.562532 0.284751
0 0.193218 0.660304 0.122166 0.410967 0.275255
0 0.734425 0.650273 0.127805 0.563745 0.275241
0 0.355349 0.721906 0.110611 0.42864 0.272188
0 0.50948 0.68075 0.0921701 0.537982 0.270073
0 0.952196 0.692015 0.0926359 0.511432 0.258162
0 0.400327 0.89906 0.177931 0.201879 0.242994
0 0.431735 0.717157 0.0863533 0.565687 0.231894
0 0.839189 0.630484 0.118948 0.552295 0.231381
0 0.508366 0.611889 0.0708897 0.321518 0.227481
0 0.50519 0.688742 0.0895149 0.483513 0.205479
0 0.353089 0.704205 0.104338 0.396572 0.204369
0 0.50916 0.597405 0.0652724 0.291121 0.203827
0 0.18746 0.648609 0.112464 0.374786 0.186749
0 0.425273 0.702403 0.104565 0.541182 0.176887
0 0.511595 0.557712 0.0646881 0.208921 0.176573
0 0.954522 0.695019 0.0848511 0.525964 0.174178
0 0.609963 0.642847 0.0976814 0.489533 0.168905
0 0.505808 0.657172 0.0849831 0.417705 0.164293
0 0.384565 0.900093 0.147333 0.199814 0.16196
0 0.506621 0.71906 0.0886591 0.537885 0.161221
0 0.614848 0.662244 0.115759 0.548184 0.159913
0 0.511518 0.530381 0.0612277 0.153656 0.154777
0 0.606791 0.6832 0.0856348 0.573222 0.152199
0 0.353175 0.680271 0.100525 0.352332 0.149622
0 0.210765 0.274117 0.0453383 0.101227 0.141076
0 0.511188 0.712412 0.0979013 0.550605 0.13832
0 0.427882 0.898996 0.198386 0.202009 0.136758
0 0.508351 0.587426 0.0811767 0.27548 0.135659
0 0.510193 0.566216 0.0706585 0.211125 0.135338
0 0.507471 0.615386 0.0823204 0.337373 0.13524
0 0.429757 0.569118 0.0747393 0.255847 0.132525
0 0.507127 0.642199 0.075676 0.38565 0.131892
0 0.353658 0.661949 0.0962473 0.321085 0.1306
0 0.511297 0.683978 0.0886628 0.497096 0.126742
0 0.853858 0.671092 0.247108 0.635721 0.125631
0 0.844624 0.672409 0.205019 0.624475 0.121738
0 0.948855 0.477803 0.0537872 0.151121 0.113935
0 0.742709 0.64076 0.110343 0.471801 0.113866
0 0.510675 0.522417 0.0596618 0.146705 0.111436
0 0.506103 0.676339 0.0817757 0.454302 0.103951
0 0.414321 0.898315 0.219272 0.203369 0.100973
