0 0.731363 0.165182 0.0494495 0.168887 0.576537
0 0.430975 0.08597 0.0450538 0.144657 0.55404
0 0.530463 0.128633 0.0599083 0.252715 0.55059
0 0.81211 0.165314 0.0595388 0.146656 0.527432
0 0.432798 0.0857528 0.0483978 0.149315 0.487555
0 0.73332 0.16212 0.0448619 0.175347 0.452704
0 0.584225 0.148541 0.0624443 0.207979 0.443781
0 0.528681 0.124445 0.0648998 0.24889 0.443468
0 0.731076 0.160373 0.0469138 0.163957 0.44096
0 0.258335 0.0806474 0.049885 0.159441 0.429463
0 0.656393 0.162504 0.0466892 0.177234 0.421224
0 0.692005 0.163643 0.0483065 0.163487 0.395478
0 0.815062 0.169796 0.0501478 0.13908 0.376031
0 0.532597 0.127649 0.0704281 0.255298 0.372325
0 0.659957 0.15869 0.0489009 0.156616 0.370892
0 0.262556 0.0869043 0.0600111 0.171536 0.360007
0 0.257086 0.0807786 0.0447701 0.160566 0.351087
0 0.863274 0.259364 0.0626125 0.219083 0.33544
0 0.812506 0.171118 0.0550205 0.141851 0.330306
0 0.434013 0.0863623 0.0488826 0.158023 0.3223
0 0.857051 0.234192 0.0493185 0.27239 0.306814
0 0.85713 0.232241 0.0460918 0.260173 0.294245
0 0.388783 0.109564 0.0637167 0.215552 0.29109
0 0.605282 0.145659 0.0502562 0.201169 0.284372
0 0.861468 0.241367 0.0602324 0.251606 0.280136
0 0.730005 0.169559 0.0478992 0.168092 0.279208
0 0.90448 0.177051 0.0526234 0.13264 0.268682
0 0.73411 0.160148 0.0482401 0.181189 0.265813
0 0.261738 0.0788397 0.0587838 0.157679 0.264108
0 0.850773 0.167652 0.0424171 0.143782 0.252419
0 0.813647 0.170063 0.0559212 0.153723 0.251813
0 0.807207 0.169532 0.0502766 0.150269 0.241951
0 0.385417 0.129862 0.0754668 0.259723 0.23178
0 0.579797 0.14095 0.061178 0.228965 0.224424
0 0.849424 0.16972 0.0391884 0.137777 0.222543
0 0.904632 0.180753 0.0480413 0.132305 0.217849
0 0.905662 0.223872 0.0494957 0.219419 0.210745
0 0.659816 0.160789 0.0550941 0.18154 0.208887
0 0.158693 0.0634716 0.0816837 0.126943 0.205326
0 0.582946 0.15208 0.0720943 0.219509 0.204754
0 0.689212 0.163237 0.0497467 0.162617 0.196671
0 0.906442 0.225159 0.0521568 0.232582 0.196394
0 0.262201 0.0935805 0.0631918 0.187161 0.193487
0 0.817943 0.173873 0.0394829 0.136069 0.188782
0 0.768709 0.173769 0.039204 0.151517 0.18358
0 0.37749 0.136174 0.0991696 0.270818 0.174765
0 0.580791 0.140724 0.0614695 0.186974 0.172289
0 0.846916 0.174476 0.0341225 0.134614 0.170059
0 0.659134 0.157013 0.0529049 0.161978 0.161815
0 0.152847 0.046362 0.0656522 0.092724 0.161409
0 0.38701 0.0995462 0.0673201 0.199092 0.15597
0 0.260708 0.076547 0.0552218 0.150758 0.150159
0 0.690321 0.162294 0.0502503 0.180906 0.147396
0 0.691636 0.16466 0.0449862 0.175335 0.146793
0 0.526766 0.125391 0.0804272 0.250781 0.141216
0 0.816486 0.165754 0.0567167 0.144766 0.139786
0 0.372207 0.115165 0.0958757 0.228815 0.1375
0 0.660551 0.162416 0.0450974 0.166228 0.136622
0 0.799766 0.172722 0.033304 0.144806 0.135858
0 0.36732 0.131012 0.114886 0.262024 0.135699
0 0.658386 0.159734 0.0454144 0.16332 0.135541
0 0.879803 0.503184 0.0304592 0.122864 0.134101
0 0.152894 0.0546358 0.0690952 0.109053 0.133871
0 0.944444 0.225038 0.0478291 0.180991 0.131934
0 0.879267 0.500036 0.0305706 0.1333 0.125466
0 0.36489 0.136531 0.140227 0.273061 0.121613
0 0.906299 0.486646 0.0326935 0.137273 0.119937
0 0.90669 0.489778 0.0270901 0.125211 0.116817
0 0.15994 0.0502598 0.0796491 0.100285 0.116103
0 0.155353 0.0636753 0.0929446 0.127351 0.115839
0 0.174911 0.550789 0.345907 0.69128 0.114924
0 0.157791 0.0626242 0.0891934 0.122529 0.114052
0 0.857544 0.19309 0.04683 0.190362 0.113676
0 0.157262 0.075629 0.089194 0.151258 0.112854
0 0.866041 0.277888 0.0671576 0.155237 0.112267
0 0.771367 0.178178 0.0406124 0.154037 0.112151
0 0.806623 0.176433 0.0380011 0.142112 0.110393
0 0.58442 0.138041 0.0582911 0.180924 0.108598
0 0.906812 0.486924 0.0299049 0.132159 0.108052
0 0.8782 0.4954 0.0314892 0.141822 0.107291
0 0.983184 0.273313 0.0336315 0.272791 0.105365
0 0.817389 0.17105 0.045892 0.140006 0.102492
0 0.858232 0.160225 0.0411291 0.122129 0.101656
0 0.598824 0.143108 0.064423 0.200498 0.100713
0 0.429334 0.0929286 0.0431469 0.153066 0.100353
0 0.807453 0.309011 0.048834 0.151067 0.1002
