0 0.827285 0.48503 0.0761135 0.10512 0.599677
0 0.831127 0.48729 0.0645388 0.111302 0.31533
0 0.895507 0.234169 0.0580362 0.0992841 0.281703
0 0.888646 0.457215 0.0364346 0.0785177 0.280028
0 0.0572353 0.433744 0.105824 0.192204 0.256707
0 0.797665 0.334689 0.0368879 0.0796695 0.241776
0 0.909251 0.438459 0.0261044 0.0531382 0.24046
0 0.511496 0.826615 0.0974363 0.195429 0.235356
0 0.834632 0.486544 0.0586773 0.109275 0.228542
0 0.871025 0.377625 0.0654745 0.0856523 0.228049
0 0.508203 0.825705 0.105355 0.201697 0.225217
0 0.891456 0.235493 0.070361 0.108774 0.212618
0 0.79672 0.337492 0.0418571 0.0866237 0.210057
0 0.951984 0.875385 0.0580174 0.0978886 0.206652
0 0.821443 0.640446 0.053725 0.0908216 0.204621
0 0.799378 0.333489 0.0330316 0.0758609 0.203898
0 0.910223 0.436973 0.0282104 0.0594938 0.196439
0 0.885457 0.457367 0.044521 0.0838775 0.195068
0 0.870914 0.378231 0.0744274 0.0873693 0.192971
0 0.889239 0.2334 0.0646111 0.101843 0.190525
0 0.955733 0.878715 0.0631577 0.115359 0.188873
0 0.944731 0.500616 0.0677776 0.0720099 0.185602
0 0.829404 0.487333 0.071888 0.111765 0.18459
0 0.982266 0.431821 0.0330788 0.0395069 0.183115
0 0.874698 0.37784 0.0602364 0.0863902 0.181787
0 0.280893 0.326566 0.030458 0.0797046 0.181705
0 0.910904 0.439507 0.0259821 0.0589557 0.180387
0 0.0612414 0.477421 0.0828507 0.0814791 0.17948
0 0.955287 0.886155 0.0595167 0.13035 0.178504
0 0.89389 0.235323 0.0500778 0.095585 0.178231
0 0.827191 0.49681 0.0708832 0.0775217 0.176206
0 0.885918 0.458981 0.0420629 0.0797707 0.176003
0 0.0579014 0.646867 0.0656738 0.0820017 0.175052
0 0.951766 0.875452 0.0579704 0.110095 0.172423
0 0.962534 0.564228 0.0526308 0.0268137 0.172003
0 0.909023 0.441733 0.0243172 0.0579289 0.169289
0 0.900463 0.564785 0.0559082 0.0730177 0.167163
0 0.98343 0.43191 0.0318375 0.0410442 0.16415
0 0.957455 0.563871 0.0444218 0.0267866 0.161335
0 0.960322 0.563842 0.0469769 0.0270079 0.152037
0 0.213341 0.277341 0.117601 0.180593 0.151931
0 0.904018 0.236357 0.0458477 0.0985748 0.151049
0 0.801 0.333687 0.0281002 0.0771665 0.149748
0 0.824431 0.641872 0.0456978 0.0873737 0.148505
0 0.817285 0.641373 0.0560141 0.0860588 0.145378
0 0.954925 0.564375 0.0386742 0.0296056 0.143412
0 0.976516 0.584353 0.0369679 0.0456451 0.142803
0 0.976215 0.276004 0.0456793 0.0744554 0.142112
0 0.977294 0.269062 0.0416531 0.0581288 0.141187
0 0.980105 0.278614 0.0391098 0.0805457 0.140698
0 0.898687 0.566843 0.0637318 0.0799045 0.140451
0 0.846351 0.482629 0.036784 0.0968496 0.13921
0 0.906869 0.23555 0.0391151 0.0921968 0.135906
0 0.279346 0.324987 0.0364998 0.0810226 0.135767
0 0.968116 0.645619 0.0573824 0.110812 0.135375
0 0.894481 0.453256 0.0443295 0.0830572 0.132288
0 0.989363 0.435101 0.0208569 0.0436218 0.131193
0 0.895969 0.564963 0.0683857 0.0755745 0.12874
0 0.918795 0.635684 0.0596121 0.0805141 0.128031
0 0.220425 0.469052 0.0280798 0.0642749 0.127519
0 0.819656 0.642535 0.058193 0.0879833 0.126721
0 0.828289 0.486292 0.070989 0.0989553 0.126056
0 0.94452 0.493175 0.065233 0.0576658 0.125139
0 0.884365 0.455376 0.0459864 0.0916676 0.121875
0 0.869168 0.373098 0.0791107 0.0788579 0.121804
0 0.174711 0.768086 0.0282363 0.0518201 0.120667
0 0.820793 0.63748 0.0557726 0.106486 0.120596
0 0.980919 0.272026 0.0363102 0.0616603 0.120557
0 0.89979 0.235865 0.0419428 0.0991822 0.119427
0 0.908133 0.437632 0.0273243 0.0586291 0.11787
0 0.942602 0.500221 0.0679691 0.0781616 0.116265
0 0.219506 0.470668 0.0266215 0.0594805 0.116203
0 0.828198 0.480859 0.0828299 0.13429 0.115208
0 0.922209 0.650803 0.0405922 0.0564838 0.115125
0 0.0517226 0.42575 0.103445 0.21414 0.114553
0 0.0615608 0.43229 0.115243 0.187807 0.113474
0 0.949571 0.886808 0.050544 0.0739954 0.112821
0 0.796496 0.338794 0.046736 0.0886218 0.112418
0 0.279891 0.327237 0.0308827 0.0836275 0.111415
0 0.190907 0.27363 0.156915 0.191484 0.111287
0 0.918225 0.615857 0.0580696 0.0501429 0.111144
0 0.282039 0.330024 0.0345583 0.0839702 0.109402
0 0.75177 0.668669 0.0224558 0.0575062 0.109258
0 0.910187 0.630144 0.0576015 0.0462791 0.108928
0 0.249706 0.78182 0.0327114 0.0453335 0.108689
0 0.987755 0.436085 0.0239729 0.0478472 0.108527
0 0.911336 0.441344 0.0250359 0.0544039 0.108313
0 0.797889 0.333241 0.0348862 0.073691 0.108016
0 0.991607 0.272027 0.0167852 0.0591349 0.107599
0 0.955451 0.880119 0.058832 0.0865585 0.105869
0 0.943157 0.496413 0.0665161 0.0674504 0.105472
0 0.902738 0.565813 0.0478603 0.0787745 0.105424
0 0.966319 0.575633 0.0576542 0.050864 0.10532
0 0.248463 0.777893 0.0310982 0.0510456 0.104927
0 0.224784 0.277245 0.104811 0.178297 0.10481
0 0.0599003 0.632278 0.104541 0.131513 0.103171
0 0.964963 0.20363 0.0384281 0.0341028 0.101683
0 0.912448 0.614951 0.0558636 0.0458513 0.101382
