0 0.768286 0.568766 0.0504712 0.240385 0.696669
0 0.145362 0.653473 0.14031 0.482788 0.684766
0 0.361789 0.539288 0.0337421 0.128956 0.674737
0 0.498092 0.710892 0.114992 0.578216 0.632636
0 0.261677 0.627147 0.0719458 0.324462 0.610765
0 0.425726 0.614296 0.0796091 0.272647 0.561416
0 0.332153 0.545168 0.0353086 0.145222 0.543617
0 0.502833 0.670205 0.0797993 0.477251 0.431572
0 0.619283 0.594916 0.0552882 0.257989 0.430741
0 0.300116 0.548912 0.0359654 0.142229 0.429686
0 0.883608 0.576147 0.0531345 0.215868 0.388
0 0.810824 0.529628 0.0348594 0.12519 0.382295
0 0.199651 0.701764 0.0804315 0.327246 0.339714
0 0.302811 0.556605 0.0272467 0.135718 0.337601
0 0.651024 0.616426 0.0326662 0.136025 0.317423
0 0.366112 0.546885 0.0250723 0.117971 0.294163
0 0.923914 0.556267 0.0598095 0.231334 0.292833
0 0.812671 0.537878 0.0278671 0.112021 0.257562
0 0.336195 0.555231 0.0347614 0.132039 0.201748
