0 0.510286 0.76222 0.0371963 0.113682 0.768255
0 0.336141 0.724703 0.0361272 0.0975121 0.680809
0 0.4593 0.896601 0.0442091 0.133105 0.625495
0 0.139369 0.914666 0.0463273 0.152446 0.598588
0 0.442158 0.773264 0.0313557 0.106895 0.592585
0 0.391006 0.820219 0.0348878 0.0943943 0.589994
0 0.469806 0.769896 0.0328901 0.111827 0.573985
0 0.55119 0.890241 0.0408096 0.135664 0.56035
0 0.379163 0.945819 0.030478 0.0848131 0.537862
0 0.24056 0.804894 0.0733213 0.25589 0.522117
0 0.484941 0.576027 0.0348404 0.0842221 0.520784
0 0.757752 0.477928 0.0316371 0.066864 0.519469
0 0.325589 0.878991 0.0428123 0.120151 0.49509
0 0.827177 0.629189 0.031443 0.0851221 0.481601
0 0.544488 0.60495 0.0267778 0.0705199 0.477908
0 0.413824 0.684909 0.0359438 0.098781 0.47176
0 0.565199 0.610014 0.0210184 0.0692446 0.462628
0 0.329019 0.854485 0.0459733 0.170386 0.459101
0 0.196775 0.87924 0.0348282 0.138635 0.450789
0 0.37483 0.757474 0.0282286 0.0811954 0.440932
0 0.544546 0.971509 0.0466139 0.0568848 0.421852
0 0.40399 0.898785 0.0283643 0.0616688 0.410455
0 0.290352 0.956096 0.0505022 0.0869236 0.401787
0 0.298582 0.81552 0.0474973 0.208957 0.398884
0 0.166632 0.884293 0.0332085 0.114857 0.372315
0 0.38956 0.683462 0.0310361 0.0898275 0.370715
0 0.584528 0.862061 0.0429733 0.100186 0.360172
0 0.647754 0.496311 0.0223867 0.0526349 0.346687
0 0.542708 0.604517 0.0356236 0.076123 0.346254
0 0.414432 0.673651 0.0286587 0.0624424 0.303174
0 0.618787 0.793006 0.0359386 0.124608 0.294981
0 0.375112 0.746831 0.0258773 0.0557174 0.293398
0 0.300066 0.749836 0.0270392 0.051849 0.283373
0 0.896399 0.396275 0.0319328 0.0885026 0.278132
0 0.445109 0.757799 0.0221587 0.0656296 0.278057
0 0.404912 0.906716 0.0299603 0.08601 0.276665
0 0.805644 0.604788 0.0271198 0.0814449 0.262179
0 0.40389 0.961954 0.0288299 0.0715891 0.261548
0 0.755492 0.620486 0.0280638 0.0616945 0.251596
0 0.221969 0.881306 0.0355438 0.127852 0.250312
0 0.299958 0.798302 0.0372268 0.181565 0.246544
0 0.251329 0.873034 0.0274162 0.103478 0.246304
0 0.587287 0.940942 0.0409153 0.117095 0.243458
0 0.300377 0.755176 0.0336622 0.0693744 0.241777
0 0.64092 0.693875 0.0303343 0.0751856 0.234539
0 0.638126 0.688876 0.0384441 0.0802946 0.222069
0 0.755664 0.607536 0.0362072 0.0910631 0.218631
0 0.300226 0.769206 0.0360752 0.112584 0.218358
0 0.603504 0.479185 0.0195629 0.0512939 0.217177
0 0.754225 0.606182 0.0297976 0.0771484 0.21302
0 0.767233 0.406801 0.0192244 0.0355105 0.212798
0 0.746786 0.592723 0.022003 0.0364605 0.20702
0 0.752948 0.588261 0.0228436 0.0430455 0.206774
0 0.563899 0.605027 0.0308901 0.0741423 0.204747
