0 0.684218 0.513505 0.0749985 0.0794411 0.564551
0 0.497875 0.646822 0.0578716 0.0616302 0.557161
0 0.481808 0.57897 0.0454645 0.0617864 0.535808
0 0.685971 0.516091 0.0751863 0.0763908 0.528955
0 0.478069 0.578855 0.0549341 0.0623674 0.52068
0 0.496703 0.648582 0.0589248 0.0553171 0.432253
0 0.457973 0.480581 0.0474613 0.0546288 0.430712
0 0.335912 0.299494 0.0572636 0.0563114 0.425948
0 0.459517 0.48203 0.0428787 0.0522369 0.37125
0 0.49853 0.64919 0.0560529 0.058411 0.368123
0 0.385582 0.520593 0.0585607 0.0253813 0.35823
0 0.618107 0.443892 0.0457373 0.0545748 0.355835
0 0.424227 0.757884 0.0480146 0.0609251 0.346505
0 0.420634 0.760476 0.0510156 0.0546001 0.345241
0 0.524678 0.352463 0.0591619 0.0539686 0.342407
0 0.52425 0.350281 0.0607777 0.0618259 0.340611
0 0.473397 0.528748 0.0554152 0.0298379 0.336731
0 0.475011 0.529987 0.0561329 0.0293638 0.336167
0 0.336106 0.299083 0.0580754 0.0421082 0.335461
0 0.478547 0.581725 0.0519153 0.0574314 0.335253
0 0.386023 0.521381 0.0591512 0.0222597 0.331761
0 0.476035 0.522908 0.0540249 0.0251946 0.323287
0 0.775023 0.570423 0.0365435 0.0639641 0.32239
0 0.336602 0.304691 0.0614111 0.0321648 0.320696
0 0.739107 0.384945 0.0428656 0.0741938 0.319903
0 0.739912 0.383649 0.0353445 0.0750929 0.319901
0 0.421695 0.764263 0.0504451 0.0487148 0.317342
0 0.336807 0.30112 0.0522787 0.0585609 0.316591
0 0.474272 0.528805 0.0577948 0.0275493 0.316318
0 0.777454 0.569955 0.0301434 0.0636602 0.315703
0 0.854074 0.269383 0.0546459 0.0673657 0.315338
0 0.458909 0.484032 0.0465811 0.0538853 0.30943
0 0.602266 0.650101 0.0561944 0.0699235 0.306785
0 0.773614 0.57081 0.0409029 0.0654232 0.303034
0 0.519881 0.793616 0.0515409 0.0320432 0.298299
0 0.458669 0.482288 0.0502543 0.0478716 0.297383
0 0.853405 0.265965 0.0493137 0.0612629 0.296442
0 0.619361 0.442151 0.0429064 0.0472322 0.293107
0 0.524467 0.780351 0.0460419 0.0459408 0.292868
0 0.473565 0.522259 0.0536758 0.022245 0.282741
0 0.60111 0.653168 0.0550737 0.0627297 0.282028
0 0.337592 0.301342 0.0554028 0.0617407 0.281194
0 0.520414 0.787936 0.0522239 0.0333221 0.279252
0 0.420482 0.766069 0.0510611 0.0439669 0.279108
0 0.703276 0.604611 0.0537369 0.03403 0.276664
0 0.519071 0.795371 0.0530161 0.0264292 0.272829
0 0.854459 0.272101 0.052792 0.0708755 0.271373
0 0.45879 0.479746 0.0489738 0.0505254 0.270654
0 0.48149 0.415254 0.0351643 0.0587195 0.269691
0 0.460038 0.485059 0.0486744 0.049753 0.265028
0 0.386353 0.510871 0.056295 0.0224821 0.260392
0 0.50277 0.308251 0.0554859 0.0240433 0.256531
0 0.854402 0.271135 0.0490559 0.0670272 0.256067
0 0.478328 0.414796 0.0433834 0.0578125 0.255096
0 0.524218 0.350595 0.057263 0.067797 0.254458
0 0.531903 0.0710616 0.0440935 0.0354447 0.252443
0 0.480402 0.578741 0.0487667 0.0594764 0.252337
0 0.809048 0.613918 0.0499481 0.031958 0.250897
0 0.772859 0.570844 0.0403291 0.0602149 0.249022
0 0.503195 0.303415 0.0531602 0.0262925 0.246656
0 0.742146 0.381421 0.0281984 0.0701698 0.244012
0 0.608219 0.649335 0.0452503 0.0704823 0.241673
0 0.437376 0.312376 0.0458335 0.0427167 0.241562
0 0.854117 0.26634 0.052327 0.0493546 0.237785
0 0.810035 0.614316 0.0498816 0.0374724 0.234283
0 0.435945 0.315248 0.0513994 0.0480177 0.23084
0 0.955282 0.663809 0.0691025 0.0333134 0.226904
0 0.473406 0.523708 0.0564997 0.0236961 0.226709
0 0.430765 0.758892 0.0362265 0.0596733 0.224733
0 0.385185 0.522983 0.06121 0.0331381 0.22064
0 0.504068 0.875399 0.0573865 0.0267769 0.21927
0 0.386034 0.52407 0.061051 0.0301847 0.218458
0 0.534121 0.0802451 0.0543976 0.0569544 0.215943
0 0.456637 0.825814 0.0422273 0.0358849 0.214974
0 0.460105 0.820172 0.0408096 0.0317081 0.211658
0 0.504992 0.294971 0.0504896 0.0217076 0.211392
0 0.666072 0.908318 0.0328676 0.0601284 0.210352
0 0.852494 0.263962 0.0484264 0.0458449 0.210018
0 0.739137 0.384407 0.0372506 0.0709855 0.209541
0 0.600102 0.656053 0.0533403 0.0544037 0.2087
0 0.727729 0.827836 0.0323011 0.0275177 0.208052
0 0.782756 0.845727 0.0343554 0.0229162 0.20418
0 0.337186 0.307856 0.0563963 0.0408591 0.202601
0 0.603792 0.649722 0.0495304 0.0704197 0.20177
0 0.619254 0.446483 0.0470225 0.0458922 0.20153
0 0.533949 0.0759128 0.0536997 0.0469419 0.200141
0 0.387165 0.519547 0.0591247 0.0304325 0.200027
0 0.517487 0.794409 0.0479456 0.0240589 0.198989
0 0.439893 0.319846 0.0446733 0.0471512 0.198726
0 0.771923 0.570251 0.0446092 0.0628513 0.19725
0 0.704792 0.600753 0.051266 0.0290487 0.196768
0 0.785275 0.844375 0.0391132 0.0255777 0.195319
0 0.473799 0.529416 0.0537014 0.0247396 0.194973
0 0.81091 0.603159 0.0440194 0.0587712 0.193988
0 0.505768 0.870927 0.0582992 0.0205631 0.192351
0 0.683315 0.528628 0.0766919 0.0472725 0.192191
0 0.505369 0.872575 0.0583099 0.0219343 0.191965
0 0.580767 0.261066 0.0507301 0.0463215 0.191265
0 0.531722 0.0721653 0.0470747 0.0365944 0.190616
0 0.45997 0.488659 0.0487459 0.0361032 0.190417
0 0.493681 0.258368 0.0665117 0.0302619 0.190342
0 0.703778 0.601761 0.0515601 0.0294382 0.189721
0 0.335364 0.298819 0.0541205 0.0506714 0.189171
0 0.946967 0.663378 0.0846443 0.0323147 0.188049
0 0.502328 0.296521 0.0528177 0.0213978 0.186638
0 0.501981 0.30538 0.0529439 0.0252468 0.185506
0 0.422937 0.434613 0.0601642 0.0246954 0.184989
0 0.48254 0.415359 0.0309046 0.0595178 0.184603
0 0.426762 0.756492 0.0437807 0.0596518 0.18443
0 0.422944 0.424475 0.0579899 0.0281787 0.183768
0 0.613849 0.644418 0.0328257 0.0649006 0.181585
0 0.494189 0.258232 0.0635643 0.0284748 0.180308
0 0.704144 0.605828 0.0505863 0.0264848 0.179986
0 0.785569 0.835337 0.0382039 0.0213638 0.179593
0 0.480669 0.416341 0.0392288 0.0582648 0.17863
0 0.73073 0.934711 0.0343158 0.0375893 0.177874
0 0.455246 0.8294 0.0405718 0.0323877 0.174439
0 0.495309 0.259122 0.0678357 0.0348618 0.174194
0 0.808489 0.619619 0.0524393 0.0312311 0.172409
0 0.478078 0.417399 0.0442233 0.0525548 0.172157
0 0.523604 0.349058 0.0573651 0.0515375 0.171946
0 0.337772 0.571048 0.0325889 0.02068 0.171933
0 0.636587 0.400959 0.0610739 0.0268105 0.170415
0 0.831507 0.44303 0.0422806 0.0665043 0.167088
0 0.774249 0.666932 0.0408665 0.0633867 0.166892
0 0.435305 0.315815 0.0487897 0.0393365 0.165671
0 0.531981 0.777633 0.0318804 0.0535502 0.163524
0 0.851892 0.253959 0.037558 0.0393487 0.162808
0 0.836164 0.891095 0.0343555 0.0427044 0.162408
0 0.637195 0.39883 0.0594423 0.023633 0.160949
0 0.502891 0.877439 0.0570547 0.0225698 0.158985
0 0.519569 0.013873 0.0461625 0.0275067 0.157143
0 0.423104 0.419754 0.0560051 0.0258011 0.156875
0 0.419168 0.762622 0.0490619 0.0501944 0.156244
0 0.425415 0.761073 0.0443806 0.0559935 0.155568
0 0.502393 0.300669 0.0560068 0.0272556 0.155546
0 0.519711 0.790209 0.0518658 0.0306708 0.155096
0 0.526377 0.350751 0.0525651 0.0645368 0.154196
0 0.540821 0.905271 0.0494972 0.034013 0.153901
0 0.730008 0.261348 0.029579 0.0585711 0.153491
0 0.831832 0.442816 0.0442554 0.0620631 0.151522
0 0.274096 0.180583 0.0525748 0.0190911 0.150755
0 0.425212 0.422007 0.0554288 0.0406792 0.148359
0 0.419666 0.770791 0.0479298 0.0320869 0.146318
0 0.277534 0.179894 0.0542437 0.0214773 0.146154
0 0.310777 0.424813 0.0660324 0.0303336 0.145856
0 0.933447 0.935661 0.0196999 0.0421436 0.145811
0 0.814083 0.602085 0.0328148 0.0621141 0.145017
0 0.782924 0.845734 0.0374737 0.0248974 0.144555
0 0.273912 0.180435 0.0582228 0.0179995 0.144308
0 0.517448 0.0133788 0.0429766 0.0267576 0.144206
0 0.517917 0.0141267 0.0453403 0.0282533 0.14417
0 0.833019 0.893414 0.0274269 0.0397116 0.144117
0 0.732735 0.934376 0.0378307 0.0339741 0.143619
0 0.959119 0.662718 0.0643429 0.0343298 0.142942
0 0.542046 0.907815 0.0479532 0.027301 0.142009
0 0.442965 0.316345 0.0374597 0.0461442 0.141136
0 0.772701 0.667183 0.0472769 0.0636572 0.140652
0 0.456137 0.832287 0.0417199 0.028595 0.140009
0 0.580301 0.265759 0.0534581 0.05274 0.139742
0 0.789731 0.4727 0.0457466 0.0485158 0.139491
0 0.730673 0.262062 0.0331287 0.0573723 0.138942
0 0.82931 0.0810754 0.0394545 0.0254303 0.138412
0 0.788246 0.831349 0.0408905 0.0202293 0.137918
0 0.808735 0.618249 0.0516891 0.0273233 0.137644
0 0.778399 0.9566 0.0373728 0.0222668 0.137385
0 0.724475 0.829404 0.0378472 0.0249142 0.137359
0 0.6361 0.402379 0.0580864 0.0296866 0.137048
0 0.579566 0.263565 0.0534916 0.0523109 0.136591
0 0.31681 0.426957 0.0632245 0.026988 0.135517
0 0.829027 0.082465 0.0407036 0.0238229 0.135428
0 0.324497 0.571774 0.0480361 0.0196875 0.135095
0 0.495153 0.648812 0.056457 0.0509251 0.133743
0 0.619709 0.791233 0.0545052 0.0331326 0.133464
0 0.501308 0.309535 0.0543306 0.0300158 0.133382
0 0.778913 0.955812 0.0338911 0.0227928 0.132755
0 0.9334 0.937712 0.020208 0.0401497 0.132533
0 0.648306 0.283433 0.0367338 0.0409467 0.131966
0 0.620667 0.78672 0.0547052 0.0407698 0.130151
0 0.476641 0.414192 0.0453417 0.0548216 0.129546
0 0.599144 0.654023 0.0506895 0.052212 0.129101
0 0.322223 0.577858 0.0556522 0.0208452 0.127527
0 0.273745 0.17027 0.0509526 0.0173833 0.126871
0 0.505223 0.714844 0.0201815 0.0389948 0.126309
0 0.508325 0.702038 0.0191134 0.0374247 0.125813
0 0.436502 0.3174 0.0520527 0.0510798 0.12487
0 0.622123 0.775155 0.0536189 0.0666246 0.12341
0 0.235394 0.815437 0.0527616 0.0239655 0.122795
0 0.829389 0.0719035 0.0381638 0.0218889 0.122748
0 0.703741 0.607537 0.0529501 0.0407538 0.122277
0 0.517165 0.00989507 0.0409706 0.0197901 0.121291
0 0.313677 0.426053 0.0632588 0.0280649 0.121212
0 0.79287 0.466057 0.0307211 0.0445265 0.121034
0 0.309029 0.657281 0.0540497 0.0182988 0.120969
0 0.555287 0.836145 0.0277045 0.0354084 0.1193
0 0.495666 0.650963 0.058606 0.047703 0.11869
0 0.318187 0.421543 0.0586805 0.0211943 0.117945
0 0.732137 0.934955 0.0376339 0.0397282 0.117766
0 0.834639 0.893575 0.0306137 0.0411831 0.117622
0 0.599744 0.656533 0.0529245 0.0492016 0.11702
0 0.669175 0.90046 0.0397325 0.0457279 0.116453
0 0.528163 0.779487 0.0399155 0.056518 0.115726
0 0.791888 0.828309 0.0389267 0.027033 0.114459
0 0.557595 0.836191 0.0247398 0.032618 0.114194
0 0.385747 0.513391 0.0574834 0.02639 0.113795
0 0.475914 0.580703 0.0573737 0.0563848 0.113055
0 0.517421 0.0107148 0.0457895 0.0214296 0.112311
0 0.920384 0.950436 0.0215487 0.0361912 0.111945
0 0.739353 0.381978 0.033003 0.068262 0.111879
0 0.597651 0.744719 0.0424109 0.050244 0.111739
0 0.324547 0.576212 0.0507907 0.0224096 0.111467
0 0.475444 0.530738 0.056551 0.0356125 0.111081
0 0.49276 0.709381 0.0213299 0.0254239 0.110612
0 0.272996 0.170784 0.056607 0.0171187 0.110585
0 0.455603 0.827057 0.0395925 0.0378498 0.110533
0 0.418759 0.767251 0.0510777 0.0410082 0.110514
0 0.310956 0.424417 0.0664802 0.0269367 0.109821
0 0.490754 0.722577 0.0253048 0.0301136 0.109383
0 0.773081 0.581122 0.0396664 0.0422104 0.109307
0 0.724746 0.832648 0.0356709 0.0335474 0.108634
0 0.386111 0.526648 0.057398 0.0248116 0.108261
0 0.343173 0.355207 0.0443476 0.0199805 0.107701
0 0.732652 0.932322 0.0345856 0.0423616 0.107459
0 0.781354 0.84636 0.0357573 0.0275208 0.107422
0 0.32227 0.572999 0.0519481 0.0213643 0.107311
0 0.236571 0.817427 0.0530635 0.0230703 0.106788
0 0.520402 0.00886496 0.04348 0.0177299 0.106369
0 0.646586 0.282262 0.0329308 0.0359938 0.106334
0 0.619961 0.778098 0.0541501 0.062167 0.106331
0 0.82588 0.747184 0.0567414 0.0788519 0.106164
0 0.850015 0.251963 0.0397812 0.0324225 0.105937
0 0.435142 0.316615 0.0504351 0.0311553 0.105649
0 0.314461 0.423277 0.0632637 0.0240929 0.105623
0 0.730151 0.260822 0.026967 0.0589304 0.105257
0 0.605671 0.737425 0.0242571 0.0450224 0.105135
0 0.721101 0.836012 0.0404947 0.0284309 0.104566
0 0.490848 0.719634 0.0235065 0.0294682 0.10455
0 0.618414 0.79107 0.0488933 0.0286695 0.103921
0 0.476272 0.535937 0.0534489 0.027816 0.103775
0 0.791152 0.479936 0.0558083 0.0428904 0.10364
0 0.340222 0.30348 0.0509339 0.0547833 0.103574
0 0.236562 0.81233 0.053425 0.0250404 0.10344
0 0.587783 0.751506 0.0425488 0.0402761 0.102171
0 0.542598 0.903601 0.0490444 0.0353859 0.101683
0 0.536941 0.0835745 0.0615995 0.0645721 0.101371
0 0.778216 0.664618 0.0315077 0.0628342 0.101278
0 0.498271 0.654027 0.0579012 0.0454017 0.101024
0 0.618009 0.447046 0.0458321 0.0568558 0.100239
