0 0.444722 0.48902 0.430023 0.0875764 0.638072
0 0.432608 0.299658 0.432467 0.0973064 0.62791
0 0.431513 0.573323 0.44554 0.09174 0.592311
0 0.424695 0.71723 0.425254 0.0733896 0.564939
0 0.438495 0.206526 0.435421 0.125369 0.558218
0 0.431986 0.577956 0.436664 0.0927181 0.515675
0 0.397551 0.923077 0.410225 0.0775539 0.495518
0 0.415277 0.789307 0.359935 0.0739536 0.48022
0 0.391749 0.407342 0.308836 0.0906833 0.399499
0 0.776237 0.482324 0.426845 0.073854 0.388644
0 0.436931 0.198102 0.437269 0.132953 0.369069
0 0.412327 0.654578 0.383358 0.0614527 0.362694
0 0.390012 0.414843 0.316076 0.07164 0.360847
0 0.402624 0.0543201 0.346673 0.086243 0.327534
0 0.429919 0.299865 0.44859 0.10676 0.320928
0 0.411307 0.647855 0.385876 0.070755 0.319463
0 0.415138 0.651132 0.376575 0.079852 0.318136
0 0.426856 0.722492 0.422399 0.0714178 0.306122
0 0.40835 0.858757 0.294252 0.0496712 0.30187
0 0.398444 0.0619125 0.340201 0.103905 0.297774
0 0.399055 0.0517291 0.347138 0.0743071 0.297132
0 0.409964 0.787167 0.362255 0.0669989 0.294154
0 0.443144 0.493337 0.433913 0.0872064 0.29183
0 0.416521 0.858638 0.292513 0.0528782 0.291697
0 0.771668 0.543675 0.433049 0.0819626 0.28262
0 0.409424 0.921596 0.395312 0.073193 0.28034
0 0.437333 0.585763 0.419428 0.0842983 0.275924
0 0.391591 0.976524 0.378802 0.0469519 0.274946
0 0.384205 0.40682 0.330506 0.101566 0.270985
0 0.491743 0.0528873 0.167951 0.0457514 0.257498
0 0.442807 0.112638 0.439732 0.0689049 0.251485
0 0.752467 0.406609 0.472183 0.106069 0.251028
0 0.411698 0.794368 0.347859 0.0822254 0.222714
0 0.438848 0.200469 0.44596 0.145201 0.212217
0 0.461005 0.85717 0.182425 0.0428682 0.21148
0 0.408987 0.661811 0.379758 0.0758484 0.209265
0 0.493923 0.0554221 0.160321 0.0480432 0.20569
0 0.41554 0.857228 0.298434 0.0582161 0.201987
0 0.412105 0.297738 0.462266 0.0922216 0.197611
0 0.413407 0.795817 0.352306 0.0628678 0.194232
0 0.399142 0.0543415 0.33859 0.0967836 0.192339
0 0.771752 0.477877 0.436561 0.0801188 0.19166
0 0.396163 0.970032 0.401933 0.0558027 0.189607
0 0.400128 0.080049 0.348981 0.121284 0.188666
0 0.432088 0.726052 0.409525 0.0643993 0.183315
0 0.770631 0.550703 0.444543 0.0884148 0.171949
0 0.414998 0.111282 0.37371 0.0671736 0.170029
0 0.387501 0.401691 0.301985 0.0969347 0.164985
0 0.440646 0.201194 0.423796 0.116324 0.162489
0 0.770465 0.401953 0.45907 0.125574 0.160775
0 0.495793 0.0484461 0.142824 0.0377042 0.154003
0 0.40503 0.0818796 0.356445 0.107176 0.14961
0 0.392095 0.416159 0.309069 0.0632203 0.138487
0 0.471227 0.487937 0.457067 0.0821341 0.137759
0 0.459123 0.856704 0.170218 0.0447163 0.133879
0 0.312498 0.653144 0.201844 0.0343777 0.132688
0 0.429332 0.569317 0.422629 0.0825661 0.128816
0 0.693946 0.977303 0.527341 0.0453941 0.126193
0 0.493156 0.0501321 0.147074 0.0386974 0.125293
0 0.749651 0.398421 0.500699 0.126836 0.124546
0 0.709616 0.978073 0.567188 0.0438549 0.124416
0 0.452494 0.856195 0.200147 0.0378656 0.12359
0 0.535586 0.305355 0.654083 0.1089 0.122536
0 0.453619 0.480655 0.420098 0.0810911 0.116095
0 0.300445 0.690688 0.205832 0.049748 0.113802
0 0.401608 0.977786 0.357864 0.0444289 0.111153
0 0.414713 0.848849 0.317872 0.0645931 0.106972
0 0.311258 0.653759 0.191327 0.0317675 0.105034
0 0.462415 0.860413 0.199455 0.046339 0.104304
0 0.422256 0.977343 0.448388 0.0453146 0.104043
0 0.376728 0.422629 0.355238 0.099427 0.103566
0 0.391 0.404321 0.30441 0.114506 0.100495
