0 0.649969 0.593261 0.0781872 0.0787104 0.658748
0 0.244306 0.46356 0.228887 0.0931448 0.546506
0 0.65913 0.690046 0.130429 0.0724579 0.509322
0 0.727926 0.288427 0.135989 0.0696145 0.41251
0 0.584013 0.594349 0.063911 0.0475559 0.376264
0 0.459784 0.917329 0.650839 0.163349 0.372262
0 0.631524 0.516259 0.0311686 0.0521599 0.368844
0 0.510502 0.662256 0.182144 0.0628663 0.328084
0 0.376014 0.176434 0.236471 0.118552 0.320221
0 0.715622 0.417471 0.0807905 0.0489645 0.288646
0 0.659818 0.692832 0.109928 0.0564301 0.249655
0 0.843215 0.444135 0.105293 0.0378813 0.248165
0 0.766007 0.533546 0.127577 0.0449738 0.229683
0 0.452896 0.772189 0.201144 0.0903895 0.213367
0 0.709351 0.463965 0.0641985 0.040286 0.212798
0 0.420199 0.783922 0.107719 0.0446124 0.207443
0 0.732373 0.36567 0.115865 0.064629 0.205899
0 0.655882 0.596593 0.0635263 0.0533733 0.203186
