0 0.835823 0.504746 0.0820248 0.289455 0.779891
0 0.334336 0.459453 0.0614093 0.202831 0.766579
0 0.194187 0.461839 0.0466467 0.214421 0.746281
0 0.834942 0.506053 0.0906824 0.293389 0.736248
0 0.145243 0.470839 0.0494068 0.200958 0.717862
0 0.830082 0.505124 0.0971076 0.294335 0.659754
0 0.0907424 0.471897 0.0456436 0.199296 0.651253
0 0.194335 0.45481 0.0437165 0.202887 0.644205
0 0.334296 0.453487 0.0531855 0.200401 0.631255
0 0.938618 0.50559 0.0847057 0.207614 0.608597
0 0.14738 0.478052 0.0529071 0.176958 0.553079
0 0.549081 0.614936 0.103194 0.239367 0.551591
0 0.0887059 0.465742 0.0423238 0.193998 0.507724
0 0.330176 0.457089 0.0743047 0.200504 0.483014
0 0.19293 0.460667 0.0401092 0.198806 0.474042
0 0.622125 0.497117 0.0760549 0.203581 0.448247
0 0.335144 0.453235 0.049801 0.190617 0.437288
0 0.845456 0.512601 0.0588287 0.250638 0.420527
0 0.333616 0.458704 0.0475995 0.184925 0.411572
0 0.621011 0.498659 0.0843947 0.199331 0.391736
0 0.329197 0.460455 0.079634 0.207895 0.384855
0 0.198549 0.459423 0.0563348 0.219248 0.372767
0 0.148303 0.46506 0.0555002 0.207211 0.354361
0 0.14392 0.479191 0.0447717 0.173157 0.335882
0 0.628638 0.507536 0.0633465 0.177166 0.313421
0 0.943474 0.504325 0.0826279 0.213626 0.310243
0 0.951449 0.506804 0.0748022 0.209261 0.309443
0 0.618099 0.496284 0.0937985 0.202982 0.298385
0 0.551594 0.621184 0.114232 0.231888 0.289103
0 0.622559 0.56431 0.0748629 0.35407 0.285252
0 0.836735 0.512696 0.062336 0.249737 0.275808
0 0.931374 0.505789 0.0700077 0.208585 0.275752
0 0.979945 0.491566 0.040111 0.236339 0.250895
0 0.626232 0.51339 0.0649294 0.189776 0.23308
0 0.0855365 0.465808 0.0464573 0.192175 0.232476
0 0.52997 0.389888 0.0288494 0.0767483 0.229794
0 0.147898 0.470791 0.0495986 0.186742 0.225935
0 0.331613 0.455579 0.0522946 0.201154 0.22524
0 0.8508 0.511553 0.0478399 0.253006 0.22449
0 0.333731 0.458873 0.0683955 0.210809 0.219038
0 0.944954 0.494335 0.0849844 0.235465 0.214821
0 0.621165 0.558172 0.0807693 0.343609 0.195761
0 0.145165 0.479977 0.0403926 0.17704 0.192706
0 0.960657 0.507757 0.0667254 0.214878 0.191733
0 0.55287 0.603711 0.107899 0.266257 0.180054
0 0.835768 0.508238 0.0690418 0.297621 0.173208
0 0.192945 0.459765 0.0528065 0.221006 0.160013
0 0.0876293 0.468076 0.0381367 0.183457 0.159362
0 0.335002 0.454235 0.0464766 0.181915 0.154818
0 0.553338 0.388934 0.0267156 0.0724904 0.151244
0 0.142977 0.479458 0.0402275 0.171015 0.147673
0 0.630889 0.499117 0.0576172 0.168878 0.143184
0 0.978915 0.473309 0.0421697 0.271838 0.142755
0 0.844388 0.50065 0.0581114 0.248544 0.136928
0 0.937848 0.500325 0.0613117 0.201037 0.133633
0 0.556219 0.581652 0.106159 0.308091 0.126479
0 0.935348 0.50487 0.0766434 0.215983 0.121658
0 0.623262 0.476801 0.0955551 0.239439 0.11878
0 0.0590194 0.472317 0.03412 0.195331 0.115554
0 0.530144 0.391606 0.0307911 0.0818809 0.114995
0 0.93183 0.503045 0.0612324 0.190165 0.114969
0 0.0399205 0.472702 0.050127 0.196938 0.105551
0 0.978885 0.445235 0.0410976 0.338036 0.102879
0 0.547455 0.388959 0.0331072 0.0753712 0.101231
