0 0.159447 0.59441 0.02833 0.0738625 0.702901
0 0.582798 0.853789 0.0272804 0.080006 0.69693
0 0.494453 0.551132 0.0222742 0.0808523 0.673619
0 0.271766 0.5237 0.0320063 0.0915207 0.663566
0 0.520579 0.578665 0.020226 0.0637068 0.611085
0 0.065591 0.210899 0.0355139 0.10645 0.59676
0 0.546458 0.952676 0.0301559 0.0816196 0.5624
0 0.756794 0.922315 0.0203011 0.0610573 0.552922
0 0.61699 0.698635 0.0453028 0.128526 0.549087
0 0.693888 0.431671 0.0265083 0.0821949 0.546257
0 0.363881 0.516526 0.0298898 0.0780239 0.535782
0 0.262045 0.687998 0.0352215 0.102143 0.535658
0 0.296829 0.673845 0.0305887 0.0727766 0.534162
0 0.205723 0.415232 0.0461645 0.108759 0.525863
0 0.211801 0.780041 0.0325519 0.111866 0.505829
0 0.384742 0.522474 0.027758 0.0827685 0.502425
0 0.619416 0.907546 0.0225358 0.0713371 0.479697
0 0.0896398 0.64202 0.0255918 0.0871129 0.464987
0 0.369859 0.707884 0.0201104 0.064414 0.461334
0 0.13508 0.624008 0.022105 0.0780849 0.449798
0 0.661124 0.946938 0.0269234 0.087323 0.44375
0 0.431762 0.877688 0.0247747 0.0659283 0.432827
0 0.567048 0.588141 0.0242186 0.0911467 0.404092
0 0.458833 0.674667 0.0260943 0.0813707 0.384
0 0.0386438 0.206352 0.0324568 0.0995911 0.360923
0 0.56249 0.525163 0.0319799 0.0622768 0.35513
0 0.618172 0.909078 0.031218 0.0756603 0.349584
0 0.437308 0.913587 0.0382199 0.138237 0.343471
0 0.704803 0.964583 0.025986 0.0708347 0.328578
0 0.304815 0.758773 0.0278812 0.0600666 0.313335
0 0.0686942 0.548133 0.0417507 0.0903856 0.296704
0 0.683957 0.941139 0.0254761 0.0695427 0.292738
0 0.615342 0.902274 0.0255575 0.060146 0.290302
0 0.249431 0.772727 0.0215271 0.0453761 0.286004
0 0.740044 0.9449 0.0189413 0.0804901 0.268877
0 0.490769 0.549659 0.0228694 0.0773119 0.267294
0 0.0714896 0.650492 0.025939 0.0897255 0.240511
0 0.758846 0.937936 0.0258011 0.093544 0.239092
0 0.778017 0.975572 0.0240223 0.0483892 0.235724
0 0.553731 0.955968 0.0388157 0.0849361 0.226798
0 0.564254 0.95694 0.0286329 0.0832626 0.209816
0 0.697707 0.882601 0.036544 0.0842882 0.209754
0 0.412647 0.765024 0.0334537 0.0924837 0.206583
0 0.210858 0.763841 0.0306263 0.0687551 0.205875
0 0.0366186 0.67536 0.0355204 0.0839159 0.204584
