0 0.202942 0.306917 0.113397 0.408072 0.777905
0 0.202283 0.302588 0.106664 0.433988 0.723574
0 0.60727 0.396963 0.0628044 0.250148 0.694775
0 0.358669 0.362181 0.0523475 0.299122 0.665591
0 0.608117 0.396631 0.0552816 0.233177 0.66151
0 0.763618 0.426885 0.046109 0.18967 0.657946
0 0.35427 0.361801 0.0547197 0.301133 0.619224
0 0.283363 0.412633 0.0483447 0.19585 0.605819
0 0.607295 0.378333 0.0634527 0.286372 0.603153
0 0.0657077 0.466932 0.0552777 0.16339 0.602974
0 0.362767 0.357777 0.0526117 0.306689 0.600161
0 0.196123 0.298914 0.114949 0.416749 0.595771
0 0.717258 0.392708 0.0503948 0.259511 0.593581
0 0.762952 0.420133 0.0428842 0.206211 0.591157
0 0.282406 0.389802 0.0513521 0.243922 0.587412
0 0.0632934 0.457248 0.0672264 0.179387 0.582443
0 0.761489 0.425261 0.0449821 0.193319 0.554326
0 0.714127 0.386213 0.0585176 0.268747 0.542154
0 0.147815 0.591286 0.0590652 0.100134 0.529521
0 0.342831 0.36417 0.0676145 0.295414 0.518165
0 0.606747 0.389335 0.0660072 0.260202 0.514099
0 0.202555 0.307365 0.0973477 0.443821 0.502175
0 0.350173 0.362043 0.060687 0.301172 0.499154
0 0.686296 0.384512 0.0352119 0.272763 0.485424
0 0.211456 0.726782 0.0619142 0.109936 0.467655
0 0.197029 0.296266 0.128525 0.423753 0.455582
0 0.663987 0.409865 0.0418242 0.226821 0.439247
0 0.282992 0.358209 0.0591021 0.309917 0.43918
0 0.335396 0.361979 0.0565532 0.299324 0.437923
0 0.606711 0.380985 0.069711 0.274386 0.433377
0 0.467847 0.274429 0.083246 0.49195 0.413796
0 0.718626 0.391951 0.0432766 0.258617 0.412106
0 0.605413 0.395138 0.0557251 0.22781 0.411209
0 0.665349 0.393441 0.0442616 0.254144 0.396366
0 0.407984 0.343652 0.0581382 0.332206 0.39275
0 0.463523 0.283461 0.0700919 0.478436 0.380106
0 0.477679 0.336831 0.127877 0.649122 0.367693
0 0.760978 0.425415 0.0409473 0.19581 0.363405
0 0.329293 0.360308 0.0510575 0.301695 0.35194
0 0.803423 0.899908 0.0520721 0.129421 0.34468
0 0.474564 0.276042 0.102511 0.491713 0.32588
0 0.400802 0.350608 0.052145 0.3209 0.316292
0 0.359276 0.37567 0.050403 0.253701 0.314029
0 0.397586 0.350681 0.0452694 0.321264 0.291454
0 0.843094 0.515741 0.117908 0.748661 0.265712
0 0.060987 0.453817 0.0767677 0.188291 0.261361
0 0.795262 0.427314 0.0368571 0.182666 0.258129
0 0.762457 0.39313 0.0426591 0.267294 0.254396
0 0.686939 0.326556 0.0383641 0.127692 0.249684
0 0.360659 0.383536 0.0510904 0.246794 0.248291
0 0.845121 0.382964 0.106496 0.491517 0.248048
0 0.460959 0.331486 0.0625953 0.346741 0.247915
0 0.324857 0.421212 0.043573 0.167785 0.244817
0 0.974363 0.464121 0.0501265 0.271551 0.242439
0 0.400183 0.375645 0.0453271 0.256897 0.239707
0 0.662457 0.411308 0.0354767 0.21939 0.235436
0 0.607763 0.392241 0.0497658 0.239631 0.229295
0 0.795279 0.426728 0.0338198 0.168265 0.22725
0 0.885508 0.559299 0.0604797 0.231631 0.226388
0 0.0674293 0.457501 0.0714902 0.17744 0.2219
0 0.284423 0.412769 0.042095 0.186524 0.211192
0 0.66057 0.430534 0.0381263 0.192947 0.208557
0 0.846786 0.401259 0.112215 0.507073 0.199716
0 0.971119 0.459239 0.0564964 0.264692 0.196381
0 0.806391 0.90052 0.0587912 0.128825 0.192701
0 0.71413 0.399648 0.0501198 0.253082 0.192012
0 0.688097 0.390916 0.0384469 0.256409 0.185149
0 0.761176 0.423742 0.0353722 0.187564 0.183861
0 0.661402 0.423856 0.0357817 0.193264 0.183281
0 0.871982 0.567715 0.148449 0.851262 0.182569
0 0.347763 0.363731 0.0682116 0.304498 0.177004
0 0.147907 0.595386 0.0572576 0.106485 0.176954
0 0.795026 0.412202 0.0311127 0.13239 0.173895
0 0.686873 0.318611 0.0367779 0.156308 0.171086
0 0.84884 0.297627 0.0707691 0.314107 0.166247
0 0.660636 0.42186 0.0350251 0.175225 0.161586
0 0.469303 0.27099 0.0929203 0.498467 0.160704
0 0.408629 0.34644 0.0638788 0.327888 0.158437
0 0.8425 0.360339 0.0971359 0.449883 0.155035
0 0.687508 0.332182 0.0387812 0.13568 0.152023
0 0.863248 0.571634 0.148636 0.856731 0.148539
0 0.533258 0.406855 0.045719 0.119889 0.147403
0 0.664212 0.424617 0.0420368 0.196153 0.144139
0 0.477593 0.383505 0.131403 0.741194 0.143269
0 0.850377 0.551407 0.132284 0.827144 0.143075
0 0.686396 0.344875 0.0392715 0.167207 0.139147
0 0.849653 0.406774 0.122364 0.515743 0.138481
0 0.882736 0.564482 0.0640059 0.241056 0.137304
0 0.207677 0.579906 0.0479212 0.0826685 0.136449
0 0.727015 0.437804 0.0419124 0.165462 0.135887
0 0.845912 0.303649 0.0805347 0.329028 0.134498
0 0.66141 0.425742 0.0308525 0.180538 0.134386
0 0.690442 0.401574 0.0380211 0.254443 0.134253
0 0.205586 0.581087 0.0484625 0.0827593 0.132968
0 0.718881 0.378771 0.0403057 0.240727 0.131857
0 0.283921 0.419426 0.0395223 0.193675 0.124158
0 0.687656 0.378126 0.0444813 0.288461 0.123112
0 0.725388 0.396827 0.0414104 0.247605 0.122652
0 0.843193 0.313296 0.09084 0.352041 0.12258
0 0.405895 0.368724 0.0509588 0.246692 0.121297
0 0.84121 0.538014 0.0606083 0.227091 0.119795
0 0.660541 0.460842 0.0286797 0.103813 0.119247
0 0.605882 0.397088 0.0693902 0.292428 0.118682
0 0.456834 0.460177 0.0262189 0.0786853 0.116038
0 0.285801 0.417856 0.0445315 0.192409 0.110323
0 0.663097 0.425103 0.0339558 0.187858 0.108593
0 0.530199 0.417746 0.0429419 0.14123 0.107821
0 0.962836 0.651401 0.0724289 0.684083 0.105769
0 0.660551 0.384103 0.0324874 0.0967024 0.105114
0 0.209652 0.728823 0.0546448 0.106823 0.104977
0 0.457679 0.45755 0.0250801 0.0833453 0.102916
0 0.879703 0.573868 0.156898 0.82192 0.101494
0 0.530381 0.410706 0.0394053 0.127454 0.101093
0 0.512209 0.331684 0.0529308 0.372398 0.100885
