0 0.821872 0.558946 0.272888 0.882107 0.308357
0 0.561548 0.25575 0.217212 0.35919 0.277022
0 0.825484 0.483971 0.272713 0.797291 0.258184
0 0.608754 0.537162 0.324092 0.925676 0.220332
0 0.8319 0.514167 0.289012 0.928065 0.212951
0 0.575456 0.259398 0.245211 0.365912 0.196691
0 0.560599 0.249011 0.185708 0.341677 0.192485
0 0.587009 0.324532 0.298907 0.497898 0.188184
0 0.835469 0.465619 0.28679 0.869338 0.179504
0 0.561847 0.268097 0.232818 0.370163 0.170648
0 0.579493 0.247583 0.223741 0.344374 0.164537
0 0.945291 0.526526 0.106547 0.946949 0.15712
0 0.828923 0.444781 0.273367 0.774267 0.156548
0 0.832819 0.545316 0.255088 0.909368 0.15603
0 0.583699 0.384522 0.334882 0.618686 0.137486
0 0.597711 0.486972 0.325523 0.83339 0.13231
0 0.584396 0.260906 0.301217 0.390935 0.119666
0 0.545187 0.25036 0.17992 0.344746 0.113227
0 0.942557 0.593321 0.11164 0.799371 0.113034
0 0.591188 0.446448 0.3345 0.74593 0.107394
0 0.550026 0.248451 0.152944 0.335096 0.1024
0 0.327692 0.2079 0.207534 0.364519 0.101596
0 0.264579 0.471575 0.470521 0.903618 0.100201
