0 0.277457 0.196214 0.0530539 0.191568 0.630937
0 0.277532 0.208023 0.0517195 0.208959 0.60702
0 0.379026 0.201501 0.055977 0.205141 0.604132
0 0.938176 0.173698 0.0693972 0.19849 0.580246
0 0.279443 0.200432 0.047545 0.2131 0.511365
0 0.94254 0.176357 0.0658474 0.188774 0.511241
0 0.381814 0.206954 0.0596284 0.198514 0.47355
0 0.938925 0.17382 0.0673977 0.183589 0.4392
0 0.942325 0.174294 0.0713095 0.197134 0.40261
0 0.275503 0.210235 0.0581654 0.215981 0.375089
0 0.280823 0.19609 0.0467706 0.186914 0.374515
0 0.379655 0.203201 0.0584781 0.18802 0.320758
0 0.378867 0.203102 0.0637763 0.194132 0.314995
0 0.278673 0.194606 0.0499298 0.181815 0.270228
0 0.382459 0.2014 0.0556924 0.185934 0.242009
0 0.940452 0.17591 0.0777676 0.191736 0.206794
0 0.27936 0.201875 0.039687 0.211412 0.177787
0 0.279717 0.209939 0.0624121 0.220447 0.156062
0 0.925949 0.175617 0.10338 0.188252 0.10328
