0 0.85919 0.527719 0.113383 0.443691 0.579287
0 0.86365 0.535222 0.109457 0.449257 0.534977
0 0.322992 0.517814 0.104823 0.444128 0.532455
0 0.7052 0.531644 0.112512 0.444489 0.529401
0 0.31826 0.519721 0.102817 0.451141 0.505636
0 0.951446 0.517715 0.0971085 0.432013 0.46991
0 0.410315 0.509496 0.112158 0.473402 0.465019
0 0.204927 0.548976 0.108242 0.447987 0.445337
0 0.0916233 0.512805 0.0872822 0.371513 0.439337
0 0.63204 0.50999 0.059634 0.438573 0.430711
0 0.211828 0.547541 0.0954435 0.447945 0.43022
0 0.580818 0.533925 0.0694563 0.385863 0.422342
0 0.864938 0.52331 0.115641 0.429862 0.420891
0 0.582246 0.539026 0.0757046 0.3935 0.419798
0 0.856481 0.539289 0.0857876 0.449729 0.418897
0 0.404158 0.520569 0.104459 0.437526 0.415068
0 0.0916942 0.541867 0.0876239 0.427537 0.408631
0 0.0889101 0.523232 0.0811379 0.391409 0.408532
0 0.700032 0.525342 0.0992443 0.439326 0.408449
0 0.70705 0.531993 0.104243 0.459315 0.407098
0 0.0623803 0.332257 0.072856 0.149526 0.406167
0 0.582212 0.53627 0.0827788 0.402923 0.400694
0 0.219937 0.323755 0.0534572 0.100638 0.396844
0 0.221094 0.33189 0.0557243 0.1207 0.396031
0 0.0317917 0.57502 0.061603 0.496962 0.390512
0 0.0585488 0.333497 0.0676026 0.150469 0.384642
0 0.133818 0.344624 0.0698055 0.178503 0.38355
0 0.323669 0.521993 0.0898191 0.46117 0.380719
0 0.577935 0.512019 0.0651009 0.333292 0.38018
0 0.557308 0.331181 0.0461681 0.0876841 0.379326
0 0.128793 0.338699 0.0624182 0.165267 0.377433
0 0.69399 0.530508 0.0907662 0.45555 0.370252
0 0.559999 0.324322 0.0434711 0.0661126 0.358312
0 0.0609336 0.331572 0.0673026 0.144969 0.356185
0 0.12707 0.334773 0.0587113 0.156586 0.354865
0 0.719382 0.304652 0.0565676 0.0756371 0.351605
0 0.836656 0.345894 0.0392937 0.0940636 0.339192
0 0.209301 0.535757 0.0933622 0.424338 0.338594
0 0.630437 0.500705 0.0637835 0.436431 0.337221
0 0.136294 0.348319 0.081494 0.179908 0.336611
0 0.634138 0.514977 0.0536413 0.459147 0.335336
0 0.024762 0.582291 0.0495239 0.496318 0.334074
0 0.125198 0.331639 0.05885 0.147278 0.330586
0 0.556251 0.346898 0.0463981 0.114494 0.328811
0 0.223661 0.338998 0.0550737 0.141938 0.326896
0 0.577348 0.53759 0.0730874 0.401642 0.314234
0 0.835223 0.342824 0.0386238 0.0886431 0.310602
0 0.0357172 0.57875 0.0710482 0.501081 0.309947
0 0.217957 0.318743 0.051332 0.0899207 0.303849
0 0.0303806 0.562071 0.0607611 0.469888 0.303818
0 0.131161 0.341471 0.0740103 0.168895 0.301197
0 0.207521 0.526695 0.0870258 0.406854 0.299238
0 0.83467 0.34383 0.041324 0.0953878 0.294081
0 0.0610257 0.335149 0.0780924 0.16371 0.290097
0 0.700039 0.518979 0.0927088 0.414945 0.285264
0 0.129302 0.35689 0.0816519 0.206991 0.267448
0 0.0262389 0.565454 0.0524779 0.477856 0.26715
0 0.621111 0.526127 0.0542513 0.403752 0.266183
0 0.559282 0.330907 0.047584 0.0805388 0.265375
0 0.863488 0.518603 0.100573 0.424661 0.264579
0 0.575926 0.505429 0.0609236 0.320101 0.255722
0 0.581712 0.509288 0.0705912 0.330541 0.253348
0 0.720592 0.30734 0.0604237 0.0915298 0.251357
0 0.857571 0.535652 0.0990984 0.450003 0.251153
0 0.0568702 0.334256 0.059139 0.144 0.244543
0 0.409758 0.514531 0.111505 0.426422 0.240856
0 0.0574177 0.329365 0.056416 0.136947 0.23786
0 0.0192614 0.584356 0.0385227 0.498275 0.234877
0 0.631708 0.500564 0.0629357 0.363971 0.23261
0 0.601124 0.531185 0.0667267 0.416096 0.231796
0 0.629449 0.476731 0.0669727 0.399727 0.219454
0 0.0894746 0.551727 0.0768843 0.449421 0.213918
0 0.417325 0.521525 0.131598 0.446251 0.212547
0 0.560301 0.327057 0.0441759 0.0815855 0.21224
0 0.408469 0.527633 0.0965411 0.454165 0.205471
0 0.423848 0.308043 0.0535012 0.107336 0.199938
0 0.903868 0.347533 0.0427135 0.121345 0.19967
0 0.0286748 0.580081 0.0573496 0.490347 0.193066
0 0.138403 0.350416 0.0700868 0.191652 0.189748
0 0.217414 0.32413 0.0563708 0.105265 0.188974
0 0.404423 0.504037 0.0939788 0.427614 0.187602
0 0.725288 0.531633 0.0684972 0.460476 0.18485
0 0.148925 0.5216 0.0581046 0.391433 0.184678
0 0.421719 0.30956 0.0586052 0.117867 0.182146
0 0.833909 0.343384 0.0380209 0.0923668 0.181773
0 0.417763 0.333931 0.0675849 0.172213 0.177846
0 0.954767 0.423772 0.0652939 0.243604 0.176644
0 0.419667 0.318959 0.0617326 0.135801 0.174397
0 0.217236 0.317617 0.0465415 0.0851532 0.174063
0 0.0557934 0.348096 0.0698832 0.173372 0.172671
0 0.124048 0.324683 0.0567636 0.129867 0.171291
0 0.284256 0.398623 0.0545873 0.210695 0.168537
0 0.958 0.525806 0.0807035 0.424527 0.167925
0 0.139684 0.353301 0.0788329 0.195908 0.166486
0 0.717735 0.31973 0.0604121 0.11264 0.166318
0 0.12638 0.334486 0.0651831 0.154672 0.163422
0 0.499604 0.383186 0.0644957 0.180241 0.163057
0 0.0158656 0.331673 0.0317312 0.114739 0.158371
0 0.327805 0.505695 0.0823702 0.422942 0.157059
0 0.711167 0.526979 0.0992985 0.443041 0.152122
0 0.123396 0.316675 0.057793 0.117284 0.151623
0 0.90473 0.343468 0.0425522 0.117114 0.150376
0 0.95311 0.420066 0.0592691 0.23456 0.149603
0 0.837964 0.344459 0.0368597 0.0886049 0.14608
0 0.0172467 0.350702 0.0344934 0.173326 0.144968
0 0.420929 0.310043 0.0586347 0.105323 0.144565
0 0.125729 0.350338 0.0809722 0.192483 0.143202
0 0.982097 0.517076 0.0356068 0.428227 0.141158
0 0.0558433 0.329063 0.048598 0.131796 0.140555
0 0.218582 0.335764 0.0619901 0.136553 0.139261
0 0.210695 0.545155 0.117555 0.463875 0.136485
0 0.373825 0.364284 0.0452909 0.123809 0.136292
0 0.01528 0.324448 0.0301296 0.0970046 0.136259
0 0.372864 0.368189 0.0445819 0.119956 0.13389
0 0.125421 0.344139 0.0733397 0.183818 0.13359
0 0.410534 0.490981 0.108385 0.413643 0.128337
0 0.0165654 0.349756 0.0331307 0.158371 0.128174
0 0.388276 0.525078 0.0724883 0.454783 0.127617
0 0.206844 0.556275 0.0790786 0.459951 0.126877
0 0.873049 0.535346 0.0820831 0.445125 0.126827
0 0.499089 0.378299 0.0580673 0.166591 0.125891
0 0.211573 0.534202 0.105873 0.428702 0.124298
0 0.285183 0.381213 0.0537652 0.169295 0.121627
0 0.458546 0.352617 0.0489836 0.117242 0.121508
0 0.904625 0.346221 0.0485313 0.129808 0.121474
0 0.229371 0.342201 0.0468754 0.155565 0.118665
0 0.45852 0.358317 0.0461637 0.125626 0.118041
0 0.419706 0.321686 0.0649101 0.150648 0.116977
0 0.425287 0.306916 0.049954 0.099495 0.115511
0 0.0230441 0.558256 0.0460882 0.459795 0.114148
0 0.579974 0.380964 0.0481489 0.0818082 0.113529
0 0.859634 0.509712 0.0883858 0.406746 0.112057
0 0.953974 0.405262 0.060219 0.196292 0.111858
0 0.228142 0.341466 0.0529072 0.151274 0.111694
0 0.903327 0.363502 0.0436161 0.146727 0.111315
0 0.499928 0.39025 0.0576145 0.187895 0.110713
0 0.615716 0.322065 0.0485575 0.0831635 0.110677
0 0.578203 0.381667 0.0491955 0.0867316 0.110492
0 0.45893 0.365275 0.042459 0.139013 0.11008
0 0.596744 0.533766 0.0718241 0.415728 0.10973
0 0.0659026 0.33327 0.0774692 0.158635 0.109421
0 0.740542 0.358673 0.0412196 0.0925388 0.108878
0 0.552479 0.352175 0.0421093 0.120475 0.108763
0 0.558784 0.978167 0.658467 0.0435532 0.105477
0 0.954688 0.509189 0.0868298 0.424393 0.105226
0 0.834961 0.346718 0.0419014 0.111015 0.104041
0 0.0170765 0.359898 0.0338623 0.154955 0.103458
0 0.496641 0.437981 0.0547205 0.291373 0.103232
0 0.738628 0.337674 0.0375498 0.149873 0.1024
0 0.206266 0.505138 0.0858315 0.363243 0.102073
0 0.792013 0.460369 0.0573803 0.308392 0.101767
0 0.49393 0.457602 0.0668131 0.331019 0.101404
0 0.123312 0.311464 0.0542017 0.100975 0.100899
0 0.135774 0.367687 0.0889344 0.234884 0.100639
0 0.0605099 0.33845 0.0844811 0.168836 0.100234
0 0.797803 0.45776 0.058449 0.30352 0.100086
