0 0.570753 0.430097 0.42979 0.108407 0.598201
0 0.530969 0.578442 0.425739 0.0887989 0.458232
0 0.518104 0.57599 0.386594 0.0785979 0.423184
0 0.570785 0.423528 0.442916 0.0986516 0.402494
0 0.575364 0.234551 0.474195 0.105648 0.397596
0 0.295637 0.902918 0.227894 0.0631216 0.380554
0 0.26165 0.784633 0.280839 0.0853928 0.365726
0 0.592367 0.514422 0.500939 0.10597 0.361533
0 0.573032 0.0702701 0.5361 0.138207 0.358826
0 0.553526 0.631382 0.443996 0.0768597 0.353683
0 0.29643 0.902702 0.237899 0.0683224 0.349606
0 0.659901 0.803439 0.402231 0.0736782 0.340679
0 0.584463 0.817924 0.508149 0.0971666 0.338339
0 0.554624 0.23691 0.472299 0.0960572 0.332591
0 0.2604 0.791103 0.276371 0.0923982 0.327386
0 0.540833 0.629561 0.438507 0.0824159 0.324927
0 0.567523 0.167358 0.425716 0.0857015 0.317645
0 0.595057 0.519703 0.490723 0.10468 0.313736
0 0.278284 0.246891 0.263277 0.0831349 0.297171
0 0.550084 0.584296 0.476904 0.091967 0.295353
0 0.608777 0.516856 0.468895 0.110361 0.291435
0 0.625046 0.807631 0.475037 0.0829582 0.286562
0 0.644882 0.804389 0.439642 0.0791197 0.275272
0 0.562981 0.327961 0.455649 0.112185 0.27011
0 0.557488 0.237834 0.423392 0.0912465 0.267987
0 0.581616 0.170169 0.392801 0.0731607 0.266975
0 0.230733 0.706803 0.309586 0.117629 0.265166
0 0.274517 0.851572 0.247097 0.0712822 0.264318
0 0.260274 0.800169 0.271587 0.0812668 0.261534
0 0.570283 0.81823 0.465058 0.090281 0.261491
0 0.427723 0.325962 0.198816 0.0703438 0.261366
0 0.552002 0.16826 0.452097 0.093537 0.261142
0 0.678593 0.804653 0.367217 0.0711187 0.260928
0 0.550147 0.818549 0.424291 0.0883033 0.256527
0 0.504982 0.577845 0.423671 0.0691579 0.252156
0 0.56039 0.227828 0.459642 0.111681 0.245923
0 0.616206 0.813022 0.52243 0.089282 0.244815
0 0.601512 0.713012 0.514198 0.131157 0.241042
0 0.594533 0.717921 0.532222 0.136504 0.240167
0 0.505088 0.745492 0.35552 0.0791214 0.232856
0 0.559587 0.429375 0.472106 0.107314 0.230907
0 0.583503 0.512785 0.539833 0.0980659 0.229253
0 0.567778 0.632327 0.560952 0.0722221 0.229071
0 0.563662 0.325803 0.488795 0.111692 0.228731
0 0.599411 0.81958 0.520519 0.10506 0.228487
0 0.559696 0.429583 0.432819 0.0998529 0.223908
0 0.420793 0.329333 0.215927 0.0695523 0.223315
0 0.561251 0.33089 0.467834 0.124174 0.223031
0 0.255073 0.765089 0.307225 0.0629609 0.221333
0 0.556034 0.314596 0.485785 0.0989485 0.219461
0 0.261684 0.796501 0.273836 0.101798 0.2183
0 0.290582 0.0360805 0.493592 0.0721611 0.209519
0 0.588079 0.823671 0.517163 0.102866 0.208365
0 0.275755 0.855598 0.243017 0.0675888 0.205187
0 0.588647 0.91105 0.528863 0.125364 0.203143
0 0.625218 0.744014 0.47445 0.0904078 0.201264
0 0.252802 0.768913 0.303115 0.0681795 0.201148
0 0.308119 0.0365099 0.543119 0.0730197 0.198214
0 0.282505 0.250814 0.274752 0.0748913 0.194831
0 0.666806 0.686645 0.380511 0.0769647 0.192575
0 0.553134 0.822855 0.435403 0.0943309 0.189443
0 0.670977 0.744443 0.394983 0.07981 0.188023
0 0.543919 0.685347 0.478966 0.0750998 0.187964
0 0.266512 0.843165 0.270178 0.0814194 0.187685
0 0.519011 0.57903 0.414405 0.0642611 0.187582
0 0.262212 0.809016 0.279488 0.0697226 0.186715
0 0.601919 0.631439 0.594931 0.0722019 0.186459
0 0.564606 0.101455 0.522422 0.145451 0.184624
0 0.561645 0.245441 0.416236 0.0871252 0.1844
0 0.586254 0.424824 0.502711 0.100487 0.178463
0 0.573648 0.822636 0.476929 0.0982158 0.177438
0 0.529516 0.82015 0.382162 0.0878098 0.17594
0 0.247486 0.705908 0.348289 0.116371 0.175322
0 0.544785 0.748277 0.450213 0.0802614 0.174017
0 0.262576 0.843711 0.260525 0.073782 0.173692
0 0.503745 0.959729 0.419815 0.0739479 0.17296
0 0.556322 0.57266 0.483579 0.0875584 0.171063
0 0.230487 0.708486 0.314494 0.106259 0.16856
0 0.584119 0.522482 0.531761 0.0934734 0.167135
0 0.5866 0.420102 0.496359 0.0911511 0.1667
0 0.554773 0.172591 0.444157 0.0962621 0.166125
0 0.625963 0.518649 0.440985 0.108793 0.164326
0 0.574903 0.0805428 0.544231 0.151245 0.164099
0 0.40237 0.514351 0.186318 0.0728363 0.16324
0 0.625096 0.687859 0.460228 0.0911694 0.163131
0 0.512229 0.744025 0.407807 0.0783409 0.162879
0 0.287494 0.70827 0.441186 0.09991 0.162229
0 0.650564 0.745344 0.435319 0.0857869 0.161563
0 0.562964 0.313752 0.54501 0.0961741 0.161073
0 0.503955 0.898745 0.383562 0.0828136 0.159312
0 0.644478 0.512821 0.398281 0.0955155 0.15802
0 0.556079 0.981945 0.516174 0.0342125 0.155455
0 0.580067 0.247039 0.486697 0.098056 0.155044
0 0.528876 0.684298 0.432386 0.0746458 0.153446
0 0.0242175 0.0421948 0.0484351 0.0843895 0.15295
0 0.536408 0.980798 0.49651 0.0368885 0.152832
0 0.57526 0.514676 0.530246 0.124106 0.14791
0 0.558373 0.247217 0.485949 0.0901821 0.147571
0 0.551728 0.177196 0.47961 0.104691 0.145957
0 0.566099 0.510816 0.503647 0.111515 0.145304
0 0.628514 0.962067 0.522708 0.0758656 0.145271
0 0.580605 0.982089 0.516875 0.0336304 0.144563
0 0.56043 0.686914 0.492268 0.0790151 0.143633
0 0.59244 0.428047 0.373316 0.0920647 0.142179
0 0.293614 0.901426 0.252315 0.0810886 0.14201
0 0.230596 0.541585 0.460332 0.213084 0.140627
0 0.540083 0.958373 0.515872 0.0790813 0.139695
0 0.562237 0.50541 0.509735 0.10543 0.138807
0 0.647738 0.685509 0.424314 0.0833145 0.136423
0 0.584024 0.98244 0.56843 0.0328518 0.13576
0 0.689376 0.745309 0.357017 0.0786846 0.135414
0 0.480811 0.959819 0.375119 0.0727905 0.134001
0 0.527957 0.959809 0.46241 0.0746494 0.133709
0 0.367841 0.576515 0.110788 0.0394893 0.131612
0 0.533524 0.574646 0.443235 0.0775101 0.131224
0 0.280943 0.246353 0.270362 0.0720666 0.131123
0 0.684764 0.687954 0.348308 0.0731688 0.130764
0 0.631036 0.882541 0.48231 0.114813 0.130724
0 0.609583 0.741356 0.520567 0.0913263 0.130585
0 0.25502 0.773944 0.295485 0.0795377 0.127012
0 0.528781 0.894943 0.423902 0.0843317 0.12621
0 0.311782 0.0373126 0.620961 0.0742375 0.123549
0 0.52928 0.616858 0.415358 0.104813 0.12336
0 0.558439 0.956797 0.537582 0.0817024 0.12332
0 0.260923 0.783446 0.290445 0.077832 0.123123
0 0.554834 0.231887 0.480392 0.11677 0.121238
0 0.486733 0.901165 0.35036 0.0803688 0.12079
0 0.399016 0.514914 0.171635 0.0648428 0.119376
0 0.574838 0.417446 0.458892 0.0864528 0.119201
0 0.613602 0.88794 0.513097 0.105184 0.118859
0 0.524007 0.976125 0.454609 0.0463999 0.11779
0 0.575249 0.0595185 0.561535 0.119037 0.117377
0 0.473938 0.746275 0.285581 0.0816212 0.116893
0 0.385499 0.959338 0.189043 0.0560289 0.115925
0 0.278596 0.24717 0.2653 0.0952085 0.115683
0 0.642885 0.957295 0.487449 0.0854107 0.115653
0 0.38634 0.408093 0.114587 0.0369099 0.114376
0 0.225241 0.697608 0.303763 0.120494 0.113534
0 0.569187 0.580778 0.473704 0.062508 0.11292
0 0.424922 0.32444 0.190728 0.0581493 0.111989
0 0.543003 0.167237 0.512219 0.0893023 0.110742
0 0.388168 0.514739 0.159248 0.0710075 0.110598
0 0.291945 0.8979 0.234612 0.0641855 0.109317
0 0.524191 0.0163892 0.599505 0.0308814 0.109186
0 0.527717 0.506482 0.426036 0.101338 0.108865
0 0.582657 0.957622 0.544157 0.0781338 0.108789
0 0.364922 0.575988 0.100649 0.0378117 0.108254
0 0.574314 0.247834 0.404553 0.0847234 0.107906
0 0.605824 0.432764 0.35107 0.0968092 0.107116
0 0.493857 0.0171005 0.609795 0.0324997 0.105344
0 0.604411 0.982062 0.633312 0.0337189 0.10531
0 0.59315 0.722383 0.557858 0.14285 0.10491
0 0.270745 0.837062 0.277535 0.0953178 0.104531
0 0.373837 0.57353 0.119203 0.0498173 0.104229
0 0.567415 0.110461 0.52187 0.115008 0.104187
0 0.586142 0.816444 0.609875 0.0912869 0.103951
0 0.568552 0.331192 0.496761 0.11202 0.102766
0 0.547913 0.015639 0.601104 0.0291318 0.102525
0 0.669808 0.513376 0.346105 0.0851466 0.1025
0 0.500362 0.972985 0.419604 0.053001 0.102111
0 0.586574 0.961219 0.593552 0.0716705 0.102104
0 0.527438 0.331021 0.407528 0.1048 0.102011
0 0.442371 0.96065 0.312095 0.0711884 0.101522
0 0.477407 0.742639 0.317527 0.0758043 0.101458
0 0.527396 0.898484 0.434823 0.0865025 0.100628
