0 0.265592 0.487768 0.211331 0.818109 0.804425
0 0.258859 0.491143 0.189994 0.818528 0.543347
0 0.272169 0.46535 0.228343 0.862483 0.524536
0 0.504536 0.478231 0.216439 0.868312 0.426363
0 0.522635 0.454828 0.243191 0.909656 0.389196
0 0.263046 0.504377 0.177717 0.865844 0.349902
0 0.252654 0.503851 0.195255 0.865708 0.323633
0 0.360614 0.590881 0.0678668 0.211872 0.287038
0 0.496421 0.492902 0.242614 0.860062 0.271083
0 0.526662 0.507174 0.247977 0.807467 0.268735
0 0.360184 0.588831 0.0678253 0.254634 0.254533
0 0.359055 0.603914 0.0685965 0.282855 0.172473
0 0.529866 0.487517 0.276748 0.870357 0.160284
0 0.266173 0.476991 0.169059 0.810473 0.15131
0 0.273778 0.500329 0.23834 0.773373 0.126449
0 0.512198 0.499604 0.221659 0.819751 0.114606
0 0.528179 0.618309 0.254168 0.583 0.109582
0 0.598707 0.556735 0.107538 0.344271 0.101506
