0 0.329767 0.588534 0.0650709 0.285377 0.813112
0 0.0786086 0.698337 0.13026 0.566285 0.808621
0 0.440076 0.574352 0.0565037 0.301985 0.798937
0 0.385597 0.57531 0.0614607 0.306217 0.798282
0 0.5922 0.575039 0.0773994 0.303532 0.780902
0 0.208847 0.593654 0.0668004 0.297125 0.777589
0 0.679179 0.578468 0.0889921 0.344127 0.766274
0 0.269657 0.565983 0.0488315 0.280497 0.765395
0 0.0768126 0.700915 0.146622 0.580193 0.715744
0 0.387988 0.581474 0.057143 0.300506 0.703823
0 0.510407 0.659248 0.110361 0.478426 0.669333
0 0.508249 0.657958 0.0996214 0.484108 0.667507
0 0.266387 0.569623 0.0571007 0.292457 0.638011
0 0.209903 0.580606 0.0696122 0.320727 0.596522
0 0.154072 0.576681 0.0590188 0.328172 0.585089
0 0.913445 0.486157 0.038015 0.154931 0.565368
0 0.727573 0.490553 0.0396244 0.165294 0.539106
0 0.332801 0.592693 0.0641655 0.287997 0.538249
0 0.853313 0.487607 0.0382212 0.161673 0.53386
0 0.806819 0.595274 0.0961924 0.360066 0.528926
0 0.911251 0.486913 0.0392645 0.151403 0.512423
0 0.914216 0.484536 0.0344349 0.160335 0.511477
0 0.852864 0.487329 0.0353662 0.167819 0.502268
0 0.850877 0.487981 0.0415684 0.161569 0.498673
0 0.800338 0.596948 0.0742531 0.364769 0.497613
0 0.506468 0.635599 0.0888489 0.431716 0.492497
0 0.726684 0.488038 0.0355132 0.172282 0.485011
0 0.849416 0.485481 0.0433727 0.154781 0.483886
0 0.852465 0.480375 0.0375576 0.143106 0.45846
0 0.157124 0.576717 0.0590911 0.330862 0.441263
0 0.724728 0.490113 0.0432272 0.166156 0.420367
0 0.848103 0.480236 0.0438021 0.144076 0.412757
0 0.879751 0.489501 0.0331388 0.153658 0.411921
0 0.90915 0.480799 0.0408119 0.140617 0.403609
0 0.50679 0.645622 0.112704 0.468777 0.397266
0 0.324042 0.58848 0.0596303 0.28548 0.395365
0 0.851493 0.494771 0.0304813 0.154519 0.365692
0 0.593461 0.576688 0.0663166 0.312421 0.362253
0 0.911138 0.48198 0.036739 0.141801 0.356388
0 0.208733 0.598156 0.0599156 0.273619 0.342131
0 0.803874 0.581843 0.0870892 0.335724 0.335942
0 0.878983 0.488151 0.0301998 0.149672 0.335347
0 0.505043 0.614078 0.0838764 0.384165 0.304276
0 0.730168 0.482709 0.0358124 0.144493 0.296998
0 0.802058 0.534702 0.091938 0.225068 0.292713
0 0.725177 0.486215 0.0395937 0.175267 0.291699
0 0.0767966 0.708693 0.113137 0.581253 0.283213
0 0.881021 0.510091 0.0233456 0.119823 0.280969
0 0.0733984 0.686816 0.112688 0.548089 0.280402
0 0.383297 0.589948 0.0461247 0.281444 0.276571
0 0.0417259 0.46252 0.0314331 0.08611 0.273531
0 0.0834123 0.701624 0.162285 0.589733 0.270709
0 0.392092 0.586722 0.042708 0.28785 0.258592
0 0.271104 0.565366 0.0473779 0.295805 0.258426
0 0.675988 0.576177 0.0793457 0.343494 0.245082
0 0.0136595 0.666864 0.0264276 0.515704 0.243433
0 0.265311 0.559308 0.0551023 0.250208 0.241512
0 0.0148129 0.643296 0.0289241 0.462226 0.238497
0 0.600383 0.581105 0.0652754 0.320627 0.222466
0 0.0127457 0.684056 0.0246432 0.552492 0.212305
0 0.876879 0.479352 0.0270958 0.139601 0.209992
0 0.851409 0.494905 0.0339851 0.155251 0.205329
0 0.0452106 0.15122 0.0904212 0.298976 0.205088
0 0.672305 0.575447 0.0713287 0.355172 0.20182
0 0.0409357 0.461286 0.0285272 0.0800061 0.198082
0 0.272757 0.619513 0.041406 0.153153 0.194829
0 0.333255 0.589431 0.0571766 0.267363 0.193179
0 0.800223 0.524338 0.0917723 0.200991 0.19163
0 0.98089 0.536848 0.0372107 0.464537 0.186034
0 0.5802 0.451595 0.0214556 0.0705424 0.18495
0 0.966127 0.649667 0.0641529 0.676559 0.182435
0 0.720916 0.484258 0.0388527 0.148312 0.182425
0 0.981543 0.559786 0.0367672 0.502003 0.179892
0 0.0444762 0.178738 0.0889524 0.241085 0.178663
0 0.438046 0.618331 0.0531343 0.203853 0.17274
0 0.801528 0.571075 0.0888266 0.310209 0.172139
0 0.202691 0.599577 0.0471712 0.279776 0.171375
0 0.582604 0.448776 0.0209682 0.0689285 0.169858
0 0.80337 0.559886 0.0819664 0.29033 0.169261
0 0.179763 0.451397 0.024822 0.0717482 0.168119
0 0.0161953 0.62731 0.0317926 0.412979 0.165963
0 0.873465 0.489254 0.0397747 0.160846 0.162919
0 0.0423651 0.463167 0.0323665 0.0921846 0.162757
0 0.900384 0.487009 0.0374935 0.154147 0.160115
0 0.418799 0.453055 0.0284477 0.0820282 0.158871
0 0.900443 0.479777 0.0348602 0.139481 0.150215
0 0.87308 0.486466 0.0347332 0.155872 0.15017
0 0.0338992 0.951244 0.0664793 0.0955784 0.148634
0 0.913501 0.488556 0.0268806 0.149259 0.148492
0 0.550622 0.439219 0.0234451 0.0685331 0.14745
0 0.383951 0.580386 0.0559186 0.267161 0.144079
0 0.733022 0.446448 0.0205353 0.0699689 0.143158
0 0.179476 0.453226 0.026364 0.076485 0.141525
0 0.267763 0.548404 0.0547653 0.243891 0.140348
0 0.677872 0.576513 0.073412 0.357898 0.139778
0 0.150034 0.447748 0.0299266 0.0681642 0.138211
0 0.389982 0.579696 0.0521665 0.271477 0.138088
0 0.569902 0.45347 0.0227787 0.0701416 0.129744
0 0.272067 0.61809 0.0450224 0.156519 0.129481
0 0.812359 0.686997 0.119637 0.549357 0.126223
0 0.965412 0.527497 0.066552 0.443429 0.125796
0 0.578164 0.452234 0.0215984 0.0678352 0.125662
0 0.732128 0.441034 0.0188547 0.062578 0.125319
0 0.320656 0.467586 0.0221605 0.0726828 0.123528
0 0.869499 0.48037 0.0306997 0.143472 0.123441
0 0.0734073 0.656601 0.110829 0.48407 0.123049
0 0.801402 0.515624 0.0827838 0.190703 0.122453
0 0.802833 0.521728 0.0808985 0.205476 0.119681
0 0.0122112 0.695558 0.0240035 0.596778 0.119253
0 0.470026 0.455262 0.0271524 0.0847626 0.118542
0 0.441807 0.531558 0.0645821 0.210319 0.111712
0 0.510173 0.647685 0.12703 0.482168 0.111272
0 0.734126 0.474979 0.025244 0.127579 0.111161
0 0.0406031 0.460614 0.0308323 0.0836002 0.110103
0 0.262152 0.559038 0.0565054 0.249976 0.110025
0 0.572298 0.453737 0.0238395 0.0683295 0.10926
0 0.806309 0.598302 0.0754265 0.360808 0.109186
0 0.0357016 0.954537 0.0705467 0.0902689 0.108053
0 0.548739 0.439816 0.025218 0.0705414 0.10736
0 0.615989 0.45591 0.0192635 0.0649199 0.10732
0 0.98106 0.592664 0.0378808 0.546271 0.107221
0 0.0313963 0.15786 0.0627927 0.286657 0.106761
0 0.037735 0.950834 0.07547 0.0959526 0.106661
0 0.270413 0.574836 0.0558917 0.291878 0.106634
0 0.149938 0.450004 0.0322822 0.0714376 0.105045
0 0.32069 0.474082 0.0230024 0.0825279 0.102253
0 0.308433 0.477923 0.0245942 0.0907211 0.10163
0 0.552963 0.444492 0.0236118 0.0773243 0.101321
0 0.979103 0.521197 0.0401127 0.422624 0.10104
0 0.854308 0.476146 0.0337124 0.137758 0.100836
0 0.725575 0.49198 0.0298683 0.159152 0.100676
