0 0.357047 0.386658 0.184363 0.124948 0.560755
0 0.492342 0.0677975 0.20301 0.113926 0.46937
0 0.487808 0.0680086 0.21713 0.121016 0.40017
0 0.42841 0.501186 0.179005 0.126132 0.397965
0 0.475319 0.0727583 0.250738 0.133758 0.385834
0 0.421477 0.500077 0.205289 0.123268 0.328512
0 0.468782 0.0797666 0.258483 0.150377 0.270824
0 0.430328 0.0847864 0.176111 0.162836 0.244437
0 0.434317 0.50525 0.168333 0.130171 0.24259
0 0.429843 0.0915871 0.173508 0.145558 0.239525
0 0.443047 0.0841663 0.211845 0.16495 0.215077
0 0.429875 0.506915 0.191474 0.151947 0.1724
0 0.356314 0.392337 0.186416 0.109189 0.163096
0 0.0889099 0.891745 0.17782 0.214181 0.153829
0 0.354206 0.392664 0.174555 0.0976514 0.148186
0 0.45524 0.0845339 0.231229 0.158885 0.137633
0 0.497793 0.0664966 0.198059 0.104031 0.130806
0 0.349045 0.38717 0.204619 0.132935 0.130413
0 0.436433 0.510583 0.172829 0.153034 0.122995
0 0.480614 0.0806633 0.282352 0.161327 0.121351
0 0.468124 0.0835418 0.273625 0.165911 0.113136
0 0.406524 0.498037 0.238722 0.125532 0.102775
0 0.0245481 0.0705462 0.0490962 0.141092 0.100008
