0 0.330293 0.90593 0.630289 0.188139 0.654367
0 0.301858 0.493217 0.601822 0.212938 0.637644
0 0.171084 0.0457515 0.342167 0.091503 0.499371
0 0.442907 0.651325 0.885815 0.18422 0.472139
0 0.44113 0.502856 0.882259 0.194733 0.460834
0 0.725457 0.959278 0.461512 0.0814435 0.427094
0 0.914041 0.132693 0.171325 0.0754824 0.408265
0 0.129747 0.835426 0.239497 0.109329 0.397737
0 0.508187 0.4928 0.751054 0.1246 0.383151
0 0.461027 0.171165 0.922054 0.167078 0.373737
0 0.900283 0.341044 0.199433 0.0835279 0.370174
0 0.1382 0.268635 0.270484 0.0850685 0.363985
0 0.870793 0.506135 0.258415 0.119415 0.330256
0 0.498047 0.304673 0.720674 0.118762 0.326842
0 0.497632 0.0431754 0.776043 0.086068 0.322073
0 0.895219 0.413936 0.209562 0.0832382 0.32153
0 0.726068 0.931419 0.429288 0.12022 0.317669
0 0.584166 0.905706 0.743483 0.188588 0.314581
0 0.49489 0.394365 0.765315 0.110475 0.314056
0 0.867446 0.761044 0.255913 0.0833286 0.311082
0 0.447572 0.70862 0.895143 0.298935 0.311053
0 0.437519 0.767091 0.875038 0.176611 0.301915
0 0.0619786 0.766102 0.123218 0.163113 0.296551
0 0.644718 0.771946 0.4513 0.102317 0.288018
0 0.435603 0.287163 0.826176 0.140175 0.286559
0 0.692614 0.913441 0.530331 0.173117 0.282889
0 0.524096 0.125778 0.818719 0.145313 0.281656
0 0.877787 0.235872 0.236481 0.0827745 0.273459
0 0.722384 0.88984 0.429822 0.082901 0.270323
0 0.764139 0.0241551 0.446019 0.0475526 0.269803
0 0.876384 0.501429 0.246079 0.0860369 0.256931
0 0.870019 0.687315 0.247355 0.0831012 0.247132
0 0.537131 0.77486 0.855734 0.152906 0.242499
0 0.461792 0.616516 0.782424 0.126269 0.237669
0 0.242949 0.658477 0.485898 0.193661 0.22802
0 0.594462 0.0345966 0.758954 0.0691932 0.218666
0 0.360319 0.193539 0.715771 0.131091 0.215588
0 0.781833 0.397041 0.189873 0.0677549 0.214019
0 0.489138 0.021065 0.502682 0.0409165 0.212363
0 0.768115 0.035533 0.459212 0.071066 0.20999
0 0.450197 0.187129 0.87627 0.238392 0.205495
0 0.903115 0.327625 0.193771 0.123436 0.201272
