0 0.084375 0.73203125 0.16875 0.5359375
0 0.1640625 0.5609375 0.15625 0.36328125
0 0.0734375 0.43359375 0.103125 0.19453125
0 0.28046875 0.746875 0.15234375 0.50546875
0 0.40390625 0.740625 0.2140625 0.51875
0 0.6484375 0.75546875 0.20625 0.4890625
0 0.72109375 0.5921875 0.11953125 0.33046875
0 0.86328125 0.70625 0.2046875 0.58671875
0 0.57265625 0.5265625 0.134375 0.365625
0 0.44140625 0.49921875 0.1671875 0.31171875
0 0.29375 0.47265625 0.1296875 0.24921875
0 0.35625 0.44921875 0.10625 0.19296875
0 0.4828125 0.39453125 0.09609375 0.23203125
0 0.65390625 0.39765625 0.10078125 0.25859375
0 0.72890625 0.409375 0.10078125 0.24375
0 0.7859375 0.46640625 0.084375 0.2328125
0 0.896875 0.4640625 0.1921875 0.30859375
0 0.1671875 0.26171875 0.084375 0.27578125
0 0.04921875 0.25390625 0.09296875 0.315625
0 0.31796875 0.24921875 0.0921875 0.2921875
0 0.5546875 0.234375 0.0734375 0.2625
0 0.8328125 0.2359375 0.06484375 0.30703125
0 0.9 0.2515625 0.08125 0.340625
0 0.965625 0.21484375 0.06875 0.29765625
0 0.45390625 0.1609375 0.06640625 0.26875
0 0.125 0.20234375 0.08359375 0.2953125