0 0.68984375 0.11015625 0.090625 0.2203125
0 0.84609375 0.0671875 0.0640625 0.134375
0 0.77109375 0.04609375 0.0421875 0.0921875
0 0.8984375 0.1890625 0.059375 0.2125
0 0.96640625 0.18671875 0.059375 0.20625
0 0.96953125 0.43359375 0.0546875 0.2
0 0.8890625 0.50390625 0.053125 0.1765625
0 0.846875 0.34609375 0.053125 0.2046875
0 0.78515625 0.60078125 0.04375 0.1359375
0 0.7328125 0.4890625 0.053125 0.1671875
0 0.684375 0.30859375 0.040625 0.165625
0 0.5984375 0.23984375 0.0578125 0.178125
0 0.50078125 0.096875 0.0484375 0.16875
0 0.44765625 0.18125 0.0421875 0.1921875
0 0.3921875 0.08828125 0.0375 0.13125
0 0.36328125 0.22265625 0.0390625 0.2125
0 0.2375 0.2609375 0.0546875 0.184375
0 0.1078125 0.23828125 0.05 0.20625
0 0.13515625 0.38359375 0.04375 0.1671875
0 0.23046875 0.4671875 0.05 0.165625
0 0.2765625 0.45 0.0453125 0.1609375
0 0.33359375 0.53828125 0.0375 0.146875
0 0.37890625 0.48203125 0.040625 0.175
0 0.44140625 0.478125 0.0390625 0.159375
0 0.51328125 0.34609375 0.0625 0.18125
0 0.6078125 0.4375 0.0421875 0.15
0 0.1578125 0.54375 0.03125 0.184375
0 0.2859375 0.65078125 0.040625 0.146875
0 0.45078125 0.6 0.04375 0.125
0 0.496875 0.6125 0.040625 0.1375
0 0.57578125 0.615625 0.0453125 0.125
0 0.63515625 0.61640625 0.05 0.121875
0 0.69765625 0.66328125 0.05 0.1140625
0 0.61875 0.72109375 0.03125 0.134375
0 0.5859375 0.7671875 0.0296875 0.115625
0 0.5578125 0.76171875 0.028125 0.1234375
0 0.5125 0.7703125 0.021875 0.103125
0 0.4765625 0.75546875 0.03125 0.128125
0 0.5203125 0.8125 0.0265625 0.1375
0 0.49296875 0.8046875 0.021875 0.109375
0 0.4625 0.825 0.028125 0.146875
0 0.4328125 0.76015625 0.025 0.1375
0 0.39375 0.7609375 0.025 0.128125
0 0.346875 0.71640625 0.0328125 0.1359375
0 0.42109375 0.84140625 0.0234375 0.096875
0 0.38984375 0.8875 0.021875 0.1109375
0 0.34609375 0.83984375 0.025 0.109375
0 0.2765625 0.81171875 0.0296875 0.103125
0 0.32421875 0.8578125 0.021875 0.0875
0 0.34921875 0.93671875 0.01875 0.0734375
0 0.21796875 0.671875 0.028125 0.1328125
0 0.228125 0.75 0.028125 0.121875
0 0.25703125 0.73671875 0.0296875 0.1125
0 0.259375 0.884375 0.0265625 0.0796875
0 0.27265625 0.9140625 0.01875 0.075
0 0.2828125 0.91328125 0.021875 0.090625
0 0.29765625 0.971875 0.01875 0.05
0 0.3015625 0.92890625 0.028125 0.0796875