0 0.07578125 0.5921875 0.14375 0.73984375
0 0.2890625 0.565625 0.16953125 0.778125
0 0.4625 0.57890625 0.15859375 0.73359375
0 0.565625 0.28671875 0.1203125 0.3109375
0 0.62578125 0.55625 0.1359375 0.7765625
0 0.4234375 0.27265625 0.11328125 0.2828125
0 0.1734375 0.57578125 0.09375 0.66484375
0 0.74453125 0.57890625 0.12421875 0.73671875
0 0.91328125 0.58203125 0.1546875 0.7578125
0 0.784375 0.275 0.07890625 0.22265625
0 0.8625 0.30546875 0.075 0.24921875
0 0.35078125 0.28671875 0.06484375 0.14296875