0 0.5390625 0.865625 0.4859375 0.1125
0 0.5296875 0.753125 0.23125 0.1
0 0.671875 0.71953125 0.1296875 0.08125
0 0.6703125 0.6453125 0.125 0.0890625
0 0.440625 0.6515625 0.36875 0.11875
0 0.60546875 0.55625 0.25625 0.109375
0 0.39140625 0.50703125 0.509375 0.128125
0 0.3390625 0.38828125 0.203125 0.1625
0 0.475 0.30703125 0.2234375 0.0796875
0 0.52421875 0.13203125 0.228125 0.140625
0 0.609375 0.21015625 0.20625 0.075
0 0.62734375 0.29921875 0.121875 0.10625
0 0.58125 0.40546875 0.21875 0.0953125