0 0.32734375 0.16953125 0.1375 0.3375
0 0.1453125 0.24296875 0.125 0.296875
0 0.25 0.32421875 0.0890625 0.34375
0 0.20625 0.65234375 0.13125 0.4609375
0 0.3265625 0.68203125 0.0890625 0.29375
0 0.43359375 0.6734375 0.134375 0.359375
0 0.38984375 0.53984375 0.090625 0.265625
0 0.5765625 0.59609375 0.1671875 0.528125
0 0.5953125 0.6109375 0.1671875 0.1859375
0 0.475 0.16328125 0.14375 0.31875
0 0.3640625 0.31171875 0.121875 0.278125
0 0.615625 0.146875 0.1 0.29375
0 0.73671875 0.16328125 0.1125 0.29375
0 0.65078125 0.3515625 0.1328125 0.2734375
0 0.846875 0.35625 0.0890625 0.36875
0 0.7359375 0.48125 0.1265625 0.3234375
0 0.72734375 0.62265625 0.1875 0.4125
0 0.7328125 0.58515625 0.1546875 0.134375
0 0.38203125 0.403125 0.153125 0.275
0 0.525 0.28828125 0.090625 0.190625