0 0.33515625 0.21171875 0.378125 0.153125
0 0.3359375 0.334375 0.2671875 0.0859375
0 0.42578125 0.38984375 0.215625 0.103125
0 0.253125 0.415625 0.1890625 0.1109375
0 0.340625 0.54453125 0.384375 0.0875
0 0.37421875 0.58828125 0.1875 0.1359375
0 0.39375 0.7203125 0.13125 0.146875
0 0.30390625 0.68984375 0.221875 0.0875
0 0.51953125 0.7484375 0.2796875 0.096875
0 0.6203125 0.846875 0.3171875 0.1078125
0 0.82734375 0.728125 0.334375 0.11875
0 0.83515625 0.6046875 0.2453125 0.109375
0 0.6296875 0.653125 0.290625 0.109375
0 0.7 0.5265625 0.1859375 0.08125
0 0.825 0.46953125 0.290625 0.10625
0 0.67421875 0.3609375 0.209375 0.115625
0 0.571875 0.40625 0.178125 0.11875
0 0.6140625 0.24140625 0.2328125 0.15
0 0.8 0.1578125 0.29375 0.134375
0 0.84609375 0.31953125 0.2796875 0.153125