0 0.09296875 0.60234375 0.1296875 0.2
0 0.1734375 0.615625 0.0875 0.1734375
0 0.2171875 0.69609375 0.0828125 0.1359375
0 0.2171875 0.8046875 0.084375 0.1265625
0 0.39453125 0.78125 0.09375 0.1359375
0 0.31796875 0.66640625 0.1 0.15625
0 0.321875 0.53984375 0.0953125 0.159375
0 0.29375 0.2734375 0.1171875 0.203125
0 0.39921875 0.265625 0.1125 0.159375
0 0.41640625 0.409375 0.0953125 0.1375
0 0.41328125 0.584375 0.0875 0.146875
0 0.46484375 0.675 0.103125 0.146875
0 0.53046875 0.73359375 0.09375 0.1203125
0 0.49375 0.834375 0.096875 0.134375
0 0.6015625 0.8109375 0.084375 0.153125
0 0.71640625 0.8421875 0.115625 0.134375
0 0.7765625 0.71796875 0.1 0.1296875
0 0.8875 0.734375 0.10625 0.159375
0 0.63125 0.621875 0.1109375 0.1640625
0 0.6984375 0.6625 0.071875 0.153125
0 0.55703125 0.54296875 0.103125 0.1640625
0 0.5609375 0.33671875 0.10625 0.178125
0 0.72109375 0.45859375 0.10625 0.153125
0 0.7171875 0.3140625 0.1078125 0.1828125
0 0.8203125 0.33203125 0.103125 0.1625
0 0.690625 0.175 0.1109375 0.15625
0 0.546875 0.10234375 0.13125 0.1625