0 0.4375 0.5546875 0.059375 0.3296875
0 0.54375 0.5203125 0.08125 0.2765625
0 0.61875 0.59140625 0.071875 0.34375
0 0.70703125 0.4375 0.0734375 0.3078125
0 0.80859375 0.4390625 0.115625 0.296875
0 0.7609375 0.23671875 0.0875 0.24375
0 0.6453125 0.31953125 0.0453125 0.1875
0 0.609375 0.39140625 0.075 0.209375
0 0.54921875 0.375 0.065625 0.2125
0 0.49609375 0.33046875 0.0828125 0.24375
0 0.440625 0.32109375 0.084375 0.1921875
0 0.39296875 0.32578125 0.06875 0.171875
0 0.34453125 0.27421875 0.053125 0.153125
0 0.35859375 0.5265625 0.06875 0.2625
0 0.30546875 0.39609375 0.078125 0.2
0 0.28359375 0.2546875 0.0953125 0.2453125