0 0.1125 0.334375 0.09375 0.4390625
0 0.18671875 0.228125 0.09375 0.246875
0 0.23203125 0.48828125 0.103125 0.64375
0 0.35703125 0.48203125 0.09375 0.65625
0 0.32265625 0.17265625 0.0578125 0.1375
0 0.284375 0.1390625 0.0578125 0.1
0 0.42578125 0.1296875 0.08125 0.096875
0 0.46875 0.49375 0.09375 0.746875
0 0.553125 0.56328125 0.1109375 0.6765625
0 0.59921875 0.2640625 0.071875 0.209375
0 0.69609375 0.4875 0.1109375 0.55
0 0.81328125 0.4796875 0.1328125 0.740625
0 0.6984375 0.17109375 0.09375 0.153125
0 0.5546875 0.1265625 0.125 0.1578125