0 0.24296875 0.22734375 0.08203125 0.12109375
0 0.3234375 0.178125 0.096875 0.1453125
0 0.25078125 0.35234375 0.08515625 0.14375
0 0.315625 0.30703125 0.096875 0.13359375
0 0.421875 0.253125 0.0828125 0.128125
0 0.51171875 0.2546875 0.10703125 0.14140625
0 0.63984375 0.2453125 0.1171875 0.16796875
0 0.72265625 0.32109375 0.0890625 0.15703125
0 0.79921875 0.29765625 0.0890625 0.11875
0 0.54140625 0.4765625 0.1046875 0.18515625
0 0.3203125 0.53515625 0.084375 0.1375
0 0.2234375 0.50703125 0.11484375 0.16171875