0 0.11015625 0.4828125 0.165625 0.5546875
0 0.246875 0.2046875 0.1875 0.325
0 0.3765625 0.40390625 0.121875 0.528125
0 0.23125 0.56796875 0.1421875 0.396875
0 0.3609375 0.71875 0.1328125 0.15625
0 0.47109375 0.5578125 0.1 0.2609375
0 0.5390625 0.46015625 0.134375 0.1609375
0 0.503125 0.215625 0.1390625 0.43125
0 0.63203125 0.19921875 0.1171875 0.3984375
0 0.7109375 0.22578125 0.1375 0.45
0 0.68359375 0.5546875 0.128125 0.196875
0 0.684375 0.696875 0.1109375 0.125
0 0.57421875 0.60234375 0.096875 0.2328125