0 0.11015625 0.5171875 0.165625 0.5546875
0 0.246875 0.7953125 0.18671875 0.32421875
0 0.3765625 0.59609375 0.121875 0.528125
0 0.23125 0.43203125 0.1421875 0.396875
0 0.3609375 0.28125 0.1328125 0.15546875
0 0.47109375 0.4421875 0.09921875 0.2609375
0 0.5390625 0.53984375 0.134375 0.1609375
0 0.503125 0.784375 0.13828125 0.43046875
0 0.63203125 0.80078125 0.1171875 0.3984375
0 0.7109375 0.77421875 0.1375 0.45078125
0 0.68359375 0.4453125 0.128125 0.19765625
0 0.684375 0.303125 0.1109375 0.12578125
0 0.57421875 0.39765625 0.09609375 0.2328125