0 0.50390625 0.88671875 0.59375 0.109375
0 0.5671875 0.81484375 0.615625 0.1234375
0 0.3828125 0.7328125 0.4328125 0.1125
0 0.284375 0.69140625 0.115625 0.0703125
0 0.5359375 0.65390625 0.66875 0.1125
0 0.4375 0.57890625 0.5625 0.096875
0 0.2421875 0.521875 0.153125 0.075
0 0.55234375 0.4828125 0.6046875 0.09375
0 0.5375 0.35859375 0.64375 0.0625
0 0.2421875 0.4203125 0.1796875 0.0875
0 0.415625 0.271875 0.4359375 0.0859375
0 0.55859375 0.18046875 0.621875 0.109375
0 0.446875 0.1140625 0.65 0.1203125
0 0.3375 0.9796875 0.4265625 0.040625
0 0.30625 0.93359375 0.1734375 0.0609375