0 0.04609375 0.34921875 0.0921875 0.228125
0 0.109375 0.353125 0.06328125 0.109375
0 0.17109375 0.3703125 0.0875 0.175
0 0.1515625 0.5734375 0.075 0.1796875
0 0.0578125 0.62265625 0.09375 0.31796875
0 0.2046875 0.790625 0.14375 0.409375
0 0.3046875 0.63125 0.08515625 0.21015625
0 0.34609375 0.79375 0.0921875 0.36484375
0 0.41484375 0.7375 0.075 0.365625
0 0.4828125 0.78359375 0.09609375 0.375
0 0.6015625 0.76796875 0.1140625 0.3390625
0 0.72734375 0.79140625 0.0984375 0.34453125
0 0.840625 0.678125 0.096875 0.21015625
0 0.91015625 0.784375 0.11484375 0.40390625
0 0.9421875 0.42734375 0.115625 0.32109375
0 0.784375 0.559375 0.12109375 0.2078125
0 0.8484375 0.45078125 0.0953125 0.2828125
0 0.725 0.4265625 0.1046875 0.33125
0 0.77890625 0.340625 0.06015625 0.10234375
0 0.7203125 0.23515625 0.04609375 0.1015625
0 0.68203125 0.3015625 0.0578125 0.128125
0 0.6453125 0.29765625 0.06171875 0.08125
0 0.64765625 0.365625 0.053125 0.09453125
0 0.596875 0.3875 0.0828125 0.21328125
0 0.56875 0.56015625 0.0859375 0.20546875
0 0.49296875 0.475 0.0765625 0.234375
0 0.38984375 0.5015625 0.12109375 0.1390625
0 0.40390625 0.38671875 0.08046875 0.16640625
0 0.3125 0.4296875 0.078125 0.1578125
0 0.2578125 0.509375 0.125 0.20234375
0 0.2296875 0.37734375 0.0609375 0.1234375
0 0.2734375 0.3265625 0.07109375 0.11953125
0 0.21015625 0.2984375 0.05078125 0.10390625
0 0.25390625 0.25 0.06953125 0.0953125
0 0.31953125 0.28046875 0.05 0.12109375
0 0.3578125 0.31640625 0.06640625 0.17109375
0 0.42890625 0.31328125 0.05703125 0.0765625
0 0.46640625 0.315625 0.04609375 0.103125
0 0.440625 0.2453125 0.05546875 0.0703125
0 0.50546875 0.31484375 0.0421875 0.10546875
0 0.53046875 0.35390625 0.04375 0.18125
0 0.56015625 0.3265625 0.02578125 0.08828125
0 0.56328125 0.26015625 0.040625 0.0734375
0 0.6140625 0.25078125 0.059375 0.09609375
0 0.5671875 0.1828125 0.05703125 0.0921875
0 0.5 0.1625 0.0828125 0.2125
0 0.41953125 0.134375 0.1078125 0.2171875