0 0.31953125 0.85546875 0.109375 0.2890625
0 0.2890625 0.6796875 0.171875 0.15625
0 0.140625 0.6640625 0.1078125 0.665625
0 0.26171875 0.45625 0.10625 0.3109375
0 0.375 0.46484375 0.0953125 0.309375
0 0.4484375 0.58671875 0.084375 0.559375
0 0.53828125 0.525 0.0953125 0.3734375
0 0.61484375 0.47265625 0.0875 0.24375
0 0.59453125 0.809375 0.1359375 0.38125
0 0.68984375 0.77578125 0.0859375 0.4484375
0 0.75390625 0.75 0.059375 0.4046875
0 0.85234375 0.7796875 0.125 0.440625
0 0.853125 0.4609375 0.090625 0.26875
0 0.77578125 0.46953125 0.078125 0.2375
0 0.684375 0.4453125 0.06875 0.225
0 0.73828125 0.3609375 0.0625 0.11875
0 0.07265625 0.50546875 0.053125 0.40625