0 0.8359375 0.61484375 0.115625 0.334375
0 0.8578125 0.2546875 0.134375 0.4125
0 0.7515625 0.2875 0.1 0.453125
0 0.66484375 0.25390625 0.1265625 0.44375
0 0.58203125 0.33125 0.0796875 0.390625
0 0.49375 0.309375 0.115625 0.4625
0 0.3953125 0.3203125 0.075 0.234375
0 0.3328125 0.371875 0.084375 0.196875
0 0.39453125 0.4828125 0.075 0.159375
0 0.2859375 0.48671875 0.10625 0.196875
0 0.19609375 0.4234375 0.08125 0.2484375
0 0.1171875 0.1890625 0.159375 0.378125
0 0.28359375 0.24921875 0.115625 0.275
0 0.09140625 0.565625 0.159375 0.25
0 0.16953125 0.6578125 0.09375 0.1875
0 0.21796875 0.71484375 0.06875 0.121875
0 0.2765625 0.63359375 0.08125 0.14375
0 0.2828125 0.74375 0.08125 0.165625
0 0.340625 0.74453125 0.065625 0.2046875
0 0.378125 0.6703125 0.10625 0.234375
0 0.42265625 0.778125 0.0609375 0.121875
0 0.4765625 0.64375 0.0703125 0.215625
0 0.728125 0.5859375 0.06875 0.221875
0 0.64921875 0.625 0.075 0.2359375
0 0.5484375 0.6125 0.075 0.23125
0 0.50234375 0.75703125 0.053125 0.096875
0 0.5546875 0.775 0.0484375 0.128125
0 0.590625 0.7625 0.05 0.1203125
0 0.63828125 0.775 0.0453125 0.115625
0 0.68203125 0.74296875 0.059375 0.125
0 0.7265625 0.72109375 0.053125 0.084375
0 0.77734375 0.725 0.06875 0.159375