0 0.1484375 0.26796875 0.1453125 0.484375
0 0.0703125 0.653125 0.125 0.625
0 0.20546875 0.65 0.15625 0.546875
0 0.3453125 0.6796875 0.1375 0.5640625
0 0.32421875 0.24140625 0.1140625 0.3734375
0 0.44296875 0.24453125 0.1453125 0.340625
0 0.4578125 0.69921875 0.115625 0.6015625
0 0.6 0.69296875 0.1640625 0.6140625
0 0.73828125 0.6953125 0.13125 0.525
0 0.925 0.615625 0.15 0.28125
0 0.87109375 0.45390625 0.1015625 0.21875
0 0.82734375 0.234375 0.153125 0.3625
0 0.69140625 0.28828125 0.09375 0.375
0 0.56875 0.22421875 0.11875 0.325