0 0.76640625 0.7640625 0.1 0.446875
0 0.80625 0.546875 0.09375 0.253125
0 0.75390625 0.45234375 0.06875 0.16875
0 0.71015625 0.5578125 0.0625 0.284375
0 0.65703125 0.77265625 0.103125 0.453125
0 0.5296875 0.76484375 0.1 0.4703125
0 0.42265625 0.76796875 0.0953125 0.4640625
0 0.303125 0.765625 0.1109375 0.4625
0 0.29609375 0.4890625 0.0875 0.184375
0 0.20078125 0.68828125 0.078125 0.6234375
0 0.140625 0.56484375 0.1015625 0.4875
0 0.25859375 0.415625 0.0625 0.15
0 0.35234375 0.4328125 0.06875 0.171875
0 0.3921875 0.5109375 0.075 0.184375
0 0.45078125 0.4421875 0.0765625 0.18125
0 0.503125 0.51640625 0.084375 0.16875
0 0.55703125 0.4328125 0.059375 0.153125
0 0.60546875 0.54296875 0.078125 0.2421875
0 0.65703125 0.44296875 0.065625 0.2078125