0 0.778125 0.228125 0.05 0.3125
0 0.70859375 0.28828125 0.071875 0.26875
0 0.90546875 0.478125 0.046875 0.334375
0 0.86796875 0.53125 0.0390625 0.1875
0 0.825 0.5828125 0.0484375 0.121875
0 0.80625 0.665625 0.059375 0.0875
0 0.77421875 0.5796875 0.06875 0.1640625
0 0.7375 0.64140625 0.0546875 0.1
0 0.6984375 0.6171875 0.040625 0.0859375
0 0.6671875 0.653125 0.046875 0.0765625
0 0.6296875 0.6140625 0.0515625 0.10625
0 0.58515625 0.63515625 0.053125 0.0875
0 0.54609375 0.6109375 0.0375 0.0859375
0 0.62421875 0.68515625 0.01875 0.06875
0 0.5984375 0.68671875 0.01875 0.06875
0 0.565625 0.68125 0.0328125 0.0546875
0 0.53671875 0.66484375 0.03125 0.0609375
0 0.5109375 0.69296875 0.0375 0.053125
0 0.49453125 0.640625 0.040625 0.090625
0 0.46953125 0.68671875 0.028125 0.0609375
0 0.4390625 0.70078125 0.034375 0.08125
0 0.4484375 0.6078125 0.03125 0.090625
0 0.45625 0.5375 0.053125 0.1125
0 0.38203125 0.5484375 0.04375 0.121875
0 0.4171875 0.6140625 0.0625 0.115625
0 0.37109375 0.6234375 0.03125 0.0546875
0 0.34140625 0.5875 0.0375 0.096875
0 0.38046875 0.665625 0.0265625 0.05625
0 0.334375 0.6484375 0.046875 0.0625
0 0.32109375 0.63125 0.0375 0.075
0 0.30078125 0.62265625 0.03125 0.0875
0 0.26484375 0.64765625 0.0390625 0.0953125
0 0.228125 0.6203125 0.04375 0.090625
0 0.19765625 0.59375 0.046875 0.1
0 0.16640625 0.5796875 0.0578125 0.1171875
0 0.07890625 0.540625 0.0625 0.2375
0 0.24140625 0.553125 0.059375 0.11875
0 0.39140625 0.36484375 0.0609375 0.159375
0 0.6046875 0.3546875 0.071875 0.13125
0 0.5421875 0.36953125 0.0625 0.11875
0 0.340625 0.42890625 0.0625 0.1109375
0 0.2828125 0.3359375 0.0625 0.159375
0 0.21171875 0.35625 0.078125 0.1546875