0 0.2453125 0.34609375 0.1171875 0.08125
0 0.3296875 0.2765625 0.140625 0.090625
0 0.471875 0.25546875 0.1625 0.10625
0 0.5140625 0.16484375 0.140625 0.090625
0 0.4640625 0.34765625 0.153125 0.103125
0 0.3453125 0.36640625 0.1078125 0.0734375
0 0.24375 0.43359375 0.140625 0.075
0 0.2671875 0.521875 0.134375 0.0828125
0 0.35703125 0.55859375 0.134375 0.075
0 0.50390625 0.503125 0.153125 0.1
0 0.48125 0.59609375 0.140625 0.096875
0 0.3875 0.7015625 0.115625 0.078125
0 0.26328125 0.6734375 0.109375 0.0796875
0 0.328125 0.76796875 0.109375 0.08125
0 0.409375 0.81328125 0.175 0.09375
0 0.37265625 0.88125 0.140625 0.0703125