0 0.759375 0.71171875 0.271875 0.084375
0 0.7015625 0.55390625 0.315625 0.06875
0 0.45234375 0.68046875 0.2328125 0.078125
0 0.44609375 0.825 0.296875 0.0875
0 0.2453125 0.74375 0.2 0.08125
0 0.2375 0.6296875 0.240625 0.0734375
0 0.12890625 0.59453125 0.16875 0.09375
0 0.2046875 0.51953125 0.25625 0.0875
0 0.2578125 0.434375 0.175 0.0875
0 0.45546875 0.55703125 0.215625 0.096875
0 0.45234375 0.43046875 0.3125 0.084375
0 0.3296875 0.45078125 0.165625 0.075
0 0.215625 0.3296875 0.2234375 0.096875
0 0.44296875 0.3234375 0.2765625 0.121875
0 0.68125 0.38203125 0.328125 0.0890625
0 0.71796875 0.22109375 0.259375 0.075
0 0.5 0.13984375 0.328125 0.1109375
0 0.34140625 0.22734375 0.215625 0.109375
0 0.21875 0.22265625 0.175 0.0765625