0 0.12421875 0.6109375 0.2484375 0.565625
0 0.20703125 0.55546875 0.17265625 0.36640625
0 0.3109375 0.615625 0.19296875 0.4984375
0 0.384375 0.428125 0.11796875 0.190625
0 0.45234375 0.53671875 0.1765625 0.45625
0 0.528125 0.4375 0.090625 0.17578125
0 0.584375 0.671875 0.15078125 0.4953125
0 0.64609375 0.609375 0.08125 0.4515625
0 0.703125 0.63125 0.11171875 0.57421875
0 0.7796875 0.64453125 0.15390625 0.64296875
0 0.815625 0.45546875 0.115625 0.25703125
0 0.8953125 0.63046875 0.1171875 0.55
0 0.96875 0.63125 0.06171875 0.44453125