0 0.7421875 0.41875 0.203125 0.078125
0 0.7984375 0.46328125 0.1921875 0.06875
0 0.82421875 0.6140625 0.209375 0.071875
0 0.90234375 0.52265625 0.1953125 0.0671875
0 0.8609375 0.2921875 0.209375 0.1
0 0.66953125 0.2 0.184375 0.115625
0 0.578125 0.175 0.1875 0.1140625
0 0.49296875 0.25625 0.18125 0.09375
0 0.625 0.34609375 0.1703125 0.084375
0 0.415625 0.18515625 0.14375 0.121875
0 0.26875 0.2859375 0.171875 0.1125
0 0.4765625 0.5890625 0.146875 0.078125
0 0.37890625 0.7859375 0.175 0.1171875
0 0.5234375 0.9015625 0.165625 0.115625
0 0.34453125 0.9375 0.16875 0.125
0 0.21328125 0.871875 0.16875 0.1640625
0 0.57265625 0.0546875 0.1390625 0.109375
0 0.50625 0.0640625 0.171875 0.128125