0 0.11171875 0.73984375 0.08359375 0.2078125
0 0.10625 0.90078125 0.071875 0.10546875
0 0.01796875 0.54765625 0.0359375 0.1640625
0 0.18984375 0.5140625 0.04375 0.15234375
0 0.2203125 0.53515625 0.0421875 0.14921875
0 0.25078125 0.5171875 0.03515625 0.1375
0 0.2265625 0.46328125 0.0296875 0.0671875
0 0.31328125 0.4453125 0.0671875 0.146875
0 0.30859375 0.340625 0.040625 0.11015625
0 0.37421875 0.4015625 0.0546875 0.165625
0 0.40546875 0.2890625 0.04296875 0.14921875
0 0.06328125 0.1703125 0.05546875 0.11796875
0 0.06875 0.096875 0.04375 0.11484375
0 0.1375 0.03515625 0.04453125 0.0703125
0 0.23125 0.028125 0.0421875 0.05546875
0 0.38125 0.12421875 0.04453125 0.13984375
0 0.425 0.0984375 0.03359375 0.13125
0 0.459375 0.109375 0.02578125 0.1203125
0 0.48359375 0.07890625 0.03515625 0.1390625
0 0.51015625 0.053125 0.028125 0.10546875
0 0.4921875 0.34765625 0.04609375 0.15625
0 0.5375 0.2625 0.0546875 0.16796875
0 0.621875 0.34296875 0.0609375 0.15625
0 0.5875 0.1890625 0.04296875 0.12734375
0 0.60625 0.08671875 0.02890625 0.1390625
0 0.63046875 0.0625 0.025 0.1140625
0 0.66328125 0.0671875 0.02421875 0.08203125
0 0.671875 0.03671875 0.03203125 0.07265625
0 0.703125 0.05546875 0.03046875 0.1109375
0 0.73359375 0.09453125 0.0359375 0.146875
0 0.8671875 0.09375 0.0234375 0.1296875
0 0.88515625 0.09296875 0.0203125 0.13203125
0 0.90859375 0.1390625 0.03828125 0.153125
0 0.93125 0.2390625 0.0390625 0.14921875
0 0.94453125 0.3296875 0.04609375 0.165625
0 0.98515625 0.3296875 0.02890625 0.16640625
0 0.98515625 0.19921875 0.0296875 0.11484375
0 0.90234375 0.46953125 0.046875 0.1796875
0 0.8515625 0.62421875 0.05859375 0.171875
0 0.8671875 0.80078125 0.0796875 0.18125
0 0.5734375 0.6140625 0.06015625 0.18359375
0 0.546875 0.853125 0.053125 0.19296875
0 0.61484375 0.80234375 0.06796875 0.1734375