0 0.8765625 0.2390625 0.0953125 0.1828125
0 0.8015625 0.2671875 0.078125 0.1546875
0 0.75078125 0.27421875 0.059375 0.134375
0 0.64453125 0.296875 0.071875 0.159375
0 0.5796875 0.278125 0.06875 0.15
0 0.50390625 0.309375 0.06875 0.11875
0 0.4390625 0.26640625 0.05625 0.159375
0 0.3890625 0.3 0.0640625 0.1375
0 0.30703125 0.253125 0.0765625 0.140625
0 0.2125 0.29453125 0.078125 0.121875
0 0.1421875 0.328125 0.0609375 0.1359375
0 0.0921875 0.246875 0.0953125 0.1765625
0 0.2375 0.69375 0.10625 0.1546875
0 0.43671875 0.70078125 0.109375 0.16875
0 0.6078125 0.58203125 0.103125 0.1625