0 0.07109375 0.37421875 0.08359375 0.1375
0 0.1875 0.3796875 0.0890625 0.1375
0 0.290625 0.40625 0.0703125 0.11875
0 0.3703125 0.403125 0.0734375 0.12578125
0 0.4375 0.41875 0.0703125 0.10546875
0 0.4984375 0.434375 0.075 0.10390625
0 0.55859375 0.40625 0.06171875 0.115625
0 0.61328125 0.415625 0.0828125 0.1203125
0 0.6546875 0.3703125 0.0828125 0.10390625
0 0.7734375 0.375 0.08671875 0.1328125
0 0.87109375 0.37890625 0.09453125 0.121875
0 0.91171875 0.54453125 0.0984375 0.10234375
0 0.7984375 0.51640625 0.0859375 0.115625
0 0.6953125 0.5125 0.0734375 0.10390625
0 0.578125 0.54375 0.07265625 0.10390625
0 0.44921875 0.528125 0.07578125 0.1125
0 0.35546875 0.56015625 0.09453125 0.12734375