0 0.2484375 0.1234375 0.1625 0.10625
0 0.26484375 0.24453125 0.15625 0.115625
0 0.265625 0.3953125 0.14375 0.103125
0 0.2609375 0.5140625 0.140625 0.084375
0 0.25 0.6484375 0.128125 0.078125
0 0.23671875 0.7359375 0.15 0.090625
0 0.259375 0.86015625 0.159375 0.10625
0 0.50625 0.203125 0.1296875 0.0859375
0 0.671875 0.171875 0.171875 0.128125
0 0.56015625 0.34921875 0.171875 0.109375
0 0.5890625 0.496875 0.15625 0.115625
0 0.540625 0.6921875 0.1375 0.0953125
0 0.55234375 0.8609375 0.159375 0.0921875