0 0.11640625 0.45546875 0.0953125 0.13203125
0 0.2140625 0.44453125 0.0921875 0.121875
0 0.3125 0.31875 0.08671875 0.1390625
0 0.325 0.51796875 0.06796875 0.12578125
0 0.4359375 0.4875 0.08984375 0.12421875
0 0.4796875 0.38515625 0.0609375 0.09765625
0 0.53046875 0.421875 0.071875 0.109375
0 0.57109375 0.4875 0.084375 0.12421875
0 0.65 0.4515625 0.0640625 0.10078125
0 0.7109375 0.48203125 0.08125 0.14375
0 0.78671875 0.37890625 0.0734375 0.13359375
0 0.8546875 0.43359375 0.08359375 0.15
0 0.9171875 0.484375 0.09921875 0.1453125