0 0.57109375 0.7015625 0.12109375 0.3421875
0 0.3203125 0.71328125 0.11328125 0.32578125
0 0.27109375 0.40859375 0.0765625 0.31796875
0 0.16953125 0.3328125 0.06875 0.253125
0 0.078125 0.43515625 0.11171875 0.42421875
0 0.434375 0.44375 0.090625 0.3703125
0 0.575 0.40546875 0.05546875 0.2828125
0 0.4734375 0.2484375 0.0484375 0.1765625
0 0.6265625 0.3078125 0.05 0.265625
0 0.75390625 0.4453125 0.09609375 0.3515625
0 0.80234375 0.26171875 0.06171875 0.184375
0 0.91484375 0.42890625 0.10625 0.440625