0 0.1359375 0.64140625 0.10625 0.4640625
0 0.153125 0.28828125 0.071875 0.30859375
0 0.0796875 0.2046875 0.07578125 0.38359375
0 0.21875 0.334375 0.0828125 0.31171875
0 0.275 0.39921875 0.05390625 0.29921875
0 0.275 0.715625 0.0671875 0.359375
0 0.36640625 0.6734375 0.078125 0.3234375
0 0.39140625 0.48359375 0.0765625 0.21875
0 0.4703125 0.4515625 0.07109375 0.190625
0 0.45546875 0.71953125 0.0484375 0.3375
0 0.54453125 0.7078125 0.0734375 0.284375
0 0.60546875 0.45078125 0.06875 0.26640625
0 0.675 0.64921875 0.04609375 0.22578125
0 0.75703125 0.73203125 0.08046875 0.271875
0 0.775 0.57890625 0.05625 0.134375
0 0.86640625 0.39296875 0.0828125 0.38515625
0 0.9328125 0.34140625 0.090625 0.35625
0 0.79140625 0.31484375 0.09609375 0.25859375
0 0.771875 0.103125 0.09375 0.16875