0 0.290625 0.50703125 0.159375 0.31953125
0 0.39453125 0.6828125 0.11484375 0.21796875
0 0.40390625 0.815625 0.14765625 0.17421875
0 0.37578125 0.9140625 0.175 0.1328125
0 0.82734375 0.6921875 0.14296875 0.2421875
0 0.67734375 0.44765625 0.09375 0.25234375
0 0.6734375 0.3296875 0.11953125 0.19453125
0 0.67890625 0.19921875 0.1125 0.1765625
0 0.68359375 0.07109375 0.05703125 0.10703125
0 0.90625 0.1734375 0.07578125 0.2640625
0 0.95625 0.06875 0.059375 0.1328125
0 0.809375 0.06640625 0.10390625 0.1328125