0 0.5890625 0.14765625 0.821875 0.125
0 0.44453125 0.26484375 0.2765625 0.096875
0 0.58125 0.3328125 0.684375 0.115625
0 0.32265625 0.2125 0.2359375 0.1125
0 0.20390625 0.278125 0.14375 0.059375
0 0.2203125 0.35 0.09375 0.0625
0 0.203125 0.47109375 0.10625 0.1125
0 0.56171875 0.56953125 0.696875 0.115625
0 0.6 0.41796875 0.746875 0.0984375
0 0.471875 0.4828125 0.33125 0.0625
0 0.2015625 0.59296875 0.171875 0.0875
0 0.5828125 0.68671875 0.765625 0.146875
0 0.203125 0.7 0.1703125 0.0859375
0 0.575 0.77734375 0.7671875 0.1265625
0 0.2640625 0.821875 0.225 0.11875
0 0.44453125 0.928125 0.496875 0.14375