0 0.1171875 0.68671875 0.128125 0.5703125
0 0.13046875 0.315625 0.140625 0.2046875
0 0.31953125 0.3125 0.1765625 0.31875
0 0.478125 0.30703125 0.1828125 0.2890625
0 0.62578125 0.3828125 0.215625 0.321875
0 0.796875 0.43828125 0.1625 0.346875
0 0.94453125 0.53359375 0.1109375 0.425
0 0.86171875 0.7453125 0.196875 0.509375
0 0.7328125 0.728125 0.1953125 0.490625
0 0.5765625 0.71484375 0.175 0.5703125
0 0.47109375 0.49453125 0.1625 0.25
0 0.36015625 0.68125 0.1828125 0.6234375
0 0.23984375 0.7546875 0.1640625 0.490625
0 0.02421875 0.71484375 0.0484375 0.5546875