0 0.23203125 0.81640625 0.378125 0.1953125
0 0.45546875 0.88046875 0.25625 0.115625
0 0.49609375 0.74921875 0.321875 0.115625
0 0.525 0.63984375 0.3 0.14375
0 0.48828125 0.49921875 0.315625 0.1625
0 0.521875 0.37109375 0.2234375 0.115625
0 0.2765625 0.25859375 0.540625 0.1625
0 0.22421875 0.38046875 0.4484375 0.209375
0 0.22421875 0.61484375 0.4484375 0.221875
0 0.6453125 0.81328125 0.25625 0.125
0 0.68046875 0.7046875 0.2640625 0.115625
0 0.6515625 0.575 0.396875 0.1578125
0 0.67421875 0.453125 0.21875 0.103125
0 0.6625 0.359375 0.2578125 0.103125
0 0.60390625 0.25390625 0.334375 0.1296875