0 0.7140625 0.68828125 0.275 0.0875
0 0.65 0.575 0.225 0.0625
0 0.64609375 0.47265625 0.165625 0.059375
0 0.659375 0.39921875 0.2125 0.0734375
0 0.50078125 0.296875 0.175 0.065625
0 0.50703125 0.175 0.228125 0.053125
0 0.45 0.0953125 0.1921875 0.06875
0 0.3953125 0.23828125 0.15 0.065625
0 0.4140625 0.32890625 0.1140625 0.06875
0 0.3796875 0.39765625 0.146875 0.078125
0 0.3625 0.50234375 0.13125 0.05625
0 0.47265625 0.52734375 0.15 0.05625
0 0.41171875 0.61953125 0.196875 0.0703125
0 0.41484375 0.7015625 0.146875 0.059375
0 0.3984375 0.765625 0.1921875 0.05
0 0.5875 0.85234375 0.60625 0.1203125