0 0.17265625 0.13828125 0.103125 0.1734375
0 0.103125 0.58203125 0.171875 0.7640625
0 0.19375 0.26953125 0.1 0.203125
0 0.26484375 0.60546875 0.1703125 0.7875
0 0.3453125 0.36953125 0.13125 0.36875
0 0.409375 0.38046875 0.121875 0.3453125
0 0.52734375 0.38046875 0.096875 0.321875
0 0.63046875 0.3890625 0.134375 0.384375
0 0.75859375 0.42421875 0.1296875 0.440625
0 0.88046875 0.48125 0.153125 0.50625
0 0.65234375 0.67734375 0.1046875 0.40625
0 0.56484375 0.76015625 0.1078125 0.4234375
0 0.46015625 0.75 0.1765625 0.5