0 0.87421875 0.2890625 0.1484375 0.45625
0 0.80078125 0.5578125 0.14375 0.3515625
0 0.675 0.6 0.159375 0.3515625
0 0.5484375 0.53125 0.134375 0.359375
0 0.47421875 0.61171875 0.121875 0.23125
0 0.41328125 0.559375 0.121875 0.21875
0 0.3265625 0.5140625 0.10625 0.3234375
0 0.26015625 0.51640625 0.159375 0.2515625
0 0.17890625 0.60234375 0.1375 0.1828125
0 0.7234375 0.27890625 0.13125 0.4625
0 0.58671875 0.3046875 0.140625 0.3734375
0 0.44375 0.29609375 0.1296875 0.328125
0 0.275 0.22421875 0.09375 0.1828125
0 0.25625 0.36875 0.109375 0.1609375
0 0.18125 0.3140625 0.096875 0.3828125
0 0.1015625 0.3125 0.1234375 0.278125