0 0.51953125 0.128125 0.478125 0.128125
0 0.29375 0.2109375 0.2 0.13125
0 0.334375 0.31953125 0.1921875 0.1125
0 0.384375 0.40859375 0.1921875 0.125
0 0.509375 0.225 0.3875 0.121875
0 0.6125 0.315625 0.4125 0.109375
0 0.6046875 0.43671875 0.4796875 0.1453125
0 0.37734375 0.525 0.26875 0.15
0 0.3703125 0.64765625 0.284375 0.140625
0 0.69375 0.5734375 0.56875 0.1234375
0 0.59453125 0.71796875 0.44375 0.128125
0 0.41875 0.765625 0.13125 0.08125
0 0.39296875 0.89140625 0.209375 0.140625
0 0.659375 0.9390625 0.46875 0.121875
0 0.640625 0.82890625 0.46875 0.128125