0 0.49765625 0.8875 0.3703125 0.1734375
0 0.46640625 0.78984375 0.3109375 0.146875
0 0.44453125 0.634375 0.25625 0.175
0 0.19765625 0.771875 0.3953125 0.1875
0 0.22890625 0.5640625 0.4578125 0.203125
0 0.22734375 0.31171875 0.4546875 0.325
0 0.375 0.16484375 0.528125 0.30625
0 0.53984375 0.30078125 0.4375 0.28125
0 0.6609375 0.44765625 0.165625 0.0890625
0 0.71171875 0.4953125 0.18125 0.103125
0 0.56484375 0.475 0.196875 0.1125
0 0.61171875 0.55078125 0.18125 0.096875
0 0.7109375 0.57109375 0.175 0.0734375
0 0.6421875 0.6328125 0.25 0.0953125
0 0.6859375 0.69609375 0.18125 0.078125
0 0.68515625 0.76875 0.1859375 0.1296875