0 0.2703125 0.93828125 0.1890625 0.0953125
0 0.303125 0.72109375 0.178125 0.078125
0 0.12265625 0.70546875 0.146875 0.090625
0 0.10546875 0.58203125 0.121875 0.0671875
0 0.25234375 0.49296875 0.225 0.0703125
0 0.403125 0.46875 0.19375 0.078125
0 0.53125 0.621875 0.1875 0.0703125
0 0.5015625 0.8171875 0.1625 0.046875
0 0.48046875 0.7828125 0.159375 0.046875
0 0.49375 0.74921875 0.14375 0.040625
0 0.54921875 0.7734375 0.071875 0.03125
0 0.8296875 0.965625 0.165625 0.053125
0 0.88046875 0.8828125 0.175 0.071875
0 0.93046875 0.703125 0.115625 0.0390625
0 0.89765625 0.63203125 0.153125 0.040625
0 0.94921875 0.6109375 0.1015625 0.0328125
0 0.95234375 0.5640625 0.0953125 0.028125
0 0.95546875 0.5375 0.0875 0.0234375
0 0.94453125 0.49921875 0.1109375 0.0265625
0 0.946875 0.46875 0.10625 0.0296875
0 0.890625 0.36640625 0.11875 0.0328125
0 0.759375 0.4296875 0.153125 0.046875
0 0.696875 0.51328125 0.15625 0.0421875
0 0.634375 0.44921875 0.15625 0.0375
0 0.50859375 0.365625 0.14375 0.05
0 0.62578125 0.33515625 0.171875 0.05
0 0.9546875 0.39765625 0.071875 0.0234375
0 0.96328125 0.35625 0.071875 0.03125
0 0.971875 0.3890625 0.05625 0.0265625
0 0.9203125 0.265625 0.1484375 0.03125
0 0.83828125 0.1921875 0.1484375 0.0484375
0 0.6453125 0.0609375 0.1796875 0.05
0 0.79921875 0.05390625 0.14375 0.0375
0 0.8 0.01953125 0.134375 0.028125
0 0.34921875 0.01484375 0.1875 0.0296875