0 0.57109375 0.10546875 0.1796875 0.0875
0 0.4875 0.17421875 0.1046875 0.04375
0 0.49765625 0.28125 0.16875 0.096875
0 0.52421875 0.35 0.1625 0.071875
0 0.50078125 0.4515625 0.1171875 0.0671875
0 0.5046875 0.5 0.121875 0.06875
0 0.49296875 0.5890625 0.109375 0.065625
0 0.51875 0.65234375 0.153125 0.06875
0 0.4203125 0.7703125 0.20625 0.08125
0 0.38125 0.84921875 0.20625 0.053125
0 0.3828125 0.69296875 0.196875 0.1
0 0.27421875 0.76328125 0.1890625 0.0734375
0 0.36640625 0.64296875 0.1375 0.0625
0 0.22734375 0.64609375 0.125 0.059375
0 0.36875 0.596875 0.1625 0.053125
0 0.39453125 0.54453125 0.1765625 0.06875
0 0.2484375 0.55859375 0.1484375 0.053125
0 0.3046875 0.528125 0.0875 0.0375
0 0.3734375 0.48828125 0.171875 0.05625
0 0.359375 0.440625 0.153125 0.0765625
0 0.3984375 0.37109375 0.128125 0.065625
0 0.315625 0.3515625 0.15 0.0875
0 0.29921875 0.2984375 0.128125 0.021875