0 0.3140625 0.3421875 0.425 0.1
0 0.375 0.503125 0.3 0.078125
0 0.4921875 0.6703125 0.24375 0.090625
0 0.53984375 0.58046875 0.25625 0.0765625
0 0.74453125 0.6859375 0.14375 0.0671875
0 0.70625 0.7984375 0.1984375 0.065625
0 0.67421875 0.8859375 0.34375 0.11875
0 0.72734375 0.60078125 0.140625 0.090625
0 0.7515625 0.55546875 0.1375 0.0875
0 0.7265625 0.484375 0.140625 0.04375
0 0.66015625 0.42265625 0.19375 0.0875
0 0.640625 0.53515625 0.1875 0.06875
0 0.77421875 0.3921875 0.128125 0.0609375
0 0.7 0.3375 0.20625 0.103125
0 0.734375 0.2703125 0.15625 0.065625
0 0.70546875 0.2046875 0.25625 0.065625
0 0.7390625 0.09921875 0.275 0.0875