0 0.3921875 0.2109375 0.33125 0.0890625
0 0.38984375 0.33125 0.353125 0.096875
0 0.4 0.43984375 0.378125 0.08125
0 0.4265625 0.55390625 0.303125 0.0796875
0 0.4203125 0.6625 0.35625 0.0875
0 0.38125 0.78828125 0.3640625 0.0671875
0 0.6234375 0.20390625 0.2171875 0.06875
0 0.63984375 0.2984375 0.215625 0.0671875
0 0.6640625 0.38203125 0.175 0.059375
0 0.6546875 0.48984375 0.215625 0.084375
0 0.68125 0.58984375 0.203125 0.0734375
0 0.64921875 0.68125 0.1625 0.053125
0 0.6390625 0.76953125 0.25 0.065625
0 0.828125 0.7859375 0.2125 0.05625
0 0.83359375 0.69296875 0.20625 0.084375
0 0.878125 0.6015625 0.2 0.0875
0 0.85703125 0.5140625 0.2609375 0.1046875
0 0.8375 0.42421875 0.23125 0.04375
0 0.8421875 0.31328125 0.190625 0.096875
0 0.8453125 0.221875 0.1828125 0.0890625