0 0.16015625 0.45703125 0.0890625 0.3625
0 0.315625 0.43984375 0.08125 0.36640625
0 0.240625 0.33125 0.09921875 0.20859375
0 0.25703125 0.22421875 0.08203125 0.13984375
0 0.353125 0.309375 0.0640625 0.09453125
0 0.38203125 0.328125 0.078125 0.2625
0 0.475 0.38203125 0.08828125 0.22109375
0 0.446875 0.2625 0.04296875 0.115625
0 0.51796875 0.29609375 0.0765625 0.1453125
0 0.61640625 0.36484375 0.05859375 0.215625
0 0.6671875 0.35625 0.053125 0.1359375
0 0.73984375 0.39375 0.0546875 0.1359375
0 0.81640625 0.4484375 0.06953125 0.17109375
0 0.8109375 0.33203125 0.05 0.13984375
0 0.7125 0.30078125 0.065625 0.128125
0 0.68203125 0.24609375 0.06171875 0.10234375
0 0.6125 0.21015625 0.075 0.10390625