0 0.3734375 0.5140625 0.428125 0.11875
0 0.5625 0.7765625 0.428125 0.071875
0 0.57890625 0.9234375 0.384375 0.0953125
0 0.66171875 0.73125 0.25 0.0625
0 0.6921875 0.6765625 0.246875 0.0625
0 0.615625 0.60390625 0.2328125 0.0671875
0 0.7953125 0.603125 0.2046875 0.090625
0 0.74140625 0.49921875 0.1125 0.046875
0 0.63046875 0.48203125 0.24375 0.096875
0 0.803125 0.49375 0.103125 0.059375
0 0.75625 0.4 0.1859375 0.06875
0 0.640625 0.3453125 0.253125 0.1015625
0 0.44375 0.29765625 0.296875 0.109375
0 0.42421875 0.09296875 0.321875 0.103125
0 0.6421875 0.203125 0.28125 0.0921875
0 0.79296875 0.2890625 0.203125 0.0875
0 0.79375 0.14921875 0.159375 0.0390625
0 0.6640625 0.065625 0.209375 0.096875
0 0.79609375 0.04609375 0.1765625 0.0546875