0 0.44609375 0.1484375 0.3015625 0.0796875
0 0.4671875 0.21171875 0.215625 0.059375
0 0.48671875 0.290625 0.221875 0.059375
0 0.353125 0.2703125 0.215625 0.071875
0 0.23125 0.2515625 0.146875 0.05625
0 0.2546875 0.33671875 0.13125 0.0484375
0 0.3828125 0.3609375 0.2234375 0.06875
0 0.44140625 0.42890625 0.225 0.0546875
0 0.3046875 0.42421875 0.1265625 0.05
0 0.20703125 0.4265625 0.15 0.075
0 0.234375 0.49609375 0.09375 0.0375
0 0.31171875 0.5078125 0.071875 0.0421875
0 0.43125 0.52265625 0.1375 0.0484375
0 0.61953125 0.49140625 0.21875 0.1
0 0.54609375 0.6234375 0.2625 0.053125
0 0.33359375 0.61875 0.16875 0.046875
0 0.253125 0.5625 0.09375 0.0359375
0 0.20859375 0.6171875 0.09375 0.04375
0 0.22265625 0.6546875 0.06875 0.034375
0 0.39609375 0.7125 0.2125 0.0546875
0 0.66796875 0.81171875 0.253125 0.05625
0 0.3921875 0.83046875 0.171875 0.0625
0 0.41640625 0.8984375 0.159375 0.0453125
0 0.4 0.9765625 0.19375 0.046875
0 0.18984375 0.846875 0.159375 0.0625
0 0.28671875 0.80390625 0.15625 0.08125
0 0.19921875 0.74765625 0.1078125 0.046875