0 0.94609375 0.2203125 0.1078125 0.365625
0 0.80703125 0.2234375 0.1296875 0.3109375
0 0.61328125 0.23515625 0.071875 0.375
0 0.5125 0.25 0.059375 0.365625
0 0.4140625 0.24140625 0.1125 0.4203125
0 0.28203125 0.24609375 0.1125 0.4
0 0.12109375 0.340625 0.059375 0.28125
0 0.03125 0.20546875 0.0625 0.365625
0 0.03515625 0.51328125 0.0703125 0.2046875
0 0.1328125 0.534375 0.08125 0.184375
0 0.1203125 0.659375 0.0625 0.1265625
0 0.01484375 0.64765625 0.028125 0.1359375
0 0.25 0.68671875 0.0796875 0.190625
0 0.35234375 0.634375 0.05 0.1578125
0 0.4578125 0.6328125 0.084375 0.1875
0 0.5421875 0.64375 0.059375 0.125
0 0.63203125 0.60625 0.0515625 0.128125
0 0.725 0.58359375 0.05 0.1453125
0 0.81953125 0.55625 0.059375 0.1125
0 0.925 0.56875 0.0515625 0.121875
0 0.75625 0.6515625 0.0640625 0.16875