0 0.0203125 0.49140625 0.028125 0.08671875
0 0.04921875 0.48359375 0.03203125 0.09609375
0 0.0625 0.4515625 0.01640625 0.06328125
0 0.07890625 0.4453125 0.01953125 0.0609375
0 0.109375 0.4390625 0.02109375 0.1109375
0 0.09921875 0.4703125 0.01953125 0.06328125
0 0.1203125 0.471875 0.01953125 0.05546875
0 0.15078125 0.47890625 0.02578125 0.06875
0 0.128125 0.540625 0.02890625 0.12578125
0 0.1140625 0.54140625 0.015625 0.04296875
0 0.09140625 0.5515625 0.03515625 0.07421875
0 0.04765625 0.5859375 0.02734375 0.05703125
0 0.02734375 0.578125 0.02109375 0.059375
0 0.046875 0.3640625 0.01640625 0.05
0 0.05859375 0.3609375 0.015625 0.0484375
0 0.0734375 0.3609375 0.015625 0.0515625
0 0.11484375 0.3359375 0.02578125 0.08671875
0 0.22734375 0.409375 0.02890625 0.078125
0 0.25078125 0.41328125 0.021875 0.10390625
0 0.2171875 0.51328125 0.028125 0.1109375
0 0.18203125 0.49375 0.02109375 0.0609375
0 0.15703125 0.5390625 0.01953125 0.04453125
0 0.17734375 0.56015625 0.03125 0.06484375
0 0.14765625 0.70390625 0.034375 0.14453125
0 0.1046875 0.6734375 0.02421875 0.1203125
0 0.07890625 0.69375 0.03984375 0.15390625
0 0.26171875 0.546875 0.025 0.10546875
0 0.28046875 0.55 0.02109375 0.11484375
0 0.2984375 0.5265625 0.02421875 0.10546875
0 0.31953125 0.5234375 0.01875 0.0609375
0 0.35703125 0.55078125 0.02109375 0.04296875
0 0.2953125 0.44453125 0.015625 0.06328125
0 0.30859375 0.4234375 0.02578125 0.0609375
0 0.32578125 0.4296875 0.015625 0.05546875
0 0.3734375 0.46953125 0.034375 0.071875
0 0.409375 0.50859375 0.01875 0.09453125
0 0.42421875 0.509375 0.02265625 0.09296875
0 0.45234375 0.52421875 0.01640625 0.059375
0 0.46953125 0.51953125 0.01953125 0.06875
0 0.47890625 0.52421875 0.01171875 0.0515625
0 0.53203125 0.54296875 0.02578125 0.05546875
0 0.5546875 0.5515625 0.02421875 0.08125
0 0.5859375 0.553125 0.03671875 0.05
0 0.58828125 0.521875 0.021875 0.05546875
0 0.31796875 0.7 0.028125 0.1484375
0 0.53984375 0.6703125 0.03359375 0.09296875
0 0.55859375 0.66640625 0.02421875 0.10703125
0 0.58671875 0.7359375 0.01875 0.08671875
0 0.55078125 0.77421875 0.03203125 0.09609375
0 0.5453125 0.93046875 0.021875 0.07578125
0 0.58046875 0.9609375 0.02890625 0.06640625
0 0.52421875 0.93671875 0.02265625 0.12578125
0 0.503125 0.934375 0.02734375 0.0984375
0 0.48046875 0.9 0.028125 0.06328125
0 0.465625 0.92890625 0.03125 0.06484375
0 0.45859375 0.9703125 0.02890625 0.059375
0 0.43984375 0.95625 0.02421875 0.04296875
0 0.4046875 0.9625 0.034375 0.075
0 0.365625 0.95546875 0.03125 0.05546875
0 0.3453125 0.9828125 0.028125 0.034375
0 0.33984375 0.92109375 0.02578125 0.05390625
0 0.34609375 0.89140625 0.02265625 0.03515625
0 0.36171875 0.89296875 0.025 0.0515625
0 0.3765625 0.909375 0.02421875 0.03359375
0 0.25390625 0.91484375 0.03515625 0.03359375
0 0.2421875 0.9515625 0.02578125 0.0515625
0 0.21796875 0.9640625 0.034375 0.04609375
0 0.1953125 0.96875 0.034375 0.05546875
0 0.24609375 0.84921875 0.04140625 0.06875
0 0.0703125 0.9703125 0.04296875 0.059375
0 0.71640625 0.5234375 0.02265625 0.0609375
0 0.7296875 0.503125 0.009375 0.04296875
0 0.74453125 0.525 0.01796875 0.05390625
0 0.77734375 0.54609375 0.02265625 0.059375
0 0.78515625 0.52890625 0.02265625 0.05390625
0 0.79453125 0.659375 0.03515625 0.06328125
0 0.83828125 0.66171875 0.015625 0.09453125
0 0.92109375 0.71640625 0.02890625 0.0890625
0 0.93828125 0.721875 0.01796875 0.06640625
0 0.9625 0.740625 0.0125 0.0703125