0 0.25234375 0.27890625 0.125 0.453125
0 0.2453125 0.790625 0.0953125 0.41875
0 0.42578125 0.21875 0.084375 0.421875
0 0.52890625 0.5171875 0.075 0.40625
0 0.4171875 0.6296875 0.115625 0.4078125
0 0.38125 0.803125 0.071875 0.2140625
0 0.46640625 0.84609375 0.065625 0.209375
0 0.584375 0.821875 0.078125 0.26875
0 0.64921875 0.78046875 0.06875 0.234375
0 0.725 0.7734375 0.075 0.2125
0 0.83984375 0.65625 0.0625 0.2625
0 0.7984375 0.3875 0.075 0.209375
0 0.72421875 0.34453125 0.1015625 0.25
0 0.65703125 0.278125 0.103125 0.2546875