0 0.11875 0.3296875 0.02890625 0.06640625
0 0.075 0.353125 0.02265625 0.04609375
0 0.06171875 0.35703125 0.01953125 0.03671875
0 0.0421875 0.36953125 0.01796875 0.03125
0 0.11015625 0.41328125 0.03515625 0.06640625
0 0.15078125 0.46953125 0.02734375 0.0609375
0 0.12109375 0.46875 0.02109375 0.04453125
0 0.13359375 0.44609375 0.01875 0.0484375
0 0.1015625 0.48125 0.02578125 0.07421875
0 0.08125 0.44140625 0.02265625 0.05390625
0 0.0546875 0.4515625 0.02421875 0.0484375
0 0.07265625 0.5046875 0.0375 0.1015625
0 0.01328125 0.49375 0.025 0.07578125
0 0.02578125 0.5734375 0.021875 0.06484375
0 0.04765625 0.59921875 0.028125 0.0796875
0 0.09296875 0.546875 0.025 0.090625
0 0.1046875 0.55078125 0.02421875 0.0796875
0 0.12578125 0.5359375 0.028125 0.1203125
0 0.15703125 0.54453125 0.02578125 0.05546875
0 0.1765625 0.56328125 0.03671875 0.08125
0 0.17578125 0.490625 0.03125 0.05546875
0 0.21484375 0.49609375 0.03359375 0.1109375
0 0.2296875 0.41640625 0.03046875 0.08125
0 0.2484375 0.4140625 0.01328125 0.09453125
0 0.28984375 0.44296875 0.03046875 0.0703125
0 0.30390625 0.409375 0.028125 0.0515625
0 0.32734375 0.43671875 0.02421875 0.0703125
0 0.37109375 0.4515625 0.03125 0.09296875
0 0.31953125 0.53125 0.01953125 0.06328125
0 0.2984375 0.55859375 0.02421875 0.07578125
0 0.29140625 0.509375 0.02421875 0.03671875
0 0.26328125 0.53515625 0.03046875 0.09609375
0 0.14921875 0.7203125 0.04921875 0.1515625
0 0.1125 0.678125 0.03515625 0.13359375
0 0.09140625 0.70625 0.0375 0.128125
0 0.09765625 0.92734375 0.0421875 0.1453125
0 0.14765625 0.92109375 0.03828125 0.15703125
0 0.06796875 0.9609375 0.02734375 0.078125
0 0.2375 0.8640625 0.03359375 0.10546875
0 0.25546875 0.92578125 0.01796875 0.04453125
0 0.26484375 0.95625 0.021875 0.08671875
0 0.28515625 0.98203125 0.02265625 0.03515625
0 0.228125 0.97265625 0.03125 0.0546875
0 0.34609375 0.98203125 0.01640625 0.03515625
0 0.33515625 0.9296875 0.03046875 0.05546875
0 0.346875 0.8953125 0.01875 0.04609375
0 0.36328125 0.8953125 0.01875 0.04609375
0 0.37265625 0.91640625 0.02265625 0.04453125
0 0.38984375 0.9484375 0.03515625 0.040625
0 0.41875 0.95625 0.04140625 0.08671875
0 0.44609375 0.971875 0.021875 0.040625
0 0.45703125 0.94375 0.025 0.0609375
0 0.45703125 0.8984375 0.01640625 0.0515625
0 0.48984375 0.890625 0.02578125 0.06328125
0 0.50625 0.890625 0.01484375 0.040625
0 0.51875 0.93828125 0.02890625 0.109375
0 0.525 0.890625 0.02109375 0.0515625
0 0.54921875 0.93828125 0.025 0.0984375
0 0.55 0.76484375 0.02109375 0.09609375
0 0.54453125 0.66953125 0.01875 0.08359375
0 0.54609375 0.62890625 0.02109375 0.0609375
0 0.45 0.5109375 0.02890625 0.05546875
0 0.46953125 0.528125 0.01796875 0.06640625
0 0.478125 0.51171875 0.02265625 0.06875
0 0.42578125 0.5 0.015625 0.08125
0 0.4125 0.51875 0.025 0.121875
0 0.31484375 0.70703125 0.02890625 0.1296875
0 0.36015625 0.56015625 0.02890625 0.05390625
0 0.53359375 0.53828125 0.025 0.06484375
0 0.55546875 0.5453125 0.025 0.071875
0 0.58671875 0.56328125 0.03984375 0.08515625
0 0.596875 0.53046875 0.02890625 0.0609375
0 0.621875 0.6984375 0.0375 0.11484375
0 0.72890625 0.6546875 0.04140625 0.06875
0 0.72578125 0.53515625 0.01796875 0.0703125
0 0.7296875 0.49296875 0.01953125 0.0484375
0 0.73828125 0.53515625 0.028125 0.0515625
0 0.778125 0.55390625 0.03359375 0.078125
0 0.78671875 0.53203125 0.021875 0.06875
0 0.79921875 0.65703125 0.028125 0.0484375
0 0.82109375 0.659375 0.028125 0.07421875
0 0.88828125 0.696875 0.034375 0.109375
0 0.94140625 0.73046875 0.01953125 0.071875
0 0.96484375 0.721875 0.02265625 0.059375