0 0.12421875 0.284375 0.053125 0.08125
0 0.15859375 0.36953125 0.065625 0.178125
0 0.23359375 0.3546875 0.075 0.234375
0 0.31328125 0.3421875 0.06875 0.190625
0 0.371875 0.309375 0.065625 0.225
0 0.4515625 0.34296875 0.0625 0.23125
0 0.52890625 0.3578125 0.06875 0.1578125
0 0.571875 0.27578125 0.053125 0.0796875
0 0.61796875 0.34765625 0.05625 0.175
0 0.6984375 0.33515625 0.0625 0.1359375
0 0.73671875 0.2640625 0.05625 0.103125
0 0.77578125 0.26015625 0.0625 0.159375
0 0.86875 0.503125 0.140625 0.575
0 0.73984375 0.59609375 0.109375 0.353125
0 0.6359375 0.61796875 0.10625 0.328125
0 0.5515625 0.52109375 0.065625 0.184375
0 0.47734375 0.55078125 0.06875 0.209375
0 0.3984375 0.5796875 0.121875 0.2859375
0 0.29921875 0.6078125 0.090625 0.3
0 0.14140625 0.61171875 0.1296875 0.28125