0 0.090625 0.43203125 0.09921875 0.28515625
0 0.15 0.4078125 0.1078125 0.25
0 0.19765625 0.48828125 0.1296875 0.3328125
0 0.2796875 0.34609375 0.11796875 0.21796875
0 0.315625 0.40390625 0.0984375 0.19140625
0 0.3 0.63671875 0.2 0.309375
0 0.3828125 0.41640625 0.12734375 0.26015625
0 0.48125 0.3515625 0.1296875 0.25859375
0 0.56875 0.39609375 0.171875 0.31484375
0 0.4609375 0.59765625 0.1265625 0.165625
0 0.5453125 0.703125 0.24765625 0.3296875
0 0.77109375 0.73359375 0.20703125 0.484375
0 0.6703125 0.42734375 0.16015625 0.32890625
0 0.7609375 0.375 0.1125 0.24609375
0 0.91484375 0.47421875 0.11171875 0.47109375
0 0.84765625 0.4078125 0.1234375 0.3640625