0 0.8734375 0.5828125 0.1890625 0.34453125
0 0.715625 0.65859375 0.128125 0.27578125
0 0.4015625 0.63359375 0.12265625 0.24375
0 0.20625 0.525 0.11875 0.25390625
0 0.078125 0.50078125 0.12421875 0.23671875
0 0.18359375 0.19453125 0.08671875 0.18671875
0 0.23671875 0.27890625 0.0921875 0.1953125
0 0.3359375 0.2859375 0.1015625 0.18125
0 0.44609375 0.2953125 0.08125 0.128125
0 0.54765625 0.3125 0.10546875 0.20234375
0 0.68828125 0.32421875 0.1265625 0.2078125
0 0.81953125 0.34140625 0.08671875 0.1671875