0 0.1125 0.690625 0.1984375 0.46171875
0 0.17265625 0.48125 0.09609375 0.1140625
0 0.10234375 0.2921875 0.115625 0.2640625
0 0.2328125 0.28984375 0.1453125 0.31171875
0 0.39453125 0.2484375 0.090625 0.196875
0 0.365625 0.62421875 0.12734375 0.49140625
0 0.4921875 0.409375 0.115625 0.19140625
0 0.521875 0.21484375 0.109375 0.165625
0 0.5546875 0.746875 0.24765625 0.44375
0 0.6234375 0.42421875 0.12421875 0.209375
0 0.65859375 0.20546875 0.10546875 0.18515625
0 0.78515625 0.21328125 0.1390625 0.18125
0 0.7671875 0.60078125 0.12734375 0.51484375
0 0.9015625 0.63828125 0.15 0.55390625