0 0.1078125 0.8234375 0.128125 0.215625
0 0.25078125 0.83125 0.1375 0.19375
0 0.346875 0.78671875 0.146875 0.240625
0 0.46640625 0.86953125 0.071875 0.1328125
0 0.5140625 0.771875 0.14375 0.3125
0 0.61875 0.7453125 0.1421875 0.340625
0 0.72265625 0.84140625 0.071875 0.1125
0 0.8046875 0.81875 0.1078125 0.175
0 0.9171875 0.71171875 0.103125 0.371875
0 0.8625 0.4625 0.128125 0.671875
0 0.7265625 0.6390625 0.159375 0.315625
0 0.67421875 0.26328125 0.2171875 0.5265625
0 0.5 0.28046875 0.1625 0.5609375
0 0.365625 0.27421875 0.1671875 0.525
0 0.26875 0.4921875 0.134375 0.4734375
0 0.15234375 0.5296875 0.1375 0.4