0 0.93359375 0.053125 0.046875 0.05625
0 0.925 0.17265625 0.046875 0.1546875
0 0.88515625 0.11328125 0.0296875 0.09375
0 0.84921875 0.19375 0.040625 0.1859375
0 0.8203125 0.259375 0.0484375 0.134375
0 0.79140625 0.18125 0.034375 0.065625
0 0.76015625 0.2734375 0.0375 0.1640625
0 0.7234375 0.26171875 0.0375 0.153125
0 0.68046875 0.2265625 0.0359375 0.0625
0 0.64296875 0.2234375 0.034375 0.0609375
0 0.6109375 0.25703125 0.0328125 0.0703125
0 0.5875 0.2390625 0.03125 0.05
0 0.55234375 0.29765625 0.0375 0.0953125
0 0.5078125 0.425 0.046875 0.2765625
0 0.48046875 0.31796875 0.028125 0.046875
0 0.459375 0.29921875 0.0328125 0.059375
0 0.465625 0.3609375 0.0375 0.06875
0 0.42578125 0.3453125 0.03125 0.06875
0 0.39921875 0.421875 0.059375 0.084375
0 0.3703125 0.37265625 0.046875 0.090625
0 0.3421875 0.34453125 0.0296875 0.078125
0 0.31484375 0.34921875 0.0375 0.053125
0 0.28359375 0.3265625 0.0453125 0.0765625
0 0.24140625 0.35625 0.040625 0.0703125
0 0.21484375 0.31015625 0.0296875 0.090625
0 0.1875 0.31015625 0.0421875 0.09375
0 0.14609375 0.3421875 0.05 0.0734375
0 0.1875 0.40859375 0.0484375 0.08125
0 0.21640625 0.45546875 0.05 0.08125
0 0.26015625 0.43125 0.0484375 0.0765625
0 0.2984375 0.43828125 0.034375 0.059375
0 0.29609375 0.503125 0.065625 0.096875
0 0.38828125 0.5109375 0.0625 0.0625
0 0.35703125 0.7703125 0.0546875 0.459375
0 0.29296875 0.7734375 0.103125 0.425
0 0.18046875 0.7578125 0.1359375 0.484375
0 0.0875 0.72734375 0.06875 0.4890625
0 0.128125 0.4171875 0.059375 0.109375
0 0.45625 0.76875 0.1046875 0.459375
0 0.55078125 0.77421875 0.084375 0.4375
0 0.6375 0.78359375 0.071875 0.421875
0 0.72109375 0.72734375 0.075 0.44375
0 0.79296875 0.76484375 0.065625 0.4703125
0 0.88671875 0.7609375 0.078125 0.46875
0 0.65703125 0.5171875 0.05625 0.0953125
0 0.578125 0.51171875 0.0625 0.071875