0 0.059375 0.346875 0.11875 0.30234375
0 0.13125 0.26328125 0.10234375 0.178125
0 0.14296875 0.61171875 0.146875 0.6234375
0 0.20703125 0.3140625 0.08828125 0.184375
0 0.29140625 0.2765625 0.059375 0.1484375
0 0.27890625 0.62265625 0.14140625 0.7546875
0 0.3640625 0.2625 0.08046875 0.10703125
0 0.33984375 0.321875 0.07734375 0.11328125
0 0.41953125 0.61015625 0.1640625 0.7796875
0 0.49140625 0.271875 0.0796875 0.121875
0 0.54296875 0.634375 0.1390625 0.73046875
0 0.59765625 0.29921875 0.071875 0.12421875
0 0.66328125 0.36953125 0.0859375 0.24296875
0 0.72734375 0.628125 0.1375 0.74375
0 0.77734375 0.31328125 0.05078125 0.1265625
0 0.81875 0.32109375 0.13671875 0.2671875
0 0.90234375 0.6 0.175 0.8