0 0.48046875 0.17109375 0.125 0.078125
0 0.4078125 0.259375 0.11875 0.0859375
0 0.4078125 0.3921875 0.0953125 0.0671875
0 0.47265625 0.34921875 0.1015625 0.0671875
0 0.50390625 0.4015625 0.1328125 0.08125
0 0.4421875 0.46328125 0.1234375 0.0625
0 0.6078125 0.453125 0.153125 0.08125
0 0.5796875 0.56953125 0.134375 0.096875
0 0.4859375 0.5296875 0.13125 0.065625
0 0.42890625 0.58125 0.115625 0.0640625
0 0.446875 0.63203125 0.128125 0.075
0 0.49921875 0.715625 0.14375 0.075
0 0.40625 0.74375 0.115625 0.0625
0 0.4328125 0.80625 0.128125 0.075
0 0.45625 0.88046875 0.1234375 0.0625