0 0.3921875 0.90859375 0.4 0.1828125
0 0.4109375 0.8078125 0.33125 0.0734375
0 0.50859375 0.74453125 0.315625 0.096875
0 0.521875 0.66015625 0.309375 0.1125
0 0.21953125 0.71328125 0.2296875 0.121875
0 0.1703125 0.80625 0.340625 0.103125
0 0.4375 0.5640625 0.559375 0.159375
0 0.41484375 0.4765625 0.4703125 0.11875
0 0.4234375 0.3703125 0.453125 0.1109375
0 0.4296875 0.29140625 0.465625 0.08125
0 0.54609375 0.2046875 0.240625 0.11875
0 0.39921875 0.203125 0.1875 0.1109375
0 0.17734375 0.17109375 0.3546875 0.14375