0 0.09140625 0.6078125 0.1828125 0.40078125
0 0.1921875 0.5890625 0.0734375 0.33203125
0 0.25546875 0.49140625 0.09765625 0.31640625
0 0.33984375 0.478125 0.1125 0.31015625
0 0.28671875 0.78046875 0.121875 0.2296875
0 0.19375 0.8296875 0.10234375 0.340625
0 0.4359375 0.5625 0.15859375 0.559375
0 0.5234375 0.58515625 0.11953125 0.4703125
0 0.6296875 0.5765625 0.1109375 0.45390625
0 0.70859375 0.5703125 0.08125 0.46640625
0 0.7953125 0.45390625 0.11953125 0.24140625
0 0.796875 0.60078125 0.1109375 0.18828125
0 0.82890625 0.82265625 0.14453125 0.3546875