0 0.1703125 0.584375 0.1421875 0.71953125
0 0.27265625 0.59375 0.0875 0.67109375
0 0.34296875 0.59296875 0.0921875 0.61015625
0 0.4390625 0.41640625 0.08203125 0.26640625
0 0.45390625 0.734375 0.1546875 0.403125
0 0.53046875 0.40703125 0.08359375 0.21796875
0 0.6109375 0.409375 0.07265625 0.25625
0 0.67421875 0.34375 0.0546875 0.146875
0 0.71953125 0.471875 0.0640625 0.21796875
0 0.5578125 0.59375 0.08125 0.159375
0 0.6359375 0.76953125 0.0890625 0.38203125
0 0.73359375 0.77265625 0.13359375 0.35859375