0 0.159375 0.103125 0.1296875 0.20625
0 0.1359375 0.20625 0.1171875 0.190625
0 0.1078125 0.29921875 0.12421875 0.190625
0 0.09453125 0.39375 0.13359375 0.184375
0 0.15 0.51171875 0.13515625 0.16640625
0 0.23125 0.35 0.09453125 0.20859375
0 0.07421875 0.57734375 0.14609375 0.21796875
0 0.35859375 0.53203125 0.10234375 0.21796875
0 0.48515625 0.5578125 0.09375 0.1625
0 0.50390625 0.27890625 0.07734375 0.18046875
0 0.54765625 0.1765625 0.0703125 0.1984375
0 0.47421875 0.09453125 0.0671875 0.18828125
0 0.70234375 0.1390625 0.08125 0.234375
0 0.70703125 0.61640625 0.07890625 0.20078125
0 0.79453125 0.48125 0.11171875 0.16875
0 0.95625 0.46015625 0.0828125 0.13515625
0 0.921875 0.5390625 0.0828125 0.13671875
0 0.8234375 0.63203125 0.13203125 0.14453125
0 0.775 0.7828125 0.1125 0.1484375
0 0.48359375 0.93828125 0.0890625 0.12265625