0 0.103125 0.159375 0.20625 0.1296875
0 0.20625 0.1359375 0.190625 0.1171875
0 0.29921875 0.1078125 0.190625 0.125
0 0.39375 0.09453125 0.184375 0.134375
0 0.51171875 0.15 0.165625 0.134375
0 0.35 0.23125 0.209375 0.09375
0 0.57734375 0.07421875 0.21875 0.146875
0 0.53203125 0.35859375 0.21875 0.103125
0 0.5578125 0.48515625 0.1625 0.09375
0 0.27890625 0.50390625 0.18125 0.078125
0 0.1765625 0.54765625 0.1984375 0.0703125
0 0.09453125 0.47421875 0.1875 0.0671875
0 0.1390625 0.70234375 0.234375 0.08125
0 0.61640625 0.70703125 0.2 0.078125
0 0.48125 0.79453125 0.16875 0.1125
0 0.46015625 0.95625 0.134375 0.0828125
0 0.5390625 0.921875 0.1375 0.0828125
0 0.63203125 0.8234375 0.14375 0.13125
0 0.7828125 0.775 0.1484375 0.1125
0 0.93828125 0.48359375 0.121875 0.0890625