0 0.24140625 0.25859375 0.153125 0.11484375
0 0.3953125 0.2390625 0.15078125 0.115625
0 0.12734375 0.55234375 0.13671875 0.1265625
0 0.29921875 0.51875 0.14375 0.13359375
0 0.4828125 0.50234375 0.14765625 0.14140625
0 0.6390625 0.43046875 0.1296875 0.125
0 0.81171875 0.3640625 0.1296875 0.14375
0 0.865625 0.5140625 0.14921875 0.1375
0 0.73359375 0.6140625 0.13671875 0.13984375
0 0.63125 0.7 0.1953125 0.1546875
0 0.47578125 0.63828125 0.13359375 0.134375
0 0.33125 0.678125 0.17578125 0.14296875
0 0.0890625 0.7390625 0.14609375 0.1375