0 0.5703125 0.0640625 0.853125 0.128125
0 0.5640625 0.18359375 0.871875 0.1109375
0 0.20078125 0.240625 0.225 0.078125
0 0.18984375 0.3 0.134375 0.0984375
0 0.13359375 0.35625 0.19375 0.084375
0 0.1734375 0.4375 0.1703125 0.075
0 0.10390625 0.50859375 0.134375 0.103125
0 0.3 0.3953125 0.253125 0.1296875
0 0.3421875 0.309375 0.234375 0.090625
0 0.71875 0.34921875 0.5625 0.171875
0 0.65 0.4765625 0.521875 0.121875
0 0.30234375 0.48046875 0.3 0.10625
0 0.178125 0.59609375 0.221875 0.103125
0 0.28125 0.66328125 0.359375 0.1765625
0 0.2234375 0.76328125 0.275 0.13125
0 0.296875 0.88046875 0.296875 0.10625
0 0.6296875 0.91640625 0.396875 0.125
0 0.44609375 0.79921875 0.21875 0.103125
0 0.640625 0.74296875 0.4859375 0.20625
0 0.65 0.60546875 0.509375 0.15