0 0.71171875 0.8515625 0.253125 0.0859375
0 0.76015625 0.7625 0.2703125 0.0859375
0 0.4953125 0.828125 0.246875 0.0875
0 0.56640625 0.6984375 0.2640625 0.075
0 0.75390625 0.559375 0.228125 0.1
0 0.74921875 0.4 0.290625 0.1171875
0 0.71171875 0.21953125 0.33125 0.075
0 0.68125 0.0953125 0.3265625 0.08125
0 0.49609375 0.14765625 0.221875 0.121875
0 0.46796875 0.2421875 0.246875 0.1125
0 0.5671875 0.31484375 0.215625 0.121875
0 0.559375 0.4 0.2203125 0.0703125
0 0.58125 0.46875 0.196875 0.0671875
0 0.59140625 0.54609375 0.253125 0.08125
0 0.6 0.603125 0.2125 0.078125
0 0.48359375 0.64375 0.23125 0.1046875
0 0.44140625 0.5796875 0.2140625 0.08125
0 0.44140625 0.50546875 0.203125 0.109375
0 0.46328125 0.446875 0.190625 0.071875
0 0.44921875 0.35 0.203125 0.075
0 0.3765625 0.334375 0.175 0.065625
0 0.36015625 0.42734375 0.13125 0.0546875
0 0.340625 0.52421875 0.159375 0.0875