0 0.428125 0.8640625 0.1296875 0.1
0 0.49765625 0.759375 0.1296875 0.09375
0 0.40546875 0.75625 0.1015625 0.0625
0 0.40625 0.65859375 0.128125 0.075
0 0.534375 0.6078125 0.125 0.09375
0 0.40390625 0.5328125 0.153125 0.0875
0 0.4953125 0.48515625 0.1578125 0.0875
0 0.43671875 0.41484375 0.11875 0.065625
0 0.50859375 0.36640625 0.1546875 0.090625
0 0.45625 0.309375 0.14375 0.065625
0 0.484375 0.26796875 0.140625 0.08125
0 0.46171875 0.19765625 0.146875 0.071875
0 0.4671875 0.10234375 0.1453125 0.0796875