0 0.72734375 0.8421875 0.1375 0.08125
0 0.5890625 0.92734375 0.11875 0.071875
0 0.4625 0.946875 0.09375 0.071875
0 0.6890625 0.98359375 0.15625 0.03125
0 0.44453125 0.86015625 0.090625 0.084375
0 0.4359375 0.771875 0.10625 0.065625
0 0.4265625 0.6921875 0.096875 0.0671875
0 0.415625 0.6109375 0.1 0.0578125
0 0.43515625 0.534375 0.10625 0.06875
0 0.46328125 0.46015625 0.1125 0.053125
0 0.4359375 0.3734375 0.10625 0.0671875
0 0.4265625 0.26171875 0.1125 0.06875
0 0.47421875 0.1859375 0.078125 0.05625
0 0.44609375 0.15078125 0.0953125 0.0625
0 0.56875 0.090625 0.1265625 0.075
0 0.4234375 0.0359375 0.11875 0.071875
0 0.55390625 0.23515625 0.1265625 0.1015625
0 0.7046875 0.22734375 0.1078125 0.075
0 0.678125 0.39765625 0.14375 0.09375
0 0.72734375 0.5109375 0.1234375 0.075