0 0.04765625 0.63671875 0.0953125 0.45546875
0 0.17734375 0.74453125 0.2328125 0.5109375
0 0.3390625 0.7265625 0.2 0.54609375
0 0.2046875 0.23671875 0.21171875 0.27734375
0 0.33515625 0.31484375 0.24921875 0.29140625
0 0.50703125 0.20859375 0.21875 0.2125
0 0.55390625 0.31953125 0.1375 0.12265625
0 0.41875 0.3625 0.171875 0.17265625
0 0.625 0.3515625 0.1609375 0.1234375
0 0.715625 0.25078125 0.19921875 0.225
0 0.903125 0.24140625 0.19375 0.1796875
0 0.71484375 0.45 0.2546875 0.153125
0 0.5234375 0.453125 0.1984375 0.19375
0 0.8953125 0.44140625 0.209375 0.1171875
0 0.91484375 0.60703125 0.1703125 0.23828125
0 0.82578125 0.7875 0.3484375 0.425
0 0.58515625 0.75078125 0.28515625 0.49765625