0 0.1828125 0.34921875 0.084375 0.14609375
0 0.25 0.346875 0.0765625 0.1265625
0 0.30234375 0.25390625 0.06328125 0.12265625
0 0.35390625 0.328125 0.06953125 0.11953125
0 0.42109375 0.2984375 0.09765625 0.1328125
0 0.4671875 0.21015625 0.078125 0.1234375
0 0.5375 0.26953125 0.07734375 0.1328125
0 0.49765625 0.42890625 0.0828125 0.146875
0 0.61171875 0.334375 0.10078125 0.15390625
0 0.78125 0.36875 0.10546875 0.1625
0 0.8734375 0.31953125 0.10625 0.13671875
0 0.86171875 0.1796875 0.09453125 0.15078125