0 0.21796875 0.50390625 0.09296875 0.1796875
0 0.290625 0.45625 0.0875 0.16640625
0 0.36640625 0.3125 0.05625 0.13046875
0 0.375 0.4515625 0.07265625 0.134375
0 0.446875 0.4328125 0.06484375 0.125
0 0.42421875 0.303125 0.05625 0.11328125
0 0.4828125 0.29296875 0.0703125 0.1328125
0 0.5609375 0.21640625 0.07265625 0.11875
0 0.57421875 0.35 0.07421875 0.12265625
0 0.63828125 0.33359375 0.07109375 0.14765625
0 0.70859375 0.340625 0.078125 0.128125
0 0.78671875 0.29609375 0.0921875 0.14765625
0 0.7609375 0.4515625 0.1 0.15078125
0 0.60390625 0.49296875 0.125 0.1640625
0 0.48984375 0.55625 0.0890625 0.16484375