0 0.76171875 0.2046875 0.109375 0.078125
0 0.509375 0.14765625 0.103125 0.078125
0 0.56953125 0.30390625 0.08125 0.05625
0 0.603125 0.35859375 0.1015625 0.046875
0 0.521875 0.3953125 0.096875 0.059375
0 0.5625 0.428125 0.096875 0.05
0 0.77734375 0.340625 0.0875 0.05
0 0.78125 0.403125 0.090625 0.046875
0 0.73359375 0.44296875 0.0953125 0.05625
0 0.7796875 0.5453125 0.10625 0.0609375
0 0.6984375 0.53203125 0.10625 0.0671875
0 0.73828125 0.62578125 0.10625 0.065625
0 0.73828125 0.740625 0.11875 0.078125
0 0.5765625 0.61171875 0.134375 0.06875
0 0.496875 0.80390625 0.1734375 0.1203125