0 0.934375 0.41171875 0.06875 0.334375
0 0.8328125 0.32421875 0.20625 0.56875
0 0.825 0.64921875 0.15625 0.2
0 0.72265625 0.55546875 0.134375 0.284375
0 0.61875 0.67109375 0.1125 0.196875
0 0.54765625 0.64609375 0.125 0.19375
0 0.4234375 0.7015625 0.1125 0.175
0 0.06015625 0.4578125 0.096875 0.4375
0 0.14609375 0.41953125 0.165625 0.7375
0 0.375 0.63125 0.159375 0.1375
0 0.47734375 0.56015625 0.1109375 0.209375
0 0.596875 0.52734375 0.1375 0.2625
0 0.68671875 0.28203125 0.1609375 0.415625
0 0.51640625 0.275 0.146875 0.4375
0 0.3359375 0.2984375 0.240625 0.596875
0 0.23125 0.51015625 0.075 0.3390625
0 0.29609375 0.5828125 0.046875 0.1125