0 0.165625 0.709375 0.096875 0.146875
0 0.15625 0.49453125 0.08125 0.134375
0 0.2515625 0.53046875 0.1078125 0.153125
0 0.28828125 0.7765625 0.096875 0.14375
0 0.38359375 0.7234375 0.09375 0.1546875
0 0.47265625 0.715625 0.09375 0.153125
0 0.4203125 0.5390625 0.1 0.146875
0 0.51171875 0.546875 0.0875 0.14375
0 0.6109375 0.54609375 0.1015625 0.1421875
0 0.59296875 0.7578125 0.09375 0.153125
0 0.740625 0.76328125 0.0890625 0.153125
0 0.8609375 0.7125 0.0953125 0.1328125
0 0.8 0.60625 0.1015625 0.146875
0 0.7234375 0.57109375 0.096875 0.159375