0 0.82265625 0.78671875 0.13125 0.0609375
0 0.74609375 0.75390625 0.1 0.059375
0 0.7609375 0.6859375 0.09375 0.0609375
0 0.76796875 0.60703125 0.1 0.0578125
0 0.80234375 0.54609375 0.096875 0.0625
0 0.78828125 0.47109375 0.1125 0.065625
0 0.734375 0.384375 0.115625 0.059375
0 0.765625 0.33203125 0.109375 0.05
0 0.73828125 0.28203125 0.1125 0.065625
0 0.75390625 0.2109375 0.13125 0.084375
0 0.6015625 0.43203125 0.1421875 0.078125
0 0.60703125 0.340625 0.121875 0.084375
0 0.6265625 0.56171875 0.115625 0.090625
0 0.628125 0.70546875 0.1234375 0.0890625