0 0.07734375 0.32421875 0.0890625 0.13046875
0 0.13046875 0.2828125 0.06953125 0.16171875
0 0.17265625 0.36015625 0.09765625 0.1625
0 0.24140625 0.36796875 0.0671875 0.146875
0 0.31328125 0.35703125 0.07421875 0.15859375
0 0.3953125 0.38203125 0.08671875 0.13671875
0 0.4671875 0.315625 0.075 0.09765625
0 0.5140625 0.378125 0.096875 0.1265625
0 0.6078125 0.3296875 0.08203125 0.125
0 0.63515625 0.4296875 0.10078125 0.15078125
0 0.7078125 0.38671875 0.07890625 0.140625
0 0.734375 0.3265625 0.0609375 0.09375
0 0.771875 0.36328125 0.07734375 0.11171875
0 0.8625 0.30625 0.09453125 0.13828125