0 0.74375 0.10859375 0.325 0.1296875
0 0.815625 0.1765625 0.15 0.075
0 0.7125 0.2296875 0.353125 0.13125
0 0.7390625 0.309375 0.25 0.1125
0 0.671875 0.390625 0.371875 0.10625
0 0.565625 0.32265625 0.2125 0.1
0 0.778125 0.4453125 0.15 0.071875
0 0.675 0.50703125 0.38125 0.115625
0 0.71484375 0.58203125 0.240625 0.13125
0 0.68671875 0.68671875 0.3078125 0.090625
0 0.65390625 0.74765625 0.271875 0.096875
0 0.80390625 0.81953125 0.178125 0.1125
0 0.75 0.91875 0.30625 0.1421875
0 0.46328125 0.85625 0.675 0.215625
0 0.3703125 0.709375 0.5140625 0.1765625
0 0.36953125 0.54140625 0.490625 0.1421875
0 0.31640625 0.42421875 0.4578125 0.1125
0 0.31484375 0.35859375 0.303125 0.1125
0 0.5234375 0.3328125 0.3 0.125
0 0.37109375 0.221875 0.45 0.128125
0 0.371875 0.096875 0.575 0.128125