0 0.671875 0.19921875 0.16875 0.1
0 0.621875 0.15 0.209375 0.1109375
0 0.875 0.73828125 0.1703125 0.0609375
0 0.84921875 0.80625 0.215625 0.1015625
0 0.7109375 0.92109375 0.4125 0.065625
0 0.70546875 0.9625 0.44375 0.075
0 0.8234375 0.4625 0.2046875 0.140625
0 0.81484375 0.5703125 0.2046875 0.096875
0 0.8359375 0.6359375 0.1921875 0.115625
0 0.8109375 0.69375 0.1734375 0.128125
0 0.60703125 0.76796875 0.384375 0.2140625
0 0.6171875 0.625 0.3171875 0.1375
0 0.625 0.52578125 0.284375 0.1359375
0 0.63515625 0.4265625 0.290625 0.1328125
0 0.68984375 0.30859375 0.2125 0.140625
0 0.37734375 0.153125 0.50625 0.21875
0 0.40625 0.309375 0.4828125 0.153125
0 0.29375 0.4046875 0.53125 0.234375
0 0.340625 0.56328125 0.5109375 0.215625
0 0.29765625 0.7390625 0.5375 0.2359375