0 0.8546875 0.14765625 0.26875 0.13125
0 0.68125 0.1125 0.28125 0.125
0 0.6875 0.3078125 0.29375 0.153125
0 0.78359375 0.3421875 0.3625 0.121875
0 0.80859375 0.503125 0.3234375 0.1578125
0 0.85546875 0.6625 0.246875 0.0890625
0 0.8515625 0.85625 0.2453125 0.1203125
0 0.66171875 0.6875 0.1859375 0.146875
0 0.64296875 0.84609375 0.190625 0.115625
0 0.64296875 0.5171875 0.2125 0.1625
0 0.4046875 0.0484375 0.2265625 0.096875
0 0.46953125 0.128125 0.3015625 0.075
0 0.51328125 0.32734375 0.2734375 0.109375
0 0.51484375 0.49375 0.2421875 0.084375
0 0.5703125 0.7015625 0.253125 0.1453125
0 0.4140625 0.86328125 0.2453125 0.134375
0 0.44765625 0.91875 0.2640625 0.09375
0 0.334375 0.45625 0.253125 0.134375
0 0.31015625 0.2796875 0.25625 0.1375
0 0.08671875 0.10390625 0.1734375 0.1453125
0 0.09765625 0.27109375 0.1953125 0.1125
0 0.053125 0.4390625 0.10625 0.128125
0 0.1078125 0.534375 0.215625 0.08125
0 0.2984375 0.67421875 0.2 0.1328125
0 0.18359375 0.74296875 0.2265625 0.1109375