0 0.14765625 0.1453125 0.13125 0.26796875
0 0.1125 0.31875 0.12421875 0.28125
0 0.3078125 0.3125 0.15234375 0.29375
0 0.3421875 0.21640625 0.12265625 0.3625
0 0.503125 0.19140625 0.1578125 0.3234375
0 0.6625 0.14453125 0.0890625 0.24765625
0 0.85625 0.1484375 0.1203125 0.2453125
0 0.6875 0.33828125 0.14765625 0.1859375
0 0.84609375 0.35703125 0.115625 0.18984375
0 0.5171875 0.35703125 0.16328125 0.21171875
0 0.0484375 0.5953125 0.09609375 0.2265625
0 0.128125 0.53046875 0.075 0.3015625
0 0.32734375 0.48671875 0.11015625 0.2734375
0 0.49375 0.48515625 0.08359375 0.2421875
0 0.7015625 0.4296875 0.1453125 0.253125
0 0.86328125 0.5859375 0.13359375 0.2453125
0 0.91875 0.55234375 0.09375 0.2640625
0 0.45625 0.665625 0.13359375 0.253125
0 0.2796875 0.68984375 0.13828125 0.25703125
0 0.10390625 0.91328125 0.1453125 0.1734375
0 0.27109375 0.90234375 0.1125 0.1953125
0 0.4390625 0.946875 0.128125 0.10625
0 0.534375 0.8921875 0.08125 0.21484375
0 0.67421875 0.7015625 0.1328125 0.20078125
0 0.74296875 0.81640625 0.11015625 0.2265625