0 0.91875 0.7015625 0.1625 0.59609375
0 0.809375 0.57109375 0.20390625 0.6328125
0 0.725 0.425 0.1828125 0.4296875
0 0.2421875 0.4640625 0.17734375 0.39609375
0 0.14765625 0.52890625 0.15078125 0.3625
0 0.0875 0.72421875 0.17421875 0.5515625
0 0.56015625 0.271875 0.09921875 0.31640625
0 0.83046875 0.2796875 0.11328125 0.24375
0 0.690625 0.1953125 0.0921875 0.1640625
0 0.4171875 0.2640625 0.12578125 0.2640625
0 0.309375 0.34375 0.1328125 0.2421875
0 0.259375 0.21328125 0.08125 0.15078125
0 0.128125 0.23984375 0.08359375 0.25703125
0 0.03828125 0.26796875 0.0765625 0.21171875