0 0.76796875 0.8703125 0.128125 0.071875
0 0.64765625 0.91171875 0.15 0.0890625
0 0.67109375 0.821875 0.175 0.1078125
0 0.79765625 0.809375 0.1265625 0.0859375
0 0.775 0.77578125 0.134375 0.0828125
0 0.80078125 0.67265625 0.15 0.10625
0 0.63828125 0.659375 0.15 0.1
0 0.76796875 0.5828125 0.15 0.0921875
0 0.76875 0.51328125 0.159375 0.0953125
0 0.61953125 0.54765625 0.159375 0.0921875
0 0.61640625 0.46171875 0.153125 0.1046875
0 0.81328125 0.44375 0.134375 0.0859375
0 0.87265625 0.3203125 0.1625 0.08125
0 0.64453125 0.321875 0.1453125 0.103125
0 0.53125 0.34921875 0.146875 0.096875
0 0.8359375 0.2015625 0.15625 0.09375