0 0.3984375 0.65546875 0.1296875 0.40625
0 0.1515625 0.51328125 0.1578125 0.50625
0 0.278125 0.32421875 0.109375 0.16875
0 0.2203125 0.328125 0.06875 0.140625
0 0.22109375 0.24765625 0.15 0.29375
0 0.3375 0.234375 0.0625 0.25
0 0.41953125 0.384375 0.084375 0.209375
0 0.49921875 0.4109375 0.053125 0.190625
0 0.4609375 0.21875 0.084375 0.265625
0 0.61953125 0.32890625 0.109375 0.271875
0 0.51484375 0.590625 0.10625 0.21875
0 0.55 0.48203125 0.0875 0.178125
0 0.6453125 0.21171875 0.075 0.2125
0 0.6734375 0.5 0.109375 0.33125
0 0.7703125 0.49765625 0.1140625 0.3625
0 0.77734375 0.29453125 0.109375 0.2625
0 0.8109375 0.20078125 0.0625 0.209375