0 0.72734375 0.50703125 0.13671875 0.40546875
0 0.875 0.50390625 0.11328125 0.3171875
0 0.5625 0.50625 0.1296875 0.378125
0 0.41015625 0.521875 0.15625 0.44140625
0 0.2734375 0.43984375 0.15625 0.4015625
0 0.259375 0.19375 0.1234375 0.29921875
0 0.1578125 0.221875 0.07578125 0.36640625
0 0.33046875 0.2125 0.065625 0.22421875
0 0.43828125 0.2328125 0.08046875 0.20625
0 0.5171875 0.26015625 0.07109375 0.21328125
0 0.6171875 0.26953125 0.08203125 0.271875
0 0.71171875 0.23828125 0.09296875 0.18828125
0 0.79921875 0.19453125 0.07421875 0.29765625
0 0.85 0.309375 0.0765625 0.2171875