0 0.41484375 0.359375 0.1890625 0.3453125
0 0.596875 0.29140625 0.228125 0.353125
0 0.18515625 0.35234375 0.109375 0.1828125
0 0.078125 0.3953125 0.1109375 0.19296875
0 0.85703125 0.3953125 0.08125 0.19296875
0 0.82265625 0.12890625 0.03984375 0.084375
0 0.7265625 0.1328125 0.03203125 0.0484375
0 0.70390625 0.0625 0.0265625 0.03984375
0 0.63671875 0.06640625 0.0359375 0.0484375
0 0.1828125 0.1125 0.0265625 0.06015625
0 0.11328125 0.16640625 0.05859375 0.084375
0 0.965625 0.14140625 0.0359375 0.08203125
0 0.9203125 0.19296875 0.0453125 0.084375
0 0.90859375 0.10859375 0.03046875 0.0640625
0 0.8625 0.08359375 0.03984375 0.05859375