0 0.32265625 0.68828125 0.27109375 0.56953125
0 0.51328125 0.625 0.22734375 0.61328125
0 0.83984375 0.66015625 0.3203125 0.6796875
0 0.80078125 0.2140625 0.15546875 0.2421875
0 0.6671875 0.26953125 0.1 0.2
0 0.5609375 0.31171875 0.153125 0.21875
0 0.415625 0.2265625 0.09453125 0.12578125
0 0.53828125 0.17265625 0.09453125 0.16171875
0 0.29140625 0.24375 0.12265625 0.1984375
0 0.071875 0.72421875 0.14375 0.4828125
0 0.2421875 0.53203125 0.084375 0.1125
0 0.28125 0.44609375 0.05390625 0.11796875
0 0.1453125 0.48125 0.05546875 0.06640625
0 0.07109375 0.478125 0.07109375 0.0875
0 0.7515625 0.07734375 0.0515625 0.1203125
0 0.80390625 0.04921875 0.09296875 0.0875