0 0.4703125 0.46640625 0.35625 0.06875
0 0.4 0.2140625 0.346875 0.0546875
0 0.53984375 0.02265625 0.3375 0.04375
0 0.73984375 0.0234375 0.2578125 0.046875
0 0.81328125 0.08515625 0.3015625 0.0578125
0 0.721875 0.1625 0.321875 0.04375
0 0.69140625 0.19140625 0.303125 0.053125
0 0.46640625 0.25 0.3171875 0.059375
0 0.7953125 0.24296875 0.234375 0.046875
0 0.67734375 0.35859375 0.290625 0.040625
0 0.64296875 0.4140625 0.36875 0.05
0 0.71640625 0.47578125 0.190625 0.0578125
0 0.84140625 0.35859375 0.1875 0.05
0 0.82734375 0.471875 0.121875 0.04375
0 0.90859375 0.42109375 0.1546875 0.04375
0 0.68671875 0.60390625 0.30625 0.0625
0 0.5890625 0.7109375 0.3375 0.0734375
0 0.56640625 0.8484375 0.3390625 0.0625
0 0.65703125 0.809375 0.29375 0.065625
0 0.83046875 0.8109375 0.1765625 0.0546875
0 0.753125 0.88515625 0.25625 0.0453125
0 0.8296875 0.62265625 0.21875 0.0515625
0 0.85546875 0.5703125 0.2890625 0.04375
0 0.86328125 0.53046875 0.2734375 0.0578125
0 0.56875 0.96953125 0.334375 0.046875
0 0.87109375 0.84921875 0.2578125 0.04375
0 0.92734375 0.721875 0.140625 0.0328125
0 0.80546875 0.7125 0.134375 0.0484375