0 0.37109375 0.38125 0.06875 0.321875
0 0.5109375 0.51953125 0.0875 0.36875
0 0.725 0.38203125 0.05625 0.24375
0 0.7625 0.43515625 0.053125 0.328125
0 0.74296875 0.64296875 0.078125 0.384375
0 0.965625 0.66875 0.05 0.3578125
0 0.93359375 0.353125 0.0546875 0.25
0 0.9765625 0.3046875 0.046875 0.2203125
0 0.43515625 0.27265625 0.0625 0.275
0 0.45390625 0.18125 0.046875 0.25625
0 0.49296875 0.15390625 0.0484375 0.303125
0 0.3640625 0.1578125 0.053125 0.196875
0 0.2453125 0.24921875 0.0671875 0.3078125
0 0.2078125 0.1515625 0.0515625 0.284375
0 0.140625 0.153125 0.040625 0.30625