0 0.4140625 0.87421875 0.234375 0.1140625
0 0.6078125 0.9453125 0.184375 0.109375
0 0.88359375 0.9390625 0.225 0.121875
0 0.8328125 0.55546875 0.30625 0.090625
0 0.9078125 0.696875 0.184375 0.096875
0 0.603125 0.396875 0.2 0.096875
0 0.43203125 0.471875 0.1984375 0.103125
0 0.2875 0.434375 0.196875 0.153125
0 0.39609375 0.70625 0.1953125 0.09375
0 0.4875 0.77421875 0.0765625 0.0515625
0 0.0515625 0.9390625 0.103125 0.121875
0 0.88671875 0.34609375 0.21875 0.071875
0 0.93984375 0.40390625 0.1203125 0.0484375
0 0.9203125 0.1578125 0.159375 0.065625
0 0.88203125 0.26328125 0.128125 0.0921875
0 0.7703125 0.3171875 0.1375 0.1125
0 0.49140625 0.35703125 0.159375 0.0640625
0 0.49453125 0.28203125 0.18125 0.0890625
0 0.60546875 0.246875 0.109375 0.06875
0 0.6890625 0.2015625 0.196875 0.1125
0 0.6078125 0.16015625 0.1609375 0.15
0 0.47578125 0.1203125 0.159375 0.140625
0 0.0984375 0.1796875 0.1875 0.146875