0 0.4140625 0.12578125 0.234375 0.1125
0 0.6078125 0.0546875 0.184375 0.109375
0 0.88359375 0.0609375 0.225 0.121875
0 0.8328125 0.44453125 0.30625 0.090625
0 0.9078125 0.303125 0.184375 0.096875
0 0.603125 0.603125 0.2 0.096875
0 0.43203125 0.528125 0.1984375 0.103125
0 0.2875 0.565625 0.196875 0.153125
0 0.39609375 0.29375 0.1953125 0.09375
0 0.4875 0.22578125 0.0765625 0.0515625
0 0.0515625 0.0609375 0.103125 0.121875
0 0.88671875 0.65390625 0.21875 0.071875
0 0.93984375 0.59609375 0.1203125 0.0484375
0 0.9203125 0.8421875 0.159375 0.065625
0 0.88203125 0.73671875 0.128125 0.0921875
0 0.7703125 0.6828125 0.1375 0.1125
0 0.49140625 0.64296875 0.159375 0.0640625
0 0.49453125 0.71796875 0.18125 0.0890625
0 0.60546875 0.753125 0.109375 0.06875
0 0.6890625 0.7984375 0.196875 0.1125
0 0.6078125 0.83984375 0.1609375 0.15
0 0.47578125 0.8796875 0.159375 0.140625
0 0.0984375 0.8203125 0.1875 0.146875