0 0.8828125 0.553125 0.221875 0.090625
0 0.6078125 0.41328125 0.1921875 0.078125
0 0.48046875 0.378125 0.178125 0.053125
0 0.49921875 0.2984375 0.1765625 0.078125
0 0.58046875 0.2609375 0.1125 0.0625
0 0.73203125 0.31484375 0.1875 0.084375
0 0.88984375 0.346875 0.2203125 0.090625
0 0.85 0.25078125 0.184375 0.071875
0 0.915625 0.15625 0.16875 0.071875
0 0.684375 0.21015625 0.165625 0.071875
0 0.609375 0.175 0.20625 0.109375
0 0.48125 0.1375 0.184375 0.1125
0 0.2859375 0.45234375 0.1625 0.090625
0 0.4328125 0.4875 0.1625 0.078125
0 0.4109375 0.709375 0.1625 0.1171875
0 0.44609375 0.8515625 0.20625 0.1
0 0.90390625 0.70078125 0.1921875 0.0921875
0 0.8953125 0.91796875 0.209375 0.1484375
0 0.61875 0.95 0.196875 0.1
0 0.059375 0.940625 0.11875 0.11875
0 0.0765625 0.1921875 0.14375 0.1140625