0 0.2875 0.41484375 0.0828125 0.2265625
0 0.4984375 0.3859375 0.0921875 0.178125
0 0.5328125 0.478125 0.06015625 0.17109375
0 0.61953125 0.48671875 0.078125 0.17109375
0 0.6484375 0.42578125 0.06484375 0.14609375
0 0.70625 0.17734375 0.08515625 0.2125
0 0.7171875 0.32421875 0.0703125 0.17109375
0 0.7703125 0.234375 0.08359375 0.18046875
0 0.81875 0.16953125 0.04765625 0.1390625
0 0.84296875 0.1203125 0.0578125 0.1265625
0 0.75390625 0.415625 0.0828125 0.171875
0 0.76953125 0.50078125 0.090625 0.16796875
0 0.2078125 0.61484375 0.11640625 0.159375
0 0.41484375 0.58515625 0.0828125 0.159375
0 0.4609375 0.6953125 0.078125 0.1515625
0 0.240625 0.1015625 0.10078125 0.196875
0 0.0453125 0.1984375 0.090625 0.153125
0 0.084375 0.81640625 0.11640625 0.121875
0 0.1046875 0.63125 0.07890625 0.0875
0 0.03828125 0.75703125 0.0765625 0.18359375