0 0.321875 0.3359375 0.08125 0.215625
0 0.46640625 0.36875 0.040625 0.1828125
0 0.50546875 0.484375 0.0578125 0.1703125
0 0.596875 0.49140625 0.0671875 0.15625
0 0.63203125 0.4234375 0.0546875 0.153125
0 0.734375 0.5078125 0.0875 0.1546875
0 0.73359375 0.3859375 0.0859375 0.128125
0 0.70234375 0.31328125 0.05625 0.178125
0 0.73046875 0.17265625 0.084375 0.159375
0 0.803125 0.23515625 0.0640625 0.2
0 0.671875 0.090625 0.0421875 0.18125
0 0.440625 0.6921875 0.08125 0.165625
0 0.38046875 0.5859375 0.090625 0.1484375
0 0.0875 0.7578125 0.096875 0.1109375
0 0.06875 0.17578125 0.078125 0.14375
0 0.04140625 0.07578125 0.0828125 0.13125
0 0.2125 0.12421875 0.0734375 0.2046875