0 0.51015625 0.51171875 0.3625 0.06875
0 0.38046875 0.60078125 0.2875 0.05625
0 0.346875 0.2953125 0.1765625 0.05625
0 0.35625 0.2484375 0.2 0.05625
0 0.63125 0.2796875 0.371875 0.06875
0 0.321875 0.07109375 0.2046875 0.059375
0 0.425 0.04453125 0.0015625 0.00625
0 0.26640625 0.03515625 0.1671875 0.0453125
0 0.26796875 0.55390625 0.271875 0.0484375
0 0.1625 0.48671875 0.303125 0.059375
0 0.18984375 0.5296875 0.2609375 0.04375
0 0.20078125 0.6265625 0.290625 0.0453125
0 0.253125 0.7453125 0.30625 0.0578125
0 0.1609375 0.77890625 0.2875 0.04375
0 0.1125 0.66953125 0.225 0.0484375
0 0.20078125 0.88203125 0.190625 0.04375
0 0.1421875 0.83984375 0.284375 0.053125