0 0.70703125 0.6046875 0.5859375 0.2125
0 0.74296875 0.4296875 0.5140625 0.153125
0 0.7703125 0.24921875 0.459375 0.184375
0 0.50859375 0.24453125 0.225 0.1125
0 0.45 0.34765625 0.2953125 0.1234375
0 0.45390625 0.47890625 0.2125 0.09375
0 0.5046875 0.5359375 0.2546875 0.09375
0 0.33671875 0.7015625 0.19375 0.096875
0 0.41171875 0.75234375 0.20625 0.090625
0 0.475 0.69609375 0.2046875 0.125
0 0.36796875 0.62109375 0.16875 0.084375
0 0.32421875 0.578125 0.15 0.0578125
0 0.39140625 0.4328125 0.16875 0.0765625
0 0.375 0.29609375 0.171875 0.0625
0 0.36171875 0.228125 0.253125 0.08125
0 0.5125 0.1734375 0.159375 0.078125
0 0.38125 0.07890625 0.2125 0.08125
0 0.453125 0.03984375 0.2953125 0.078125
0 0.2484375 0.384375 0.11875 0.05
0 0.26953125 0.45 0.190625 0.075
0 0.309375 0.49921875 0.121875 0.053125
0 0.30703125 0.53671875 0.096875 0.046875
0 0.36640625 0.82890625 0.16875 0.06875
0 0.2546875 0.73671875 0.153125 0.0625
0 0.2734375 0.64765625 0.13125 0.0609375
0 0.23125 0.52265625 0.1375 0.0625
0 0.24609375 0.32578125 0.13125 0.053125
0 0.24453125 0.27734375 0.153125 0.0625
0 0.3859375 0.12890625 0.309375 0.0640625