0 0.0796875 0.64453125 0.159375 0.70546875
0 0.1359375 0.47265625 0.09140625 0.2265625
0 0.2171875 0.67890625 0.134375 0.6421875
0 0.33671875 0.73671875 0.21953125 0.5265625
0 0.409375 0.55703125 0.0921875 0.30078125
0 0.51328125 0.703125 0.1890625 0.59375
0 0.44140625 0.4515625 0.090625 0.26328125
0 0.540625 0.4375 0.10625 0.3
0 0.33984375 0.3703125 0.08046875 0.25625
0 0.25703125 0.33046875 0.07109375 0.2453125
0 0.31015625 0.25625 0.071875 0.16484375
0 0.41171875 0.28828125 0.06796875 0.18984375
0 0.48046875 0.32109375 0.08984375 0.21171875
0 0.5265625 0.2640625 0.05390625 0.12109375
0 0.61015625 0.378125 0.071875 0.34921875
0 0.7015625 0.6484375 0.23515625 0.703125
0 0.88828125 0.684375 0.1890625 0.63125
0 0.66484375 0.44296875 0.1078125 0.225
0 0.65546875 0.28359375 0.04453125 0.17265625
0 0.6953125 0.27109375 0.06328125 0.21171875
0 0.38125 0.190625 0.05859375 0.153125
0 0.67265625 0.1640625 0.046875 0.14609375
0 0.70625 0.1640625 0.05078125 0.140625
0 0.76875 0.30625 0.0734375 0.14453125
0 0.87578125 0.346875 0.0953125 0.20625
0 0.8140625 0.29375 0.0578125 0.2078125
0 0.75390625 0.234375 0.0375 0.10078125
0 0.775 0.2203125 0.03671875 0.109375