0 0.540625 0.92890625 0.1921875 0.1421875
0 0.24453125 0.91328125 0.24375 0.1734375
0 0.8328125 0.84296875 0.2078125 0.31328125
0 0.1265625 0.68984375 0.1453125 0.2734375
0 0.5796875 0.74375 0.1890625 0.221875
0 0.43515625 0.77265625 0.20703125 0.146875
0 0.27578125 0.75546875 0.15078125 0.125
0 0.9421875 0.39453125 0.11484375 0.22578125
0 0.46953125 0.240625 0.125 0.1765625
0 0.57421875 0.47109375 0.115625 0.08984375
0 0.240625 0.4609375 0.11171875 0.140625
0 0.78515625 0.61796875 0.18203125 0.14609375
0 0.43359375 0.615625 0.171875 0.10390625
0 0.53046875 0.596875 0.13359375 0.07890625
0 0.25703125 0.61015625 0.1 0.0890625
0 0.359375 0.37109375 0.1046875 0.11953125
0 0.65703125 0.3078125 0.14375 0.1015625
0 0.81796875 0.396875 0.14140625 0.1546875
0 0.38828125 0.49921875 0.1375 0.1171875
0 0.68671875 0.53046875 0.10390625 0.1375
0 0.81328125 0.52265625 0.12421875 0.08984375