0 0.053125 0.15859375 0.07109375 0.14765625
0 0.128125 0.26484375 0.075 0.17734375
0 0.1203125 0.521875 0.084375 0.18984375
0 0.0828125 0.6046875 0.07734375 0.18046875
0 0.03046875 0.68984375 0.0578125 0.1984375
0 0.09140625 0.8359375 0.07265625 0.19609375
0 0.22109375 0.603125 0.0578125 0.19453125
0 0.2578125 0.51640625 0.06953125 0.17890625
0 0.24921875 0.40859375 0.05390625 0.146875
0 0.2453125 0.3046875 0.071875 0.17578125
0 0.22109375 0.1859375 0.0484375 0.175
0 0.1625 0.11875 0.06328125 0.18984375
0 0.275 0.13984375 0.0609375 0.17734375
0 0.3390625 0.2234375 0.065625 0.1734375
0 0.3171875 0.36875 0.06875 0.19609375
0 0.3578125 0.59375 0.0515625 0.1875
0 0.33515625 0.525 0.0859375 0.1734375
0 0.4640625 0.6046875 0.06875 0.1578125
0 0.4375 0.7359375 0.090625 0.1984375
0 0.6015625 0.771875 0.06640625 0.1890625
0 0.615625 0.6625 0.0625 0.15625
0 0.603125 0.58984375 0.0890625 0.18203125
0 0.60078125 0.51640625 0.07109375 0.18203125
0 0.42109375 0.41171875 0.0625 0.1578125
0 0.47109375 0.3265625 0.05703125 0.16328125
0 0.4453125 0.259375 0.0578125 0.16328125
0 0.49453125 0.175 0.08203125 0.17734375
0 0.6734375 0.234375 0.1015625 0.2015625
0 0.640625 0.41953125 0.06640625 0.16875
0 0.23359375 0.93984375 0.0671875 0.1203125
0 0.55859375 0.92734375 0.07265625 0.14453125
0 0.74765625 0.69765625 0.0875 0.17734375
0 0.671875 0.909375 0.07421875 0.18125
0 0.77734375 0.79296875 0.10859375 0.175
0 0.7828125 0.44140625 0.12890625 0.215625
0 0.72734375 0.41796875 0.08671875 0.1734375
0 0.74140625 0.296875 0.0609375 0.16484375
0 0.7421875 0.16875 0.05625 0.16328125
0 0.83671875 0.20703125 0.059375 0.18046875
0 0.87109375 0.5640625 0.08359375 0.16796875
0 0.89296875 0.62890625 0.090625 0.19296875
0 0.9515625 0.80078125 0.07890625 0.18203125
0 0.84921875 0.90546875 0.10390625 0.1703125
0 0.878125 0.9515625 0.078125 0.096875
0 0.853125 0.3578125 0.07890625 0.1828125
0 0.88046875 0.30625 0.0625 0.1734375
0 0.89375 0.2484375 0.06953125 0.18203125