0 0.33515625 0.7203125 0.3296875 0.0875
0 0.34453125 0.89296875 0.259375 0.0546875
0 0.4359375 0.9140625 0.1375 0.040625
0 0.425 0.93671875 0.1046875 0.040625
0 0.440625 0.975 0.09375 0.04375
0 0.37578125 0.65 0.30625 0.071875
0 0.34296875 0.56171875 0.33125 0.08125
0 0.30546875 0.4859375 0.36875 0.06875
0 0.32890625 0.4140625 0.34375 0.078125
0 0.34296875 0.3125 0.325 0.08125
0 0.48984375 0.46484375 0.10625 0.040625
0 0.46953125 0.5265625 0.1125 0.04375
0 0.4609375 0.3765625 0.159375 0.053125
0 0.384375 0.25625 0.3390625 0.0546875
0 0.33359375 0.16796875 0.371875 0.078125
0 0.37265625 0.09140625 0.309375 0.078125
0 0.46171875 0.23046875 0.115625 0.034375
0 0.5 0.1203125 0.06875 0.040625
0 0.39140625 0.04453125 0.228125 0.053125
0 0.36484375 0.01171875 0.2125 0.0234375