0 0.71484375 0.8734375 0.5703125 0.175
0 0.61640625 0.78984375 0.6484375 0.2015625
0 0.57890625 0.50546875 0.390625 0.184375
0 0.696875 0.12890625 0.60625 0.2578125
0 0.5171875 0.18125 0.28125 0.159375
0 0.46328125 0.04609375 0.2828125 0.0921875
0 0.6328125 0.30546875 0.1484375 0.046875
0 0.665625 0.259375 0.178125 0.0875
0 0.640625 0.33828125 0.09375 0.034375
0 0.6578125 0.36953125 0.1375 0.059375
0 0.68359375 0.9453125 0.159375 0.0421875
0 0.63203125 0.98046875 0.0515625 0.025
0 0.6859375 0.97109375 0.115625 0.034375