0 0.0671875 0.37109375 0.134375 0.30234375
0 0.16796875 0.36953125 0.1453125 0.32890625
0 0.22265625 0.2828125 0.11953125 0.25625
0 0.2546875 0.69296875 0.228125 0.55078125
0 0.30546875 0.3359375 0.10859375 0.2875
0 0.36796875 0.2453125 0.09921875 0.203125
0 0.384375 0.4859375 0.21953125 0.4734375
0 0.46640625 0.74453125 0.2 0.51015625
0 0.53359375 0.49765625 0.1359375 0.240625
0 0.51484375 0.375 0.153125 0.209375
0 0.50390625 0.25234375 0.12421875 0.2015625
0 0.62421875 0.3390625 0.1 0.196875
0 0.6703125 0.4265625 0.146875 0.2921875
0 0.75 0.6046875 0.171875 0.5765625
0 0.70390625 0.284375 0.1296875 0.171875
0 0.7828125 0.3015625 0.134375 0.23515625
0 0.8359375 0.265625 0.1203125 0.23203125
0 0.90234375 0.48203125 0.19375 0.478125