0 0.509375 0.575 0.01796875 0.046875
0 0.46640625 0.6046875 0.015625 0.04765625
0 0.46640625 0.6640625 0.015625 0.04609375
0 0.45703125 0.7125 0.01953125 0.0453125
0 0.4734375 0.75859375 0.0171875 0.053125
0 0.55625 0.72265625 0.01171875 0.04765625
0 0.55078125 0.78671875 0.015625 0.046875
0 0.57109375 0.803125 0.015625 0.05859375
0 0.571875 0.60859375 0.01484375 0.0515625
0 0.59921875 0.59765625 0.0171875 0.040625
0 0.69140625 0.48125 0.00859375 0.04296875
0 0.66796875 0.45390625 0.0109375 0.04140625
0 0.66171875 0.421875 0.00703125 0.03828125
0 0.684375 0.446875 0.00703125 0.0421875
0 0.70078125 0.4375 0.00859375 0.04453125
0 0.72265625 0.440625 0.009375 0.0359375
0 0.72890625 0.46015625 0.0109375 0.040625
0 0.74453125 0.496875 0.01171875 0.034375
0 0.74453125 0.521875 0.009375 0.03359375
0 0.76953125 0.45859375 0.00859375 0.03359375
0 0.77890625 0.47421875 0.01171875 0.03828125
0 0.7796875 0.55078125 0.01328125 0.0390625
0 0.80390625 0.5640625 0.009375 0.034375
0 0.80625 0.503125 0.009375 0.0421875
0 0.7890625 0.60390625 0.01015625 0.03828125
0 0.85390625 0.49140625 0.00859375 0.04453125
0 0.8765625 0.515625 0.0140625 0.034375
0 0.83046875 0.715625 0.0125 0.05078125
0 0.87578125 0.7625 0.0140625 0.04609375
0 0.62890625 0.97578125 0.0140625 0.04140625
0 0.60703125 0.9796875 0.01484375 0.03984375
0 0.91640625 0.38125 0.01015625 0.02578125
0 0.85859375 0.42578125 0.01171875 0.0265625
0 0.84375 0.44375 0.01328125 0.02890625
0 0.08984375 0.87734375 0.01796875 0.05859375
0 0.1109375 0.89375 0.01953125 0.06015625
0 0.11015625 0.67265625 0.0203125 0.05078125
0 0.08125 0.6421875 0.0171875 0.046875
0 0.1515625 0.65 0.0203125 0.0421875
0 0.20390625 0.73359375 0.03125 0.01484375
0 0.203125 0.7453125 0.034375 0.02734375
0 0.2046875 0.63203125 0.0078125 0.040625
0 0.21015625 0.6 0.00859375 0.03828125
0 0.11796875 0.50234375 0.01171875 0.03359375
0 0.13046875 0.503125 0.0078125 0.03125
0 0.14921875 0.47890625 0.00859375 0.03203125
0 0.1109375 0.54765625 0.01015625 0.02734375
0 0.1125 0.5328125 0.015625 0.03359375