0 0.1171875 0.628125 0.0609375 0.1640625
0 0.2359375 0.63671875 0.059375 0.1515625
0 0.325 0.70234375 0.12109375 0.28203125
0 0.46640625 0.678125 0.09375 0.228125
0 0.6328125 0.72421875 0.09921875 0.2890625
0 0.71875 0.7453125 0.10703125 0.228125
0 0.94765625 0.7359375 0.10390625 0.3703125
0 0.83515625 0.72578125 0.096875 0.27578125
0 0.80078125 0.6296875 0.071875 0.08671875
0 0.8765625 0.5796875 0.0421875 0.05703125
0 0.98046875 0.5640625 0.0390625 0.08828125
0 0.9171875 0.578125 0.05703125 0.10078125
0 0.8078125 0.5984375 0.078125 0.0609375
0 0.5953125 0.584375 0.0640625 0.11015625
0 0.5140625 0.56953125 0.06328125 0.07734375
0 0.60234375 0.61484375 0.0984375 0.0703125
0 0.72109375 0.596875 0.04375 0.0953125
0 0.78046875 0.5890625 0.05546875 0.0921875
0 0.67578125 0.578125 0.04609375 0.090625
0 0.43515625 0.57109375 0.0578125 0.0796875
0 0.41328125 0.625 0.0515625 0.13046875
0 0.2203125 0.56953125 0.04296875 0.0578125
0 0.31875 0.55625 0.05234375 0.04453125
0 0.07421875 0.5640625 0.034375 0.06640625
0 0.0953125 0.56328125 0.0359375 0.0625