0 0.66875 0.96328125 0.121875 0.046875
0 0.78984375 0.85625 0.125 0.040625
0 0.69921875 0.82734375 0.125 0.04375
0 0.5640625 0.8921875 0.134375 0.0375
0 0.54296875 0.84296875 0.1203125 0.04375
0 0.70703125 0.92421875 0.11875 0.0390625
0 0.36328125 0.91171875 0.115625 0.0515625
0 0.08984375 0.97890625 0.1390625 0.040625
0 0.1828125 0.79140625 0.134375 0.0578125
0 0.13515625 0.63515625 0.1296875 0.040625
0 0.19765625 0.7171875 0.115625 0.0359375
0 0.315625 0.69140625 0.109375 0.0375
0 0.4125 0.7140625 0.1171875 0.034375
0 0.46953125 0.784375 0.1171875 0.0453125
0 0.23359375 0.7 0.0875 0.034375
0 0.315625 0.56015625 0.1375 0.03125
0 0.3796875 0.61796875 0.1328125 0.040625
0 0.49140625 0.68125 0.10625 0.0390625
0 0.55234375 0.74296875 0.1203125 0.040625
0 0.63984375 0.76328125 0.103125 0.0375
0 0.6875 0.7265625 0.096875 0.034375
0 0.7015625 0.69609375 0.09375 0.0328125
0 0.59921875 0.71015625 0.0921875 0.034375
0 0.79765625 0.7578125 0.084375 0.040625
0 0.8609375 0.67109375 0.1109375 0.028125
0 0.70859375 0.63828125 0.1109375 0.034375
0 0.8953125 0.6046875 0.121875 0.028125
0 0.90625 0.5828125 0.1171875 0.025
0 0.91171875 0.7125 0.121875 0.0265625
0 0.94765625 0.6859375 0.0890625 0.034375
0 0.7609375 0.54296875 0.1078125 0.0390625
0 0.7390625 0.5921875 0.10625 0.0328125
0 0.77109375 0.62265625 0.0671875 0.0265625
0 0.76953125 0.65234375 0.08125 0.0265625
0 0.05 0.121875 0.1 0.040625
0 0.1515625 0.01796875 0.13125 0.0359375
0 0.16796875 0.18046875 0.1125 0.05
0 0.33203125 0.01640625 0.140625 0.0328125
0 0.32109375 0.07578125 0.10625 0.0265625
0 0.3125 0.11640625 0.121875 0.03125
0 0.303125 0.14296875 0.13125 0.03125
0 0.3515625 0.20625 0.1 0.028125
0 0.41640625 0.11796875 0.0875 0.0375
0 0.45859375 0.15859375 0.078125 0.028125
0 0.41484375 0.17265625 0.0796875 0.0375
0 0.41328125 0.24765625 0.1171875 0.03125
0 0.44921875 0.271875 0.1078125 0.0375
0 0.58828125 0.09609375 0.109375 0.034375
0 0.590625 0.03828125 0.125 0.034375
0 0.47109375 0.34921875 0.11875 0.03125
0 0.4203125 0.38125 0.125 0.03125
0 0.35546875 0.446875 0.134375 0.0390625
0 0.3984375 0.51484375 0.1125 0.040625
0 0.73359375 0.37421875 0.11875 0.034375
0 0.77265625 0.32265625 0.1125 0.03125
0 0.7359375 0.259375 0.103125 0.0328125
0 0.778125 0.17578125 0.13125 0.034375
0 0.81875 0.06796875 0.11875 0.034375
0 0.6703125 0.12421875 0.1 0.028125
0 0.621875 0.30625 0.1125 0.034375
0 0.75546875 0.4734375 0.1125 0.034375
0 0.84375 0.38125 0.0875 0.03125
0 0.80546875 0.43984375 0.10625 0.046875
0 0.59765625 0.484375 0.075 0.034375
0 0.53203125 0.4734375 0.10625 0.034375
0 0.56875 0.5921875 0.0875 0.0359375
0 0.09921875 0.28671875 0.13125 0.0453125
0 0.046875 0.68203125 0.09375 0.04375
0 0.05546875 0.453125 0.1109375 0.03125
0 0.62734375 0.44765625 0.1140625 0.0328125
0 0.578125 0.37734375 0.13125 0.034375
0 0.61640625 0.3609375 0.125 0.034375
0 0.6203125 0.18046875 0.125 0.03125
0 0.675 0.18828125 0.084375 0.03125
0 0.91328125 0.23359375 0.1125 0.0375
0 0.9046875 0.37734375 0.109375 0.0375
0 0.928125 0.41484375 0.1265625 0.034375
0 0.9234375 0.52109375 0.109375 0.0375
0 0.9359375 0.4984375 0.1140625 0.03125
0 0.79921875 0.96484375 0.121875 0.034375
0 0.8359375 0.97890625 0.103125 0.03125
0 0.46953125 0.62109375 0.11875 0.0375
0 0.46875 0.58671875 0.115625 0.0375
0 0.4421875 0.54765625 0.1296875 0.0375
0 0.65546875 0.5765625 0.1125 0.034375
0 0.41328125 0.45390625 0.1 0.028125
0 0.5328125 0.4140625 0.078125 0.0359375
0 0.4828125 0.4109375 0.09375 0.0375
0 0.5171875 0.32109375 0.121875 0.03125
0 0.55390625 0.2703125 0.084375 0.0265625
0 0.503125 0.2828125 0.10625 0.028125
0 0.5859375 0.26484375 0.121875 0.028125
0 0.63671875 0.253125 0.103125 0.0375
0 0.08828125 0.3296875 0.103125 0.0359375
0 0.0390625 0.33515625 0.078125 0.0359375
0 0.090625 0.4109375 0.125 0.0390625
0 0.0625 0.42890625 0.125 0.0296875