0 0.13125 0.43828125 0.1359375 0.30390625
0 0.2296875 0.61953125 0.18046875 0.41328125
0 0.228125 0.39609375 0.115625 0.26484375
0 0.275 0.3421875 0.13046875 0.2671875
0 0.33515625 0.509375 0.1921875 0.39765625
0 0.3453125 0.2328125 0.1296875 0.15390625
0 0.35390625 0.32890625 0.121875 0.1828125
0 0.43515625 0.43671875 0.14609375 0.33359375
0 0.50859375 0.590625 0.1390625 0.44453125
0 0.63984375 0.6859375 0.1484375 0.40703125
0 0.57890625 0.39140625 0.12265625 0.27109375
0 0.50078125 0.29296875 0.1296875 0.21328125
0 0.428125 0.290625 0.1078125 0.20078125
0 0.4796875 0.21953125 0.1203125 0.1765625
0 0.59921875 0.21875 0.1140625 0.17109375
0 0.62578125 0.30078125 0.13515625 0.2421875
0 0.7234375 0.46171875 0.12265625 0.4203125
0 0.7890625 0.384375 0.10390625 0.21640625
0 0.746875 0.24765625 0.11171875 0.20078125
0 0.86953125 0.41015625 0.11796875 0.32890625
0 0.8421875 0.7296875 0.15859375 0.40859375