0 0.059375 0.725 0.115625 0.4203125
0 0.14921875 0.721875 0.08515625 0.26328125
0 0.2125 0.70078125 0.10078125 0.25703125
0 0.275 0.68515625 0.07890625 0.2875
0 0.34921875 0.7015625 0.12265625 0.34375
0 0.428125 0.68515625 0.1078125 0.4015625
0 0.53828125 0.6625 0.06640625 0.209375
0 0.65546875 0.67578125 0.14765625 0.51328125
0 0.703125 0.63515625 0.07890625 0.2734375
0 0.75703125 0.6921875 0.10546875 0.44765625
0 0.86796875 0.6484375 0.0765625 0.34453125
0 0.9265625 0.6703125 0.11171875 0.4578125