0 0.1078125 0.11796875 0.215625 0.2265625
0 0.22421875 0.23203125 0.2125 0.1984375
0 0.4234375 0.30625 0.175 0.2609375
0 0.59140625 0.17734375 0.284375 0.21875
0 0.89296875 0.43203125 0.2140625 0.3046875
0 0.73984375 0.50078125 0.196875 0.30625
0 0.6140625 0.309375 0.23125 0.159375
0 0.53125 0.48046875 0.271875 0.2984375
0 0.52265625 0.7765625 0.3078125 0.375
0 0.13125 0.81171875 0.2609375 0.328125
0 0.16875 0.29921875 0.253125 0.11875
0 0.17421875 0.4453125 0.228125 0.2296875
0 0.10703125 0.52890625 0.175 0.1421875