0 0.503125 0.16875 0.053125 0.121875
0 0.65 0.446875 0.065625 0.10625
0 0.71875 0.32421875 0.0484375 0.0953125
0 0.83046875 0.3203125 0.0515625 0.0921875
0 0.80703125 0.265625 0.05625 0.084375
0 0.83828125 0.425 0.046875 0.0875
0 0.7703125 0.4640625 0.05 0.0828125
0 0.746875 0.78125 0.053125 0.109375
0 0.7453125 0.94140625 0.05 0.084375
0 0.81796875 0.77890625 0.059375 0.1109375
0 0.9 0.58203125 0.0453125 0.0921875
0 0.940625 0.6546875 0.0625 0.0984375
0 0.49921875 0.7828125 0.0515625 0.09375
0 0.490625 0.8828125 0.0671875 0.084375
0 0.29296875 0.89765625 0.059375 0.1
0 0.1921875 0.790625 0.084375 0.10625
0 0.2703125 0.66484375 0.05625 0.1140625
0 0.18515625 0.64375 0.06875 0.08125
0 0.22109375 0.2359375 0.0953125 0.0921875
0 0.2171875 0.340625 0.0828125 0.0796875
0 0.16875 0.48828125 0.075 0.115625
0 0.1015625 0.23359375 0.059375 0.0984375
0 0.0421875 0.20625 0.065625 0.05
0 0.9140625 0.178125 0.0671875 0.078125
0 0.9046875 0.25859375 0.06875 0.065625
0 0.9375 0.39609375 0.0625 0.071875
0 0.9609375 0.4828125 0.0578125 0.075
0 0.9078125 0.46171875 0.05625 0.075
0 0.7734375 0.6109375 0.059375 0.078125
0 0.78125 0.5390625 0.0625 0.065625
0 0.09140625 0.6984375 0.0703125 0.078125
0 0.075 0.640625 0.0609375 0.078125
0 0.1125 0.56640625 0.0890625 0.0609375
0 0.1046875 0.46015625 0.0640625 0.075
0 0.12890625 0.36875 0.06875 0.0703125
0 0.0703125 0.325 0.059375 0.1
0 0.02421875 0.27578125 0.0484375 0.084375
0 0.06015625 0.50859375 0.078125 0.06875
0 0.0421875 0.7546875 0.0546875 0.078125
0 0.05078125 0.846875 0.065625 0.0625
0 0.05625 0.8921875 0.046875 0.075