0 0.05 0.959375 0.0515625 0.0625
0 0.11953125 0.921875 0.0421875 0.078125
0 0.16171875 0.9078125 0.040625 0.1046875
0 0.2015625 0.88359375 0.034375 0.071875
0 0.23125 0.90703125 0.040625 0.08125
0 0.446875 0.73203125 0.040625 0.0625
0 0.403125 0.70078125 0.040625 0.0765625
0 0.4578125 0.68359375 0.03125 0.0625
0 0.4171875 0.63671875 0.046875 0.059375
0 0.471875 0.58671875 0.0453125 0.08125
0 0.51015625 0.62265625 0.028125 0.053125
0 0.490625 0.66484375 0.028125 0.0625
0 0.528125 0.671875 0.03125 0.053125
0 0.58359375 0.753125 0.0390625 0.0703125
0 0.58046875 0.81171875 0.0375 0.065625
0 0.3234375 0.78046875 0.04375 0.0703125
0 0.33359375 0.728125 0.046875 0.0546875
0 0.35234375 0.68828125 0.0546875 0.065625
0 0.3375 0.540625 0.0375 0.0625
0 0.3671875 0.5578125 0.046875 0.05625
0 0.39453125 0.415625 0.04375 0.05625
0 0.43203125 0.425 0.040625 0.0578125
0 0.334375 0.2921875 0.0375 0.065625
0 0.35859375 0.28984375 0.028125 0.0453125
0 0.4234375 0.34375 0.03125 0.05
0 0.34140625 0.36953125 0.0375 0.0578125
0 0.54609375 0.58828125 0.03125 0.05625
0 0.58046875 0.6125 0.0375 0.053125
0 0.625 0.57734375 0.0390625 0.053125
0 0.73671875 0.7609375 0.0390625 0.0578125
0 0.73046875 0.8015625 0.034375 0.05
0 0.7109375 0.76953125 0.0375 0.0578125
0 0.684375 0.78515625 0.034375 0.059375
0 0.6765625 0.8359375 0.0375 0.05
0 0.7625 0.8671875 0.04375 0.0625
0 0.78046875 0.84921875 0.0359375 0.05
0 0.8953125 0.5875 0.059375 0.0390625
0 0.909375 0.61171875 0.059375 0.0375
0 0.7984375 0.5421875 0.0625 0.040625
0 0.8375 0.41875 0.065625 0.0515625
0 0.86640625 0.4609375 0.065625 0.05
0 0.81875 0.49921875 0.04375 0.04375
0 0.9296875 0.48671875 0.06875 0.04375
0 0.5140625 0.32734375 0.040625 0.075
0 0.4796875 0.28984375 0.0421875 0.0625
0 0.575 0.321875 0.0375 0.0625
0 0.5703125 0.3765625 0.0390625 0.06875