0 0.50703125 0.11953125 0.1421875 0.196875
0 0.15625 0.2375 0.146875 0.1796875
0 0.10078125 0.35390625 0.159375 0.1921875
0 0.2703125 0.35390625 0.1671875 0.2015625
0 0.8609375 0.35078125 0.16875 0.21875
0 0.70390625 0.36484375 0.128125 0.19375
0 0.59453125 0.39296875 0.1328125 0.2015625
0 0.5109375 0.390625 0.14375 0.11875
0 0.4796875 0.5140625 0.18125 0.1859375
0 0.3578125 0.534375 0.221875 0.1484375
0 0.7546875 0.54453125 0.1578125 0.1484375
0 0.803125 0.65234375 0.1421875 0.19375
0 0.6515625 0.696875 0.165625 0.2
0 0.759375 0.89375 0.115625 0.2125
0 0.66015625 0.95859375 0.153125 0.0828125
0 0.5578125 0.87109375 0.178125 0.178125
0 0.403125 0.9234375 0.159375 0.153125
0 0.2953125 0.95078125 0.14375 0.096875
0 0.14296875 0.8515625 0.153125 0.215625
0 0.21484375 0.759375 0.1328125 0.1328125
0 0.34609375 0.76796875 0.11875 0.175
0 0.4109375 0.61796875 0.10625 0.10625
0 0.24609375 0.68515625 0.11875 0.128125