0 0.246875 0.69453125 0.09375 0.06875
0 0.34921875 0.72734375 0.078125 0.059375
0 0.296875 0.6203125 0.071875 0.04375
0 0.46484375 0.7859375 0.0875 0.0859375
0 0.5796875 0.69375 0.0875 0.053125
0 0.56796875 0.75234375 0.071875 0.0625
0 0.54140625 0.88046875 0.0875 0.09375
0 0.6609375 0.87734375 0.0875 0.075
0 0.56171875 0.9671875 0.0875 0.0546875
0 0.07578125 0.5625 0.096875 0.046875
0 0.1140625 0.4453125 0.1125 0.06875
0 0.21875 0.43984375 0.0890625 0.05
0 0.06953125 0.171875 0.1171875 0.0734375
0 0.24921875 0.07421875 0.128125 0.1
0 0.3578125 0.0796875 0.0875 0.10625
0 0.0734375 0.33671875 0.1 0.0625
0 0.1578125 0.3515625 0.0671875 0.0921875
0 0.23203125 0.35625 0.078125 0.0703125
0 0.85859375 0.40390625 0.1 0.0640625
0 0.84921875 0.3328125 0.096875 0.059375
0 0.61796875 0.6140625 0.0828125 0.05625
0 0.4875 0.584375 0.0796875 0.046875
0 0.32890625 0.19921875 0.071875 0.05
0 0.37578125 0.24296875 0.071875 0.05625
0 0.49453125 0.12890625 0.084375 0.059375
0 0.58828125 0.178125 0.096875 0.075
0 0.46328125 0.25 0.09375 0.0640625
0 0.30703125 0.27890625 0.08125 0.0578125
0 0.315625 0.34296875 0.0875 0.059375
0 0.459375 0.3625 0.090625 0.065625
0 0.44453125 0.4328125 0.078125 0.0609375
0 0.35625 0.49921875 0.075 0.05
0 0.16328125 0.5234375 0.075 0.0546875
0 0.25546875 0.51953125 0.10625 0.0625
0 0.19765625 0.8890625 0.06875 0.053125
0 0.36953125 0.8296875 0.0625 0.065625
0 0.3 0.81796875 0.06875 0.090625
0 0.23359375 0.840625 0.059375 0.078125
0 0.6015625 0.8125 0.0625 0.0625
0 0.66640625 0.8125 0.0625 0.075
0 0.77734375 0.875 0.090625 0.0796875
0 0.92109375 0.88125 0.08125 0.06875
0 0.72421875 0.73203125 0.09375 0.0609375
0 0.640625 0.7328125 0.0703125 0.053125
0 0.35 0.56484375 0.146875 0.06875
0 0.93125 0.2671875 0.1109375 0.06875
0 0.9484375 0.2015625 0.103125 0.0625
0 0.96328125 0.11875 0.0734375 0.065625
0 0.53125 0.38359375 0.084375 0.0625
0 0.50703125 0.49453125 0.0875 0.05
0 0.52890625 0.52734375 0.08125 0.046875
0 0.609375 0.55703125 0.1078125 0.053125
0 0.7140625 0.51328125 0.0921875 0.0703125
0 0.7828125 0.55390625 0.09375 0.08125
0 0.875 0.58359375 0.08125 0.0625
0 0.83359375 0.6796875 0.096875 0.0640625
0 0.90546875 0.5203125 0.1015625 0.05625
0 0.67578125 0.44609375 0.103125 0.059375
0 0.74765625 0.0796875 0.1078125 0.071875
0 0.79375 0.7875 0.109375 0.0890625
0 0.56015625 0.2765625 0.1 0.0609375
0 0.490625 0.303125 0.103125 0.05625