0 0.11484375 0.5390625 0.05 0.05625
0 0.17421875 0.56640625 0.059375 0.03125
0 0.175 0.590625 0.046875 0.03125
0 0.18828125 0.49609375 0.05 0.034375
0 0.2125 0.5328125 0.05625 0.046875
0 0.2265625 0.45078125 0.065625 0.03125
0 0.23125 0.4203125 0.06875 0.0375
0 0.19453125 0.646875 0.05 0.0328125
0 0.203125 0.62265625 0.053125 0.034375
0 0.25546875 0.5859375 0.053125 0.0375
0 0.21875 0.6984375 0.053125 0.04375
0 0.22421875 0.6671875 0.05625 0.034375
0 0.29296875 0.34375 0.040625 0.040625
0 0.29375 0.42421875 0.040625 0.04375
0 0.28046875 0.51328125 0.046875 0.046875
0 0.30546875 0.54921875 0.046875 0.0453125
0 0.30859375 0.45625 0.046875 0.0375
0 0.3296875 0.41953125 0.0359375 0.040625
0 0.32109375 0.39140625 0.028125 0.0390625
0 0.33515625 0.2984375 0.0375 0.034375
0 0.35625 0.33203125 0.053125 0.034375
0 0.375 0.24375 0.05 0.046875
0 0.38046875 0.278125 0.0359375 0.040625
0 0.4296875 0.21953125 0.046875 0.0546875
0 0.42890625 0.2671875 0.04375 0.04375
0 0.42890625 0.3234375 0.0515625 0.0390625
0 0.4 0.3578125 0.0484375 0.0375
0 0.396875 0.39375 0.0359375 0.040625
0 0.378125 0.42421875 0.0421875 0.0390625
0 0.3515625 0.47734375 0.04375 0.0515625
0 0.33828125 0.58984375 0.046875 0.0484375
0 0.3390625 0.6296875 0.05 0.053125
0 0.328125 0.68046875 0.040625 0.0515625
0 0.2953125 0.67734375 0.04375 0.05
0 0.35234375 0.7125 0.040625 0.04375
0 0.403125 0.73046875 0.04375 0.05625
0 0.33203125 0.7890625 0.040625 0.0546875
0 0.43359375 0.77265625 0.040625 0.046875
0 0.4234375 0.6640625 0.0421875 0.0421875
0 0.40390625 0.4921875 0.0484375 0.046875
0 0.38203125 0.56015625 0.053125 0.0375
0 0.38984375 0.58984375 0.0421875 0.0375
0 0.40625 0.62578125 0.0515625 0.0484375
0 0.428125 0.4125 0.0375 0.0484375
0 0.4546875 0.43125 0.0359375 0.04375
0 0.50859375 0.37734375 0.0484375 0.0453125
0 0.5125 0.4609375 0.0359375 0.0484375
0 0.465625 0.515625 0.04375 0.046875
0 0.4828125 0.6265625 0.034375 0.04375
0 0.4890625 0.6640625 0.0375 0.053125
0 0.484375 0.57109375 0.040625 0.0546875
0 0.51484375 0.55625 0.0359375 0.046875
0 0.58671875 0.37890625 0.0328125 0.040625
0 0.6125 0.4015625 0.0328125 0.040625
0 0.5640625 0.4484375 0.0359375 0.0375
0 0.55703125 0.425 0.034375 0.0359375
0 0.5734375 0.55546875 0.0375 0.046875
0 0.53828125 0.62421875 0.03125 0.0328125
0 0.5515625 0.59609375 0.0328125 0.04375
0 0.57578125 0.659375 0.040625 0.05
0 0.5953125 0.61796875 0.0328125 0.046875
0 0.62265625 0.5484375 0.03125 0.04375
0 0.590625 0.48828125 0.028125 0.0359375
0 0.64140625 0.675 0.028125 0.034375
0 0.61875 0.65703125 0.028125 0.040625
0 0.646875 0.634375 0.0390625 0.04375
0 0.646875 0.5828125 0.034375 0.0421875
0 0.675 0.5734375 0.0328125 0.040625
0 0.6890625 0.54140625 0.0375 0.040625
0 0.71171875 0.64453125 0.034375 0.046875
0 0.74921875 0.60703125 0.03125 0.0453125
0 0.73828125 0.55 0.040625 0.04375
0 0.7125 0.3734375 0.034375 0.046875
0 0.7890625 0.55078125 0.046875 0.0578125
0 0.7890625 0.64375 0.0421875 0.053125
0 0.85390625 0.6421875 0.04375 0.0609375
0 0.7953125 0.35546875 0.046875 0.040625
0 0.8 0.39375 0.0375 0.0359375
0 0.8125 0.471875 0.0375 0.0390625
0 0.81640625 0.44296875 0.040625 0.0328125
0 0.87265625 0.5671875 0.040625 0.040625
0 0.89375 0.58828125 0.0328125 0.0421875
0 0.92890625 0.60859375 0.04375 0.046875
0 0.93984375 0.665625 0.05 0.053125
0 0.875 0.3921875 0.0515625 0.05
0 0.925 0.34140625 0.0546875 0.05625
0 0.94921875 0.5046875 0.0421875 0.046875
0 0.95859375 0.54140625 0.0359375 0.046875
0 0.94453125 0.58515625 0.046875 0.0328125
0 0.865625 0.51640625 0.0375 0.040625
0 0.86484375 0.48125 0.0375 0.04375
0 0.86640625 0.45 0.0375 0.04375