0 0.56953125 0.2765625 0.48125 0.1
0 0.54140625 0.4921875 0.55625 0.1109375
0 0.553125 0.81640625 0.6125 0.1265625
0 0.60859375 0.91484375 0.45625 0.0921875
0 0.6578125 0.6515625 0.2578125 0.05
0 0.63046875 0.5625 0.30625 0.053125
0 0.6296875 0.4109375 0.2890625 0.0625
0 0.63671875 0.03046875 0.309375 0.046875
0 0.66640625 0.1609375 0.2234375 0.040625
0 0.6375 0.35078125 0.284375 0.0625
0 0.66328125 0.72734375 0.2515625 0.053125
0 0.684375 0.20078125 0.1640625 0.034375
0 0.6484375 0.0625 0.24375 0.05
0 0.6796875 0.10859375 0.165625 0.03125
0 0.63671875 0.12890625 0.16875 0.040625