0 0.359375 0.46484375 0.125 0.5125
0 0.46328125 0.48984375 0.07734375 0.4125
0 0.27890625 0.6671875 0.0875 0.259375
0 0.17421875 0.70390625 0.09296875 0.4515625
0 0.63828125 0.61171875 0.02578125 0.12890625
0 0.66796875 0.6171875 0.02578125 0.12265625
0 0.865625 0.6390625 0.04609375 0.2125
0 0.9375 0.63828125 0.03984375 0.19375
0 0.60703125 0.59140625 0.021875 0.071875
0 0.56015625 0.5953125 0.0203125 0.07578125
0 0.58203125 0.6046875 0.01796875 0.06953125
0 0.41171875 0.5796875 0.01796875 0.09375