0 0.45390625 0.275 0.14375 0.453125
0 0.33671875 0.3109375 0.178125 0.578125
0 0.18203125 0.28671875 0.1234375 0.53125
0 0.06875 0.3125 0.1375 0.546875
0 0.18046875 0.53671875 0.1375 0.2109375
0 0.54609375 0.46328125 0.14375 0.3609375
0 0.7328125 0.6125 0.11875 0.1921875
0 0.778125 0.3640625 0.203125 0.346875
0 0.64609375 0.215625 0.2171875 0.43125
0 0.9453125 0.2765625 0.109375 0.265625
0 0.90234375 0.09765625 0.1953125 0.1953125
0 0.865625 0.5171875 0.125 0.3828125
0 0.93984375 0.5546875 0.084375 0.2515625
0 0.8375 0.6578125 0.0703125 0.134375
0 0.79296875 0.625 0.040625 0.115625
0 0.70390625 0.65390625 0.05 0.1078125
0 0.76484375 0.66171875 0.034375 0.075
0 0.65078125 0.57578125 0.040625 0.19375
0 0.60859375 0.5859375 0.06875 0.2
0 0.40703125 0.53671875 0.115625 0.1921875
0 0.28359375 0.5546875 0.0875 0.1890625
0 0.4625 0.7359375 0.0625 0.1
0 0.5015625 0.7265625 0.059375 0.0984375