0 0.27265625 0.16171875 0.09375 0.0359375
0 0.41171875 0.14609375 0.046875 0.0625
0 0.4921875 0.125 0.0625 0.065625
0 0.56640625 0.0453125 0.04375 0.0609375
0 0.27734375 0.078125 0.065625 0.05
0 0.03828125 0.13046875 0.0546875 0.040625
0 0.1875 0.06953125 0.05 0.05625
0 0.328125 0.0296875 0.05625 0.053125
0 0.46953125 0.025 0.04375 0.046875
0 0.81953125 0.0328125 0.04375 0.05625
0 0.90703125 0.0765625 0.04375 0.05
0 0.12578125 0.67734375 0.05 0.046875
0 0.2390625 0.675 0.04375 0.0515625
0 0.2578125 0.83828125 0.040625 0.059375
0 0.071875 0.7984375 0.05 0.065625
0 0.13828125 0.90234375 0.040625 0.0609375
0 0.01796875 0.83984375 0.034375 0.0609375
0 0.27578125 0.975 0.040625 0.05
0 0.3671875 0.95 0.040625 0.053125
0 0.4890625 0.84140625 0.040625 0.0484375
0 0.55078125 0.7796875 0.040625 0.059375
0 0.54921875 0.84921875 0.04375 0.059375
0 0.52734375 0.97578125 0.0375 0.046875
0 0.60390625 0.940625 0.04375 0.06875
0 0.71015625 0.92734375 0.040625 0.065625
0 0.77890625 0.8953125 0.0375 0.059375
0 0.8515625 0.9234375 0.053125 0.059375