0 0.71953125 0.56875 0.0765625 0.115625
0 0.82265625 0.57578125 0.08125 0.1265625
0 0.9171875 0.55546875 0.0734375 0.13125
0 0.65703125 0.54140625 0.0328125 0.0609375
0 0.6125 0.59609375 0.040625 0.096875
0 0.77265625 0.5453125 0.0375 0.0609375
0 0.5546875 0.5609375 0.05 0.0671875
0 0.509375 0.56484375 0.046875 0.1
0 0.39453125 0.56796875 0.046875 0.103125
0 0.46953125 0.559375 0.0234375 0.05625
0 0.44765625 0.57578125 0.03125 0.05625
0 0.315625 0.575 0.0421875 0.0625
0 0.2703125 0.59453125 0.04375 0.121875
0 0.23828125 0.590625 0.05 0.103125
0 0.16953125 0.59921875 0.040625 0.15625
0 0.06875 0.6140625 0.05 0.140625