0 0.0828125 0.73984375 0.07109375 0.12109375
0 0.43984375 0.7640625 0.06875 0.10703125
0 0.628125 0.58203125 0.05546875 0.08671875
0 0.67734375 0.5640625 0.065625 0.071875
0 0.521875 0.5078125 0.04765625 0.1
0 0.396875 0.5265625 0.05703125 0.090625
0 0.18046875 0.4640625 0.05703125 0.109375
0 0.33125 0.30390625 0.0546875 0.11015625
0 0.12890625 0.11875 0.04453125 0.11171875
0 0.16640625 0.26875 0.04140625 0.0875
0 0.26015625 0.3234375 0.0421875 0.08125
0 0.240625 0.36328125 0.03984375 0.084375
0 0.44375 0.29140625 0.03203125 0.0859375
0 0.4671875 0.2671875 0.03828125 0.08203125
0 0.5421875 0.2875 0.03515625 0.0734375
0 0.6109375 0.309375 0.03359375 0.08046875
0 0.5828125 0.33515625 0.03671875 0.08984375
0 0.53359375 0.37890625 0.0296875 0.0890625
0 0.56953125 0.40859375 0.0328125 0.09296875
0 0.63203125 0.04609375 0.03046875 0.0859375
0 0.83984375 0.05234375 0.04375 0.10390625
0 0.940625 0.09765625 0.04296875 0.10703125
0 0.91953125 0.40390625 0.03203125 0.0921875
0 0.94375 0.4546875 0.04296875 0.07734375
0 0.12265625 0.33046875 0.05078125 0.13125
0 0.12734375 0.29140625 0.046875 0.0875
0 0.8875 0.3578125 0.03046875 0.07734375
0 0.890625 0.30546875 0.04296875 0.08125