0 0.671875 0.7421875 0.0375 0.046875
0 0.67265625 0.703125 0.0375 0.053125
0 0.53984375 0.671875 0.03125 0.034375
0 0.53984375 0.6390625 0.040625 0.04375
0 0.425 0.61328125 0.034375 0.0359375
0 0.4703125 0.56171875 0.03125 0.04375
0 0.371875 0.62734375 0.034375 0.0421875
0 0.375 0.665625 0.040625 0.040625
0 0.31953125 0.6703125 0.03125 0.04375
0 0.2859375 0.6625 0.03125 0.04375
0 0.20703125 0.68046875 0.0453125 0.0390625
0 0.22265625 0.64453125 0.04375 0.040625
0 0.175 0.65234375 0.0390625 0.040625
0 0.1421875 0.69375 0.046875 0.040625
0 0.07109375 0.73828125 0.05 0.034375
0 0.065625 0.70859375 0.0515625 0.040625
0 0.07734375 0.61796875 0.0546875 0.040625
0 0.06328125 0.571875 0.065625 0.0375
0 0.05859375 0.5296875 0.0625 0.034375
0 0.3234375 0.5578125 0.040625 0.040625
0 0.32265625 0.52734375 0.0375 0.034375
0 0.15546875 0.51328125 0.0421875 0.0328125
0 0.37265625 0.41484375 0.0296875 0.040625
0 0.3765625 0.37421875 0.0359375 0.040625
0 0.371875 0.32265625 0.03125 0.04375
0 0.290625 0.32109375 0.0421875 0.028125
0 0.28125 0.28125 0.034375 0.04375
0 0.2609375 0.21953125 0.0375 0.040625
0 0.2171875 0.2 0.0421875 0.040625
0 0.2390625 0.1515625 0.0375 0.0375
0 0.2328125 0.0484375 0.04375 0.0484375
0 0.2140625 0.0921875 0.0328125 0.046875
0 0.07265625 0.29921875 0.0375 0.0359375
0 0.06640625 0.26875 0.040625 0.034375
0 0.6671875 0.47421875 0.03125 0.0390625
0 0.69609375 0.49453125 0.03125 0.0375
0 0.68203125 0.528125 0.034375 0.0375
0 0.6078125 0.40234375 0.034375 0.0390625
0 0.5390625 0.49140625 0.028125 0.0375
0 0.55 0.46484375 0.0328125 0.0375
0 0.51953125 0.3796875 0.03125 0.04375
0 0.46484375 0.45234375 0.0375 0.034375
0 0.46484375 0.41484375 0.034375 0.034375
0 0.74921875 0.53984375 0.028125 0.03125
0 0.7578125 0.56640625 0.028125 0.0328125
0 0.765625 0.60703125 0.034375 0.034375
0 0.7390625 0.62734375 0.034375 0.0375
0 0.73828125 0.66640625 0.034375 0.0375
0 0.95625 0.60703125 0.040625 0.040625
0 0.87421875 0.71640625 0.040625 0.03125
0 0.8671875 0.6828125 0.040625 0.040625
0 0.85234375 0.6328125 0.0421875 0.03125
0 0.87890625 0.60859375 0.034375 0.034375
0 0.87421875 0.58046875 0.05 0.0328125
0 0.8515625 0.540625 0.0390625 0.0375
0 0.8484375 0.4 0.0375 0.0375
0 0.909375 0.4078125 0.046875 0.0296875
0 0.9109375 0.36875 0.05 0.03125
0 0.89375 0.334375 0.05 0.04375
0 0.83125 0.325 0.0453125 0.0390625
0 0.83203125 0.24765625 0.046875 0.040625
0 0.953125 0.25390625 0.059375 0.04375
0 0.86015625 0.28828125 0.040625 0.0359375