0 0.34140625 0.62265625 0.20859375 0.6375
0 0.6 0.5125 0.11875 0.4125
0 0.85703125 0.6375 0.19453125 0.72421875
0 0.48671875 0.51953125 0.07734375 0.32890625
0 0.41015625 0.48828125 0.04765625 0.2859375
0 0.44140625 0.503125 0.04375 0.30859375
0 0.54453125 0.4875 0.06015625 0.3578125
0 0.60703125 0.525 0.08984375 0.39609375
0 0.68671875 0.47578125 0.03984375 0.30234375
0 0.73671875 0.41953125 0.04609375 0.18984375
0 0.91328125 0.459375 0.0828125 0.346875
0 0.175 0.44921875 0.0421875 0.20859375
0 0.20625 0.45625 0.053125 0.1859375
0 0.11171875 0.47265625 0.06015625 0.24296875
0 0.50546875 0.32890625 0.0328125 0.10234375
0 0.45390625 0.32265625 0.0453125 0.0859375