0 0.11875 0.66484375 0.1015625 0.46875
0 0.57109375 0.7 0.1296875 0.4203125
0 0.92734375 0.73359375 0.109375 0.4453125
0 0.80625 0.74375 0.15 0.4953125
0 0.1921875 0.5984375 0.06875 0.34375
0 0.50390625 0.50625 0.065625 0.19375
0 0.71171875 0.63046875 0.115625 0.325
0 0.603125 0.58828125 0.06875 0.2625
0 0.31640625 0.5 0.0515625 0.1828125
0 0.36328125 0.63828125 0.0796875 0.215625
0 0.28203125 0.478125 0.0625 0.128125
0 0.5234375 0.390625 0.0484375 0.115625
0 0.61796875 0.40859375 0.05 0.11875
0 0.57265625 0.43828125 0.053125 0.13125
0 0.04765625 0.6234375 0.08125 0.315625