0 0.609375 0.915625 0.0296875 0.04375
0 0.73828125 0.95 0.0328125 0.08203125
0 0.69375 0.559375 0.0265625 0.0796875
0 0.55703125 0.503125 0.0265625 0.0515625
0 0.4890625 0.44375 0.02421875 0.0625
0 0.5203125 0.41796875 0.015625 0.0484375
0 0.56171875 0.45078125 0.01796875 0.04140625
0 0.55078125 0.421875 0.01953125 0.05
0 0.5375 0.40546875 0.01875 0.05390625
0 0.56640625 0.40703125 0.01796875 0.05390625
0 0.5671875 0.3765625 0.02109375 0.0421875
0 0.3671875 0.28828125 0.01484375 0.04296875
0 0.38515625 0.48046875 0.02109375 0.05859375
0 0.36171875 0.48046875 0.01875 0.0546875
0 0.58046875 0.14296875 0.015625 0.0625
0 0.6125 0.07578125 0.01484375 0.0328125
0 0.6203125 0.1046875 0.0234375 0.0359375
0 0.56328125 0.0375 0.015625 0.04609375
0 0.546875 0.02265625 0.01640625 0.04453125
0 0.540625 0.04921875 0.015625 0.040625
0 0.478125 0.15390625 0.015625 0.04921875
0 0.465625 0.20625 0.02421875 0.03515625
0 0.1953125 0.58203125 0.0234375 0.05625
0 0.2078125 0.5625 0.01875 0.06328125
0 0.27265625 0.478125 0.0203125 0.0515625
0 0.2625 0.4609375 0.015625 0.05859375
0 0.3390625 0.42890625 0.0140625 0.05
0 0.328125 0.4109375 0.0171875 0.0578125
0 0.15625 0.41171875 0.01875 0.05625
0 0.1328125 0.371875 0.0234375 0.0671875
0 0.2078125 0.28046875 0.01328125 0.053125
0 0.29453125 0.32421875 0.01953125 0.06015625
0 0.26484375 0.328125 0.0203125 0.053125
0 0.25859375 0.30390625 0.01796875 0.0546875
0 0.21484375 0.20859375 0.01796875 0.06484375
0 0.30078125 0.23984375 0.015625 0.04375
0 0.459375 0.328125 0.01484375 0.04296875
0 0.45703125 0.30859375 0.01328125 0.040625
0 0.44609375 0.29765625 0.01328125 0.03671875
0 0.43671875 0.25390625 0.0140625 0.0484375
0 0.42421875 0.25234375 0.0140625 0.05234375
0 0.4125 0.24765625 0.0171875 0.0546875
0 0.43203125 0.2296875 0.0125 0.03671875
0 0.40078125 0.18984375 0.01484375 0.06328125
0 0.41015625 0.17109375 0.0109375 0.040625
0 0.37265625 0.17265625 0.01875 0.04609375
0 0.38125 0.15 0.01875 0.04296875
0 0.61328125 0.3234375 0.0234375 0.06015625
0 0.62421875 0.26796875 0.0203125 0.0515625
0 0.0609375 0.75859375 0.02421875 0.0421875
0 0.06484375 0.7921875 0.01171875 0.07578125
0 0.03984375 0.79765625 0.02578125 0.05625
0 0.028125 0.771875 0.0234375 0.0578125
0 0.05859375 0.4484375 0.015625 0.0546875
0 0.009375 0.4875 0.015625 0.0390625
0 0.06953125 0.43359375 0.01484375 0.04921875
0 0.08671875 0.34765625 0.0234375 0.05234375
0 0.06796875 0.340625 0.01796875 0.0453125
0 0.03203125 0.32890625 0.02109375 0.0546875