0 0.88125 0.66484375 0.10078125 0.46796875
0 0.42890625 0.7 0.12890625 0.4203125
0 0.07265625 0.73359375 0.109375 0.4453125
0 0.19375 0.74375 0.14921875 0.4953125
0 0.8078125 0.5984375 0.06875 0.34375
0 0.49609375 0.50625 0.065625 0.19296875
0 0.28828125 0.63046875 0.115625 0.325
0 0.396875 0.58828125 0.06953125 0.26171875
0 0.68359375 0.5 0.0515625 0.1828125
0 0.63671875 0.63828125 0.0796875 0.21640625
0 0.71796875 0.478125 0.06171875 0.128125
0 0.4765625 0.390625 0.0484375 0.11640625
0 0.38203125 0.40859375 0.05078125 0.11796875
0 0.42734375 0.43828125 0.053125 0.13203125
0 0.95234375 0.6234375 0.08046875 0.31484375