0 0.690625 0.27890625 0.378125 0.09375
0 0.7453125 0.6625 0.509375 0.196875
0 0.70859375 0.90390625 0.43125 0.171875
0 0.62421875 0.059375 0.25 0.0796875
0 0.66328125 0.503125 0.3 0.075
0 0.640625 0.4328125 0.309375 0.078125
0 0.6078125 0.1890625 0.140625 0.0328125
0 0.6171875 0.0921875 0.228125 0.0640625
0 0.6640625 0.5765625 0.3328125 0.059375
0 0.66171875 0.76015625 0.325 0.096875
0 0.5890625 0.7125 0.253125 0.05625
0 0.584375 0.78828125 0.23125 0.0546875
0 0.590625 0.33984375 0.16875 0.05
0 0.609375 0.39921875 0.19375 0.046875