0 0.01328125 0.65859375 0.02578125 0.41953125
0 0.0453125 0.665625 0.05703125 0.35625
0 0.07109375 0.5265625 0.0515625 0.13515625
0 0.1234375 0.60703125 0.034375 0.23125
0 0.178125 0.6359375 0.07890625 0.37890625
0 0.225 0.61953125 0.04765625 0.284375
0 0.1984375 0.496875 0.02421875 0.05546875
0 0.140625 0.484375 0.03671875 0.046875
0 0.309375 0.6359375 0.07109375 0.41171875
0 0.25859375 0.575 0.040625 0.184375
0 0.40703125 0.63359375 0.103125 0.35859375
0 0.3625 0.48359375 0.04765625 0.12734375
0 0.41328125 0.49375 0.01796875 0.04921875
0 0.44453125 0.5796875 0.053125 0.23359375
0 0.484375 0.5765625 0.02890625 0.178125
0 0.52265625 0.58984375 0.04375 0.225
0 0.5984375 0.55625 0.04765625 0.20234375
0 0.6359375 0.578125 0.04921875 0.2765625
0 0.68359375 0.58828125 0.06015625 0.26796875
0 0.76875 0.5765625 0.0640625 0.2890625
0 0.82578125 0.56953125 0.06640625 0.29453125