0 0.86640625 0.38203125 0.1046875 0.05625
0 0.93125 0.56953125 0.0875 0.0484375
0 0.88125 0.66484375 0.09375 0.0625
0 0.74296875 0.61875 0.0953125 0.05
0 0.70859375 0.66484375 0.0890625 0.059375
0 0.7609375 0.74375 0.09375 0.0640625
0 0.8046875 0.79765625 0.0875 0.059375
0 0.828125 0.85078125 0.090625 0.0640625
0 0.73125 0.8765625 0.003125 0.0125
0 0.71875 0.2671875 0.078125 0.059375
0 0.66875 0.2640625 0.0734375 0.053125
0 0.62890625 0.19375 0.08125 0.071875
0 0.553125 0.2875 0.0625 0.05
0 0.5234375 0.3296875 0.08125 0.0578125
0 0.68359375 0.846875 0.0703125 0.075
0 0.6921875 0.91484375 0.075 0.071875
0 0.5953125 0.890625 0.0796875 0.075
0 0.5328125 0.93203125 0.0625 0.0625
0 0.54140625 0.8375 0.08125 0.071875
0 0.48359375 0.79140625 0.075 0.0625
0 0.4046875 0.75703125 0.090625 0.0640625
0 0.3359375 0.85234375 0.0953125 0.0640625
0 0.38359375 0.9140625 0.0875 0.0671875
0 0.4609375 0.8890625 0.090625 0.05625
0 0.23515625 0.89375 0.09375 0.0875
0 0.27578125 0.7953125 0.090625 0.0609375
0 0.1953125 0.69921875 0.10625 0.0625
0 0.1171875 0.6640625 0.090625 0.0578125
0 0.07421875 0.81328125 0.0921875 0.0625
0 0.146875 0.84765625 0.096875 0.0703125
0 0.13359375 0.41875 0.0921875 0.05625
0 0.1859375 0.30078125 0.09375 0.059375
0 0.29921875 0.32421875 0.09375 0.059375
0 0.25546875 0.25859375 0.1046875 0.0515625
0 0.07109375 0.2625 0.090625 0.08125
0 0.21484375 0.190625 0.090625 0.0578125
0 0.4015625 0.26171875 0.0875 0.053125
0 0.5234375 0.23359375 0.08125 0.053125
0 0.440625 0.17578125 0.103125 0.065625
0 0.3453125 0.18671875 0.1 0.059375
0 0.3015625 0.1375 0.0875 0.0671875
0 0.265625 0.09140625 0.1203125 0.0453125
0 0.5453125 0.11953125 0.1 0.0625