0 0.48671875 0.45390625 0.01875 0.0296875
0 0.41953125 0.4453125 0.0203125 0.0328125
0 0.4390625 0.415625 0.021875 0.0375
0 0.38125 0.4125 0.021875 0.034375
0 0.3484375 0.4046875 0.0203125 0.0328125
0 0.30703125 0.390625 0.0265625 0.040625
0 0.3671875 0.3328125 0.025 0.03125
0 0.46796875 0.3625 0.025 0.034375
0 0.515625 0.4 0.0265625 0.0375
0 0.6 0.4390625 0.0140625 0.03125
0 0.6140625 0.4421875 0.0171875 0.034375
0 0.9 0.45625 0.025 0.0359375
0 0.8375 0.45390625 0.0125 0.03125
0 0.8375 0.43515625 0.0125 0.01875
0 0.21875 0.91875 0.0203125 0.034375
0 0.14765625 0.9 0.01875 0.0375
0 0.11953125 0.8796875 0.015625 0.034375
0 0.13203125 0.88125 0.015625 0.034375
0 0.090625 0.85 0.015625 0.040625
0 0.0140625 0.83203125 0.01875 0.034375
0 0.05625 0.88046875 0.009375 0.0328125
0 0.0765625 0.89609375 0.01875 0.0390625
0 0.0125 0.9046875 0.01875 0.040625
0 0.0265625 0.903125 0.015625 0.034375
0 0.0484375 0.8640625 0.0109375 0.0265625
0 0.8125 0.834375 0.015625 0.0375
0 0.821875 0.82109375 0.015625 0.034375
0 0.85 0.77734375 0.025 0.0375
0 0.89609375 0.775 0.01875 0.0375
0 0.91796875 0.765625 0.01875 0.034375
0 0.98671875 0.7421875 0.015625 0.0375