0 0.18125 0.484375 0.15 0.1828125
0 0.42890625 0.4375 0.05703125 0.17265625
0 0.46484375 0.4375 0.071875 0.1890625
0 0.67265625 0.6109375 0.0515625 0.17109375
0 0.57734375 0.6875 0.0546875 0.1578125
0 0.6234375 0.68359375 0.05 0.175
0 0.60625 0.88203125 0.05625 0.1640625
0 0.5671875 0.30390625 0.040625 0.1578125
0 0.53203125 0.31484375 0.03671875 0.14296875
0 0.6171875 0.1359375 0.0390625 0.15859375
0 0.6328125 0.26484375 0.0796875 0.17578125
0 0.42890625 0.2390625 0.06796875 0.17421875
0 0.25 0.25 0.07890625 0.1625
0 0.2578125 0.11640625 0.04296875 0.1328125
0 0.30078125 0.1609375 0.04765625 0.1640625
0 0.34765625 0.15390625 0.04375 0.1484375
0 0.3765625 0.128125 0.03046875 0.11328125
0 0.1921875 0.08828125 0.05546875 0.146875
0 0.4734375 0.334375 0.04296875 0.13984375
0 0.5203125 0.21171875 0.04765625 0.1703125
0 0.54765625 0.14375 0.0578125 0.1421875
0 0.47265625 0.0875 0.03671875 0.1421875
0 0.5359375 0.05625 0.05078125 0.11171875
0 0.709375 0.40859375 0.0484375 0.16875
0 0.671875 0.75625 0.04921875 0.15546875
0 0.6671875 0.91953125 0.040625 0.1609375
0 0.6984375 0.86875 0.02890625 0.10625
0 0.7390625 0.865625 0.0328125 0.146875
0 0.78828125 0.90078125 0.046875 0.146875
0 0.73828125 0.9578125 0.0390625 0.084375