0 0.1421875 0.6109375 0.28125 0.0875
0 0.1625 0.53203125 0.278125 0.078125
0 0.34375 0.7 0.209375 0.06875
0 0.3796875 0.80234375 0.18125 0.0625
0 0.2625 0.9171875 0.2359375 0.075
0 0.2484375 0.3265625 0.2203125 0.08125
0 0.27734375 0.47578125 0.221875 0.0546875
0 0.28125 0.39375 0.20625 0.0625
0 0.50546875 0.62890625 0.1171875 0.0375
0 0.4140625 0.42109375 0.1375 0.040625
0 0.40625 0.334375 0.115625 0.04375
0 0.346875 0.33515625 0.103125 0.053125
0 0.42578125 0.3703125 0.140625 0.04375
0 0.3828125 0.07578125 0.1328125 0.0359375
0 0.40625 0.09921875 0.11875 0.0359375
0 0.38046875 0.03046875 0.1375 0.0359375
0 0.28359375 0.01875 0.096875 0.034375
0 0.38984375 0.55390625 0.140625 0.0203125
0 0.4046875 0.5703125 0.140625 0.0375
0 0.3921875 0.61796875 0.1625 0.0375
0 0.4265625 0.59453125 0.146875 0.05
0 0.48125 0.70390625 0.0625 0.025
0 0.446875 0.72890625 0.078125 0.04375
0 0.39921875 0.915625 0.0734375 0.040625
0 0.38515625 0.978125 0.084375 0.04375
0 0.515625 0.93359375 0.10625 0.028125
0 0.51328125 0.95390625 0.09375 0.0296875
0 0.5484375 0.7171875 0.08125 0.01875
0 0.50625 0.55 0.096875 0.021875
0 0.453125 0.50546875 0.11875 0.040625
0 0.46171875 0.46796875 0.103125 0.0390625
0 0.41953125 0.45078125 0.1453125 0.03125
0 0.47421875 0.4140625 0.0765625 0.0296875
0 0.4625 0.303125 0.1328125 0.034375
0 0.44296875 0.275 0.121875 0.0328125
0 0.53203125 0.46484375 0.090625 0.0265625
0 0.5234375 0.5125 0.0625 0.025
0 0.5625 0.5390625 0.090625 0.025
0 0.60078125 0.66484375 0.06875 0.025
0 0.60234375 0.6796875 0.0921875 0.028125
0 0.540625 0.42421875 0.06875 0.028125
0 0.53671875 0.38671875 0.09375 0.03125