0 0.61171875 0.40078125 0.05 0.1125
0 0.74765625 0.3703125 0.109375 0.13125
0 0.52890625 0.7 0.0765625 0.1125
0 0.37109375 0.65859375 0.06875 0.115625
0 0.41171875 0.88671875 0.05625 0.1015625
0 0.77734375 0.69140625 0.0640625 0.1390625
0 0.22421875 0.875 0.0515625 0.115625
0 0.04765625 0.76875 0.059375 0.115625
0 0.19453125 0.6796875 0.053125 0.0875
0 0.13046875 0.471875 0.0796875 0.121875
0 0.328125 0.4234375 0.0625 0.1125
0 0.3671875 0.284375 0.06875 0.1390625
0 0.32734375 0.06015625 0.0796875 0.11875
0 0.2078125 0.33203125 0.05625 0.103125
0 0.175 0.15703125 0.0609375 0.115625
0 0.2765625 0.34453125 0.053125 0.0890625
0 0.2328125 0.56796875 0.0734375 0.115625
0 0.22890625 0.47734375 0.09375 0.115625
0 0.8125 0.60625 0.03125 0.1
0 0.8359375 0.57421875 0.0375 0.084375
0 0.7703125 0.828125 0.0359375 0.084375
0 0.78203125 0.87890625 0.0375 0.0734375
0 0.95234375 0.95625 0.03125 0.0875
0 0.2578125 0.18828125 0.040625 0.0625
0 0.22734375 0.16484375 0.0421875 0.090625
0 0.21328125 0.1078125 0.046875 0.0859375
0 0.315625 0.2234375 0.040625 0.090625
0 0.26640625 0.26015625 0.046875 0.071875
0 0.2421875 0.25078125 0.040625 0.059375