0 0.14609375 0.16484375 0.06171875 0.046875
0 0.09453125 0.05859375 0.06484375 0.05
0 0.3484375 0.1703125 0.04609375 0.05234375
0 0.1046875 0.09921875 0.0484375 0.053125
0 0.16953125 0.1171875 0.053125 0.046875
0 0.16640625 0.084375 0.05703125 0.04609375
0 0.25078125 0.18359375 0.04296875 0.04609375
0 0.2203125 0.16796875 0.03203125 0.03828125
0 0.2328125 0.2078125 0.03828125 0.0421875
0 0.115625 0.2203125 0.05703125 0.046875
0 0.13125 0.25234375 0.0359375 0.04375
0 0.1640625 0.25546875 0.04140625 0.03046875
0 0.16796875 0.2734375 0.0390625 0.0375
0 0.38828125 0.43125 0.034375 0.0328125
0 0.3828125 0.46328125 0.03671875 0.034375
0 0.33671875 0.43984375 0.040625 0.03515625
0 0.33125 0.4703125 0.03359375 0.03984375
0 0.29140625 0.3875 0.0359375 0.040625
0 0.28203125 0.41328125 0.0390625 0.03828125
0 0.2890625 0.3328125 0.0375 0.04375
0 0.271875 0.27578125 0.03671875 0.03125
0 0.2828125 0.29921875 0.03515625 0.03125
0 0.4328125 0.34921875 0.02421875 0.034375
0 0.44296875 0.371875 0.02734375 0.03828125
0 0.428125 0.41875 0.03359375 0.03671875
0 0.4328125 0.465625 0.0328125 0.046875
0 0.4828125 0.43984375 0.0359375 0.03125
0 0.48125 0.41015625 0.034375 0.03828125
0 0.496875 0.37109375 0.0328125 0.04140625
0 0.65390625 0.3328125 0.03046875 0.03984375
0 0.65703125 0.3703125 0.0296875 0.040625
0 0.76640625 0.38125 0.03828125 0.04296875
0 0.79765625 0.3234375 0.03828125 0.03515625
0 0.79921875 0.3546875 0.0359375 0.04296875
0 0.9421875 0.26640625 0.0515625 0.040625
0 0.86484375 0.30546875 0.0546875 0.03671875
0 0.875 0.33203125 0.04375 0.03671875
0 0.953125 0.34609375 0.0453125 0.0453125
0 0.88671875 0.41953125 0.046875 0.0390625
0 0.84453125 0.43515625 0.04453125 0.02890625
0 0.84296875 0.47578125 0.04453125 0.03359375
0 0.7671875 0.4640625 0.02890625 0.03046875
0 0.7890625 0.4734375 0.0359375 0.03515625
0 0.81875 0.50703125 0.0359375 0.03203125
0 0.8140625 0.53828125 0.04375 0.03828125
0 0.85078125 0.52265625 0.02890625 0.03671875
0 0.8828125 0.54453125 0.04140625 0.03984375
0 0.93984375 0.40546875 0.04140625 0.03671875
0 0.9625 0.38671875 0.04375 0.0390625
0 0.90625 0.45078125 0.0484375 0.03671875
0 0.90234375 0.48671875 0.05234375 0.03515625
0 0.940625 0.48203125 0.04375 0.03515625
0 0.91171875 0.57578125 0.04765625 0.03984375
0 0.9578125 0.603125 0.06328125 0.0390625
0 0.8453125 0.60390625 0.04296875 0.04765625
0 0.86796875 0.6484375 0.03671875 0.0390625
0 0.84375 0.65859375 0.05 0.034375
0 0.83671875 0.696875 0.04453125 0.04609375
0 0.8875 0.684375 0.0515625 0.03984375
0 0.75625 0.55 0.0390625 0.03984375
0 0.746875 0.5203125 0.04140625 0.03515625
0 0.66796875 0.4875 0.0421875 0.046875
0 0.6921875 0.52421875 0.034375 0.0390625
0 0.7046875 0.5546875 0.0421875 0.04375
0 0.6171875 0.46875 0.03828125 0.04375
0 0.5359375 0.4796875 0.0375 0.03828125
0 0.54140625 0.51171875 0.0375 0.0390625
0 0.53046875 0.54453125 0.028125 0.046875
0 0.57890625 0.51484375 0.02890625 0.03984375
0 0.5625 0.53984375 0.0265625 0.03671875
0 0.571875 0.57109375 0.03125 0.0421875
0 0.62578125 0.5234375 0.02890625 0.04140625
0 0.61328125 0.55078125 0.03046875 0.040625
0 0.60625 0.57578125 0.02578125 0.0328125
0 0.628125 0.58671875 0.025 0.03984375
0 0.57578125 0.67578125 0.0296875 0.04375
0 0.56953125 0.71171875 0.03203125 0.04140625
0 0.76796875 0.66328125 0.0359375 0.03984375
0 0.88671875 0.725 0.06171875 0.034375
0 0.95625 0.74765625 0.0484375 0.0375
0 0.9265625 0.7703125 0.04765625 0.03828125
0 0.93984375 0.8 0.04375 0.0328125
0 0.9625 0.840625 0.04140625 0.03828125
0 0.9234375 0.82578125 0.04609375 0.04140625
0 0.93046875 0.85703125 0.04609375 0.03515625
0 0.8953125 0.76484375 0.04375 0.04453125
0 0.80546875 0.7578125 0.04453125 0.040625
0 0.7921875 0.94140625 0.04609375 0.059375
0 0.6828125 0.77265625 0.03046875 0.0421875
0 0.7 0.80703125 0.03671875 0.0484375
0 0.6375 0.7328125 0.03515625 0.046875
0 0.6765625 0.9015625 0.03828125 0.05546875
0 0.603125 0.8421875 0.0296875 0.04375
0 0.60625 0.88203125 0.0390625 0.05234375
0 0.453125 0.76640625 0.03515625 0.046875
0 0.46484375 0.67265625 0.03046875 0.04296875
0 0.4390625 0.690625 0.03125 0.046875
0 0.42265625 0.6546875 0.03203125 0.0390625
0 0.3703125 0.5890625 0.03125 0.0421875
0 0.40390625 0.61015625 0.02578125 0.0328125
0 0.396875 0.6359375 0.03046875 0.040625
0 0.3265625 0.65546875 0.03515625 0.0421875
0 0.32265625 0.53359375 0.03828125 0.04296875
0 0.32421875 0.58671875 0.03671875 0.03515625
0 0.29140625 0.61171875 0.0421875 0.03984375
0 0.2890625 0.64375 0.03984375 0.0375
0 0.28671875 0.69375 0.03125 0.0453125
0 0.36796875 0.70546875 0.0375 0.0390625
0 0.18984375 0.70234375 0.021875 0.03203125
0 0.215625 0.71640625 0.05234375 0.0421875
0 0.27109375 0.55625 0.028125 0.03828125
0 0.29921875 0.54296875 0.03046875 0.03359375
0 0.19296875 0.86171875 0.04765625 0.04296875
0 0.2046875 0.8171875 0.03671875 0.04140625
0 0.22578125 0.903125 0.053125 0.05703125
0 0.39609375 0.7984375 0.02890625 0.0296875
0 0.71953125 0.35625 0.04765625 0.04609375
0 0.71484375 0.29140625 0.0390625 0.040625
0 0.709375 0.32421875 0.0328125 0.040625
0 0.803125 0.18828125 0.04140625 0.05546875