0 0.775 0.60234375 0.26875 0.1859375
0 0.77421875 0.4390625 0.278125 0.153125
0 0.765625 0.29296875 0.275 0.159375
0 0.66015625 0.725 0.159375 0.0953125
0 0.65625 0.3578125 0.128125 0.075
0 0.66171875 0.20703125 0.1375 0.078125
0 0.675 0.04140625 0.15625 0.08125
0 0.63125 0.09453125 0.084375 0.0703125
0 0.64296875 0.8171875 0.1015625 0.0625
0 0.63359375 0.8703125 0.084375 0.046875
0 0.625 0.52890625 0.0515625 0.040625
0 0.6203125 0.6359375 0.040625 0.0265625
0 0.62265625 0.60546875 0.0375 0.025
0 0.6171875 0.58671875 0.04375 0.025
0 0.615625 0.4625 0.0453125 0.040625
0 0.6125 0.43515625 0.034375 0.0296875
0 0.61015625 0.378125 0.04375 0.04375
0 0.61015625 0.409375 0.0421875 0.040625
0 0.615625 0.1484375 0.05 0.040625
0 0.60390625 0.0203125 0.0640625 0.040625
0 0.61484375 0.965625 0.040625 0.03125
0 0.60859375 0.93984375 0.0375 0.0296875
0 0.62109375 0.90078125 0.05 0.0359375