0 0.24453125 0.73828125 0.1921875 0.49609375
0 0.05390625 0.5953125 0.1078125 0.26484375
0 0.3390625 0.68203125 0.1984375 0.6171875
0 0.49453125 0.609375 0.10859375 0.28359375
0 0.41875 0.46875 0.071875 0.1734375
0 0.48046875 0.43203125 0.065625 0.0671875
0 0.5234375 0.43984375 0.034375 0.05546875
0 0.5515625 0.4296875 0.03515625 0.05078125
0 0.60546875 0.52578125 0.075 0.21875
0 0.7109375 0.6140625 0.13359375 0.52109375
0 0.80234375 0.5515625 0.08984375 0.4453125
0 0.665625 0.4234375 0.03828125 0.0796875
0 0.59375 0.3953125 0.03828125 0.05078125
0 0.9359375 0.371875 0.05546875 0.08203125
0 0.96875 0.4015625 0.053125 0.0921875