0 0.0859375 0.6078125 0.10703125 0.56953125
0 0.171875 0.60390625 0.09609375 0.5296875
0 0.2890625 0.59609375 0.10546875 0.56171875
0 0.41640625 0.51640625 0.078125 0.403125
0 0.48828125 0.5828125 0.09921875 0.515625
0 0.5703125 0.5625 0.08828125 0.42734375
0 0.66484375 0.61875 0.1203125 0.5921875
0 0.76484375 0.6125 0.0953125 0.546875
0 0.93671875 0.6171875 0.12421875 0.45
0 0.36484375 0.51171875 0.065625 0.34296875
0 0.0421875 0.39609375 0.0515625 0.20546875
0 0.87890625 0.47421875 0.0828125 0.3328125
0 0.81953125 0.5546875 0.06484375 0.45390625