0 0.6109375 0.59140625 0.740625 0.2015625
0 0.37890625 0.62109375 0.34375 0.1484375
0 0.4078125 0.81484375 0.7640625 0.20625
0 0.51953125 0.24609375 0.7328125 0.1703125
0 0.5703125 0.08671875 0.59375 0.13125
0 0.61640625 0.41015625 0.484375 0.121875
0 0.71015625 0.4875 0.4140625 0.0453125
0 0.821875 0.45078125 0.1625 0.084375
0 0.8140625 0.371875 0.1203125 0.040625
0 0.80234375 0.3390625 0.165625 0.053125
0 0.8328125 0.76796875 0.125 0.0703125
0 0.846875 0.7046875 0.11875 0.071875
0 0.79375 0.93671875 0.13125 0.075
0 0.86875 0.853125 0.08125 0.04375
0 0.8609375 0.82578125 0.1140625 0.0515625
0 0.88046875 0.90546875 0.065625 0.053125
0 0.73828125 0.8609375 0.10625 0.06875
0 0.6484375 0.91328125 0.1125 0.0875
0 0.909375 0.9640625 0.0703125 0.046875
0 0.815625 0.55234375 0.0890625 0.0453125
0 0.80546875 0.48671875 0.10625 0.0578125
0 0.81953125 0.2921875 0.1 0.040625