0 0.04609375 0.60625 0.07734375 0.4609375
0 0.103125 0.46875 0.06640625 0.334375
0 0.04296875 0.1921875 0.06484375 0.353125
0 0.21875 0.68828125 0.08984375 0.43125
0 0.1703125 0.51640625 0.071875 0.27109375
0 0.384375 0.6625 0.08828125 0.46171875
0 0.3109375 0.534375 0.07734375 0.36484375
0 0.26171875 0.3890625 0.0859375 0.20625
0 0.21015625 0.2703125 0.084375 0.2140625
0 0.27109375 0.26640625 0.07734375 0.10546875
0 0.5625 0.640625 0.065625 0.44296875
0 0.490625 0.58203125 0.084375 0.42734375
0 0.4046875 0.38828125 0.0796875 0.19140625
0 0.38671875 0.246875 0.0609375 0.171875
0 0.78046875 0.71015625 0.08984375 0.42421875
0 0.6796875 0.50546875 0.06953125 0.40859375
0 0.5484375 0.375 0.0765625 0.1453125
0 0.52265625 0.3078125 0.084375 0.15
0 0.43984375 0.23359375 0.0671875 0.25234375
0 0.434375 0.07109375 0.06875 0.1421875
0 0.5578125 0.12265625 0.0671875 0.20703125
0 0.60546875 0.26796875 0.08125 0.30390625
0 0.66484375 0.228125 0.0640625 0.1984375
0 0.93671875 0.64375 0.075 0.4515625
0 0.859375 0.565625 0.06484375 0.39140625
0 0.825 0.375 0.0765625 0.23125
0 0.7453125 0.35703125 0.0828125 0.29765625
0 0.771875 0.19609375 0.09140625 0.1734375
0 0.86875 0.20859375 0.07890625 0.2921875
0 0.96484375 0.15859375 0.06875 0.1359375