0 0.10390625 0.90546875 0.0765625 0.1890625
0 0.56171875 0.92109375 0.0453125 0.1578125
0 0.63671875 0.7671875 0.059375 0.16328125
0 0.58046875 0.68984375 0.05 0.17421875
0 0.84375 0.73046875 0.059375 0.1890625
0 0.8296875 0.56796875 0.05234375 0.16484375
0 0.9203125 0.528125 0.04140625 0.18203125
0 0.6203125 0.38671875 0.034375 0.13515625
0 0.3734375 0.45546875 0.03984375 0.1796875
0 0.321875 0.41640625 0.04296875 0.13515625
0 0.31171875 0.31796875 0.0328125 0.10859375
0 0.40703125 0.32734375 0.03828125 0.14296875
0 0.4953125 0.328125 0.03671875 0.14609375
0 0.12109375 0.675 0.0578125 0.17734375
0 0.21640625 0.5390625 0.028125 0.14921875
0 0.24921875 0.53046875 0.0296875 0.13125
0 0.22734375 0.47109375 0.01953125 0.0609375
0 0.1921875 0.51796875 0.034375 0.1484375
0 0.059375 0.165625 0.0328125 0.11640625
0 0.0328125 0.109375 0.02734375 0.10625
0 0.3828125 0.1671875 0.0296875 0.13203125
0 0.4265625 0.10703125 0.02578125 0.12421875
0 0.45703125 0.1171875 0.01953125 0.1296875
0 0.4828125 0.07421875 0.0203125 0.1171875
0 0.50546875 0.06328125 0.0203125 0.11015625
0 0.63046875 0.0875 0.02421875 0.1265625
0 0.61015625 0.10859375 0.021875 0.1203125
0 0.665625 0.0734375 0.0140625 0.071875
0 0.68125 0.04609375 0.0234375 0.09140625
0 0.71171875 0.05078125 0.021875 0.10078125
0 0.7328125 0.103125 0.0265625 0.12734375
0 0.58671875 0.16875 0.03125 0.1140625
0 0.5328125 0.25078125 0.0421875 0.15390625
0 0.93515625 0.3171875 0.03828125 0.153125
0 0.98203125 0.29765625 0.0359375 0.13828125
0 0.98984375 0.1859375 0.0203125 0.10625
0 0.92734375 0.221875 0.03125 0.13125
0 0.903125 0.12890625 0.028125 0.13203125
0 0.87734375 0.09375 0.01953125 0.115625
0 0.859375 0.08125 0.025 0.12421875