0 0.11796875 0.93359375 0.2359375 0.0609375
0 0.18125 0.853125 0.1578125 0.065625
0 0.06953125 0.85859375 0.059375 0.040625
0 0.07109375 0.75625 0.1421875 0.0625
0 0.09453125 0.71015625 0.15 0.05625
0 0.1609375 0.75859375 0.0625 0.0453125
0 0.171875 0.6703125 0.21875 0.0578125
0 0.23203125 0.70078125 0.11875 0.0421875
0 0.1265625 0.6140625 0.24375 0.040625
0 0.36328125 0.82890625 0.178125 0.03125
0 0.36875 0.85 0.1875 0.0265625
0 0.40546875 0.98203125 0.175 0.0296875
0 0.4375 0.9515625 0.159375 0.0328125
0 0.51015625 0.98359375 0.0625 0.0328125
0 0.4671875 0.878125 0.184375 0.0296875
0 0.48671875 0.82578125 0.140625 0.028125
0 0.52734375 0.94375 0.103125 0.028125
0 0.56015625 0.86484375 0.11875 0.021875
0 0.54296875 0.91640625 0.15625 0.0234375
0 0.496875 0.77578125 0.171875 0.025
0 0.51640625 0.7984375 0.1625 0.025
0 0.4921875 0.7171875 0.16875 0.03125
0 0.49609375 0.75078125 0.16875 0.0234375
0 0.60390625 0.7421875 0.084375 0.021875
0 0.6234375 0.7078125 0.121875 0.021875
0 0.6390625 0.81171875 0.13125 0.0234375
0 0.67890625 0.775 0.11875 0.021875
0 0.66796875 0.75625 0.109375 0.021875
0 0.6734375 0.73046875 0.10625 0.021875
0 0.63671875 0.675 0.109375 0.025
0 0.6890625 0.696875 0.0703125 0.021875
0 0.71953125 0.66640625 0.05625 0.01875
0 0.64375 0.61328125 0.0734375 0.0234375
0 0.63828125 0.65 0.075 0.025
0 0.54609375 0.665625 0.13125 0.0234375
0 0.54453125 0.61640625 0.1 0.021875
0 0.57109375 0.64453125 0.09375 0.025
0 0.5171875 0.64375 0.059375 0.028125
0 0.45625 0.60234375 0.165625 0.040625
0 0.44609375 0.684375 0.10625 0.0375
0 0.43671875 0.6453125 0.1421875 0.034375
0 0.36328125 0.68203125 0.140625 0.0375
0 0.33671875 0.62421875 0.16875 0.0375
0 0.19140625 0.590625 0.215625 0.034375
0 0.22890625 0.56796875 0.20625 0.0359375
0 0.2171875 0.52890625 0.215625 0.04375
0 0.3734375 0.55625 0.1265625 0.046875
0 0.36171875 0.51171875 0.128125 0.04375
0 0.2375 0.46484375 0.20625 0.05
0 0.0703125 0.465625 0.13125 0.0671875
0 0.14140625 0.40390625 0.240625 0.04375
0 0.14140625 0.340625 0.259375 0.04375
0 0.26953125 0.3796875 0.20625 0.05
0 0.3109375 0.33984375 0.14375 0.0375
0 0.24140625 0.27578125 0.234375 0.04375
0 0.18984375 0.18984375 0.23125 0.04375
0 0.18046875 0.128125 0.259375 0.046875
0 0.16875 0.06640625 0.225 0.04375
0 0.20859375 0.01875 0.18125 0.0375
0 0.32421875 0.03984375 0.196875 0.0359375
0 0.35078125 0.2 0.115625 0.034375
0 0.3265625 0.23125 0.2 0.034375
0 0.37421875 0.26484375 0.103125 0.0375
0 0.4109375 0.36015625 0.0921875 0.0359375
0 0.41015625 0.315625 0.18125 0.034375
0 0.4828125 0.25078125 0.1125 0.034375
0 0.409375 0.1828125 0.140625 0.0375
0 0.4265625 0.13046875 0.19375 0.03125
0 0.4390625 0.15703125 0.196875 0.0296875
0 0.4828125 0.0984375 0.14375 0.0296875
0 0.4859375 0.03125 0.134375 0.040625
0 0.35078125 0.0796875 0.159375 0.034375
0 0.33515625 0.1015625 0.15625 0.03125
0 0.47890625 0.56640625 0.109375 0.034375
0 0.50546875 0.53046875 0.171875 0.03125
0 0.515625 0.50078125 0.13125 0.03125
0 0.4640625 0.48359375 0.1015625 0.034375
0 0.38359375 0.4828125 0.11875 0.0328125
0 0.415625 0.4421875 0.1796875 0.0359375
0 0.565625 0.459375 0.1015625 0.0328125
0 0.43359375 0.415625 0.184375 0.034375
0 0.471875 0.3484375 0.06875 0.028125
0 0.659375 0.53828125 0.134375 0.025
0 0.65 0.5703125 0.1421875 0.025
0 0.71015625 0.6484375 0.05625 0.021875
0 0.69296875 0.609375 0.090625 0.025
0 0.65859375 0.49140625 0.1453125 0.0296875
0 0.55390625 0.34921875 0.0984375 0.0359375
0 0.4890625 0.38984375 0.20625 0.040625
0 0.58515625 0.2859375 0.1625 0.03125
0 0.59375 0.3140625 0.159375 0.021875
0 0.59296875 0.334375 0.134375 0.025
0 0.59765625 0.3609375 0.115625 0.028125
0 0.62890625 0.38515625 0.090625 0.034375
0 0.59765625 0.43984375 0.121875 0.021875
0 0.5375 0.4234375 0.0625 0.0265625
0 0.47265625 0.20546875 0.0984375 0.03125
0 0.6 0.13671875 0.090625 0.034375
0 0.60546875 0.109375 0.1015625 0.025
0 0.60546875 0.16015625 0.1203125 0.028125
0 0.6015625 0.1953125 0.125 0.025
0 0.609375 0.22109375 0.09375 0.025
0 0.60546875 0.24609375 0.134375 0.028125
0 0.5671875 0.05 0.1671875 0.025
0 0.5921875 0.075 0.1421875 0.025