0 0.386206 0.401184 0.0645471 0.103514 0.545816
0 0.787681 0.449697 0.0958117 0.211793 0.518526
0 0.337135 0.550799 0.0787113 0.138804 0.462256
0 0.704507 0.509317 0.112128 0.163875 0.441724
0 0.851258 0.532984 0.0997547 0.233434 0.436363
0 0.711024 0.757448 0.246858 0.475637 0.431688
0 0.376601 0.497964 0.088228 0.165032 0.431647
0 0.373328 0.48495 0.0727566 0.138034 0.425922
0 0.629543 0.499674 0.0806314 0.125122 0.39384
0 0.265899 0.60315 0.100188 0.223832 0.371647
0 0.696787 0.504039 0.0894356 0.143505 0.367149
0 0.312787 0.43592 0.0788849 0.143827 0.338066
0 0.631878 0.51302 0.0957792 0.167676 0.33445
0 0.729646 0.400457 0.0880941 0.16388 0.326663
0 0.308762 0.46006 0.106636 0.237114 0.311623
0 0.388093 0.407382 0.083463 0.123014 0.277821
0 0.245753 0.737475 0.263471 0.515098 0.272113
0 0.628299 0.419555 0.0739901 0.119218 0.269342
0 0.424995 0.422046 0.0611283 0.120579 0.265589
0 0.332014 0.547484 0.0988625 0.172794 0.244152
0 0.708293 0.521356 0.138306 0.190752 0.235361
0 0.5764 0.391415 0.0843335 0.162517 0.207286
