0 0.157932 0.454918 0.304595 0.90505 0.741003
0 0.713057 0.4518 0.193928 0.903601 0.632594
0 0.410295 0.414129 0.248256 0.828258 0.609509
0 0.56236 0.444638 0.203859 0.889276 0.57761
0 0.456186 0.807687 0.139166 0.195784 0.471539
0 0.882258 0.532833 0.235484 0.933576 0.464189
0 0.629897 0.798869 0.0990177 0.225134 0.430285
0 0.310051 0.727967 0.168498 0.320416 0.368765
0 0.055964 0.717873 0.110111 0.562557 0.314924
0 0.449131 0.831992 0.161699 0.235022 0.27488
0 0.627736 0.826416 0.13276 0.27659 0.27409
