0 0.279278 0.512844 0.429317 0.124545 0.469026
0 0.543253 0.322966 0.466921 0.142227 0.448111
0 0.612784 0.603876 0.347944 0.121935 0.393548
0 0.272287 0.623846 0.358455 0.118885 0.34966
0 0.25236 0.302052 0.33701 0.124245 0.318977
0 0.616633 0.505982 0.304104 0.0868906 0.315939
0 0.550108 0.429013 0.46028 0.0971431 0.305854
0 0.252744 0.354648 0.357207 0.192154 0.240889
0 0.327453 0.507612 0.336131 0.106627 0.221383
0 0.720616 0.436686 0.134316 0.0729569 0.217022
0 0.557625 0.724748 0.388798 0.142241 0.211822
0 0.601918 0.425002 0.371341 0.0839105 0.200483
