0 0.426248 0.495507 0.845112 0.234266 0.757006
0 0.425379 0.321323 0.835167 0.225423 0.754447
0 0.423779 0.136799 0.835498 0.250706 0.747395
0 0.427398 0.793039 0.841365 0.198417 0.559674
0 0.696734 0.630861 0.410073 0.132485 0.555831
0 0.430013 0.924695 0.845081 0.150609 0.517081
0 0.193304 0.939989 0.384631 0.120021 0.4199
0 0.714228 0.759533 0.365654 0.126287 0.408186
0 0.429203 0.652422 0.852954 0.195616 0.369191
0 0.642888 0.76399 0.495148 0.14758 0.348947
0 0.251659 0.351828 0.503318 0.116501 0.249403
0 0.153837 0.698959 0.300027 0.156481 0.244119
0 0.557043 0.629343 0.671725 0.154215 0.207471
