0 0.148827 0.555633 0.180923 0.880841 0.638626
0 0.391999 0.544054 0.197224 0.898258 0.565879
0 0.744186 0.512546 0.158963 0.967314 0.519023
0 0.634162 0.506202 0.200306 0.981143 0.413041
0 0.631843 0.489227 0.138686 0.930689 0.35406
0 0.53661 0.309809 0.104524 0.480697 0.282992
0 0.530358 0.395542 0.113963 0.672366 0.231721
0 0.739994 0.45385 0.13297 0.750354 0.225754
0 0.430965 0.297185 0.111999 0.444452 0.222793
0 0.528555 0.501843 0.127687 0.903618 0.218007
0 0.854024 0.454756 0.153825 0.909512 0.211728
0 0.728583 0.172439 0.0978657 0.168087 0.206654
