0 0.401938 0.505966 0.128214 0.312335 0.675899
0 0.118423 0.752207 0.236304 0.494812 0.639026
0 0.619402 0.45829 0.133084 0.26612 0.621589
0 0.819861 0.705759 0.17386 0.35866 0.61532
0 0.276672 0.472877 0.140517 0.292197 0.560186
0 0.744499 0.484365 0.17744 0.387417 0.548409
0 0.643231 0.698406 0.126805 0.325684 0.518356
0 0.496296 0.486127 0.144789 0.344151 0.499348
0 0.294123 0.734753 0.209849 0.462067 0.428541
0 0.740043 0.529043 0.14457 0.458273 0.42849
0 0.554958 0.665967 0.100254 0.181597 0.301636
0 0.55516 0.739972 0.129887 0.333101 0.227936
0 0.451972 0.657597 0.0952557 0.180188 0.227751
0 0.601004 0.474934 0.158136 0.317622 0.211546
