0 0.467656 0.466552 0.222129 0.914991 0.635037
0 0.118161 0.452483 0.230916 0.89292 0.557726
0 0.672747 0.522937 0.194496 0.871234 0.542358
0 0.870017 0.47905 0.210281 0.721899 0.442385
0 0.171055 0.449323 0.34211 0.896377 0.427216
0 0.914766 0.514409 0.170468 0.760214 0.421319
0 0.255358 0.449881 0.233284 0.899762 0.387932
0 0.945818 0.539401 0.106262 0.832968 0.363974
0 0.641363 0.479392 0.191213 0.951602 0.322817
0 0.888498 0.557503 0.21313 0.83013 0.310135
0 0.836962 0.470487 0.183576 0.735416 0.303574
0 0.283491 0.48412 0.161669 0.808367 0.241351
