0 0.453343 0.75154 0.128297 0.380825 0.597649
0 0.43818 0.575766 0.108948 0.575953 0.55788
0 0.354615 0.57716 0.0997117 0.557441 0.524191
0 0.179954 0.582158 0.142695 0.684913 0.520251
0 0.533015 0.491821 0.120003 0.375088 0.51509
0 0.278405 0.61017 0.0856849 0.628626 0.503084
0 0.210963 0.599913 0.222037 0.683387 0.456858
0 0.532467 0.569004 0.102597 0.540485 0.453471
0 0.249252 0.609385 0.157203 0.654537 0.384638
0 0.606104 0.479585 0.0850828 0.375004 0.368612
0 0.456705 0.628117 0.144415 0.656218 0.324426
0 0.605562 0.537766 0.0948612 0.503079 0.278829
0 0.728536 0.827611 0.0660536 0.265973 0.239834
0 0.437446 0.484529 0.0998706 0.383127 0.213318
