0 0.693105 0.907765 0.61155 0.17 0.458962
0 0.704447 0.787003 0.59089 0.147377 0.441594
0 0.538222 0.160183 0.242037 0.101966 0.400912
0 0.743499 0.582692 0.513003 0.116376 0.376517
0 0.480932 0.286426 0.200176 0.0754272 0.351545
0 0.711051 0.679714 0.577897 0.109274 0.339823
0 0.450724 0.594172 0.173867 0.0835134 0.330616
0 0.354758 0.661261 0.162584 0.0709814 0.314541
0 0.750394 0.430999 0.499212 0.174927 0.28864
0 0.757227 0.270622 0.485545 0.153375 0.279453
0 0.383188 0.769781 0.218279 0.100989 0.278708
0 0.759823 0.248623 0.470866 0.122871 0.272646
0 0.75033 0.48309 0.497753 0.107139 0.270464
0 0.752377 0.124573 0.484441 0.135433 0.253439
0 0.438418 0.461223 0.212013 0.0798115 0.249653
0 0.745812 0.556614 0.508376 0.159719 0.237191
0 0.456476 0.505208 0.0995008 0.0562645 0.233988
0 0.509703 0.343975 0.117257 0.0596283 0.231904
0 0.486338 0.389464 0.152855 0.0698185 0.229531
0 0.623384 0.23512 0.177319 0.0772583 0.217534
0 0.751804 0.306027 0.490737 0.113935 0.216555
