0 0.134534 0.663958 0.169634 0.651674 0.814272
0 0.525535 0.706499 0.144965 0.583675 0.71906
0 0.255656 0.707609 0.130547 0.563821 0.687116
0 0.402438 0.731872 0.128073 0.517539 0.64197
0 0.64981 0.720883 0.12257 0.548718 0.636882
0 0.915413 0.699338 0.140585 0.590992 0.626532
0 0.816908 0.66758 0.0962435 0.530616 0.601902
0 0.745835 0.712118 0.105203 0.563183 0.566986
0 0.462124 0.449399 0.122708 0.275661 0.548441
0 0.584655 0.615634 0.0824675 0.467112 0.429223
0 0.693352 0.48349 0.0692417 0.147149 0.380154
0 0.547145 0.701538 0.12659 0.561417 0.26966
0 0.350073 0.635802 0.141719 0.648771 0.226918
