0 0.680655 0.720768 0.141071 0.552879 0.695791
0 0.561945 0.716049 0.131418 0.559733 0.677359
0 0.364856 0.460762 0.0919652 0.22568 0.656006
0 0.650141 0.380877 0.0974928 0.191231 0.637529
0 0.230033 0.437081 0.132885 0.234802 0.636327
0 0.784286 0.41307 0.0898382 0.160868 0.586477
0 0.0730857 0.649842 0.142521 0.697895 0.577671
0 0.402874 0.738005 0.160493 0.513832 0.531285
0 0.206841 0.743371 0.196454 0.510758 0.441202
0 0.929599 0.483272 0.123364 0.37824 0.440732
0 0.527109 0.430733 0.140963 0.323241 0.428946
0 0.780075 0.720141 0.0992529 0.557934 0.426796
0 0.44488 0.420819 0.091309 0.245098 0.419416
0 0.913676 0.641983 0.172647 0.715981 0.384563
0 0.537417 0.404747 0.121075 0.259314 0.329304
0 0.881526 0.704831 0.140816 0.586491 0.327424
0 0.762765 0.708045 0.102833 0.509101 0.325001
0 0.250619 0.74298 0.276189 0.509683 0.264903
0 0.75378 0.522564 0.0793636 0.137118 0.251162
0 0.854927 0.712247 0.13984 0.568198 0.232821
