0 0.641583 0.77182 0.704391 0.256033 0.578772
0 0.615708 0.581279 0.743509 0.180941 0.546341
0 0.602 0.236039 0.764147 0.228819 0.523519
0 0.599278 0.417786 0.779805 0.193961 0.492032
0 0.26261 0.761555 0.334116 0.121002 0.431387
0 0.572513 0.751059 0.557348 0.202427 0.431376
0 0.513177 0.271595 0.563792 0.188845 0.38725
0 0.510157 0.429675 0.613403 0.174558 0.359028
0 0.517975 0.581993 0.525029 0.172636 0.357081
0 0.405965 0.0814739 0.431431 0.161131 0.321367
0 0.578987 0.0841111 0.81482 0.167005 0.227136
