0 0.634892 0.0879282 0.0833321 0.175856 0.673399
0 0.587978 0.565822 0.0896214 0.176269 0.666492
0 0.812098 0.104543 0.0818917 0.207242 0.663914
0 0.670143 0.422879 0.0732583 0.20111 0.659324
0 0.668903 0.157286 0.0741972 0.193427 0.656113
0 0.337433 0.575691 0.0889554 0.180876 0.654018
0 0.563158 0.0442834 0.0470608 0.0876324 0.647959
0 0.614438 0.279383 0.0695211 0.193528 0.612946
0 0.701075 0.582203 0.0830606 0.1942 0.598168
0 0.631039 0.73215 0.109061 0.1726 0.583334
0 0.34982 0.0775438 0.0681102 0.155088 0.5782
0 0.108386 0.383568 0.111077 0.169964 0.575885
0 0.934639 0.534815 0.130014 0.168186 0.571412
0 0.898888 0.865228 0.165412 0.146023 0.540731
0 0.415227 0.245512 0.0847617 0.237907 0.539625
0 0.0518373 0.723477 0.0641329 0.207495 0.538944
0 0.897902 0.389293 0.118294 0.195165 0.516948
0 0.070106 0.532367 0.0641891 0.122642 0.511331
0 0.0798179 0.0867688 0.0984264 0.167632 0.486274
0 0.933286 0.961984 0.108775 0.0760318 0.465374
0 0.16502 0.670639 0.123962 0.249651 0.451903
0 0.788455 0.506764 0.101609 0.164804 0.404669
0 0.0247745 0.957755 0.0490452 0.0840614 0.404396
0 0.469388 0.0180754 0.0453892 0.0361507 0.380529
0 0.498272 0.0310138 0.0578316 0.0609852 0.36908
0 0.0306992 0.473311 0.0603294 0.120476 0.352842
0 0.8592 0.314685 0.10299 0.17866 0.332199
0 0.0202989 0.167568 0.0394494 0.117785 0.331791
0 0.418983 0.0613485 0.057711 0.118391 0.32638
0 0.0317872 0.274878 0.062025 0.0839159 0.314817
0 0.697017 0.612258 0.0831102 0.132818 0.312327
0 0.783915 0.516049 0.0696894 0.138854 0.297506
0 0.503804 0.0301182 0.0414633 0.0598893 0.296657
0 0.813894 0.467164 0.07852 0.237168 0.260694
0 0.9557 0.535792 0.0885998 0.169342 0.235895
0 0.0165344 0.574174 0.0327221 0.0909205 0.230041
0 0.554911 0.0435284 0.0870654 0.0870568 0.205
0 0.488709 0.0295163 0.0906302 0.0590325 0.204906
