0 0.305105 0.149483 0.104617 0.229377 0.755669
0 0.749229 0.110543 0.095661 0.218775 0.746096
0 0.212558 0.50016 0.105826 0.190991 0.737729
0 0.789409 0.609992 0.103642 0.186384 0.717569
0 0.737879 0.450583 0.0772644 0.224952 0.690458
0 0.450279 0.490688 0.0847976 0.163797 0.68311
0 0.482739 0.378178 0.0708433 0.195549 0.682387
0 0.362079 0.0770202 0.0787501 0.15404 0.679424
0 0.356169 0.451748 0.109699 0.248648 0.655526
0 0.570381 0.580234 0.0777309 0.190594 0.640717
0 0.926053 0.69325 0.127258 0.185478 0.619314
0 0.518661 0.695612 0.0934628 0.171274 0.618349
0 0.190549 0.135152 0.107321 0.228372 0.590598
0 0.852775 0.0703404 0.0940435 0.139309 0.560319
0 0.962914 0.172292 0.0741716 0.248364 0.522126
0 0.295542 0.951847 0.108718 0.0963054 0.496995
0 0.0651264 0.958547 0.116147 0.0829065 0.486243
0 0.22707 0.400889 0.0894421 0.184968 0.475349
0 0.908484 0.87844 0.0828768 0.138333 0.468517
0 0.967566 0.227946 0.0642086 0.12228 0.468022
0 0.546771 0.0590356 0.0825257 0.118071 0.432748
0 0.560773 0.584358 0.106854 0.205842 0.431555
0 0.965399 0.81716 0.0679733 0.136971 0.431405
0 0.247113 0.238684 0.107854 0.18351 0.422014
0 0.160986 0.034972 0.0843809 0.069944 0.421063
0 0.95781 0.827658 0.0607563 0.118102 0.403511
0 0.261071 0.333287 0.090977 0.184838 0.390869
0 0.657217 0.324162 0.0734678 0.104875 0.359056
0 0.963429 0.136012 0.0731426 0.184076 0.340925
0 0.250706 0.285928 0.113817 0.287107 0.332455
0 0.665816 0.398911 0.0949847 0.146939 0.320018
0 0.975688 0.421796 0.0481949 0.0755544 0.30404
0 0.336544 0.414933 0.0764506 0.171107 0.293846
0 0.673007 0.413316 0.0999533 0.115823 0.290222
0 0.969205 0.801341 0.0615897 0.112987 0.280251
0 0.664348 0.367136 0.0999069 0.213684 0.267212
0 0.65406 0.34087 0.0816868 0.134802 0.263984
0 0.971681 0.790374 0.0558949 0.0873638 0.240102
0 0.36048 0.0692494 0.108574 0.138499 0.231243
0 0.231779 0.2213 0.145383 0.215786 0.229365
0 0.660324 0.414333 0.0707382 0.120388 0.205266
0 0.156938 0.0395008 0.108099 0.0790016 0.203578
