0 0.652398 0.386883 0.409634 0.199072 0.679984
0 0.64996 0.19982 0.374339 0.208832 0.634311
0 0.425803 0.510705 0.846552 0.413165 0.628169
0 0.42875 0.566567 0.851638 0.255265 0.5904
0 0.429478 0.597313 0.842741 0.385756 0.508057
0 0.72613 0.689264 0.326289 0.178505 0.448193
0 0.457821 0.82445 0.903294 0.3511 0.444973
0 0.58165 0.555475 0.405116 0.259852 0.435892
0 0.419946 0.442845 0.831079 0.327581 0.346781
0 0.417636 0.183673 0.827669 0.359777 0.324045
0 0.471639 0.890654 0.937786 0.21674 0.263939
