0 0.611241 0.519321 0.132582 0.55608 0.615934
0 0.78872 0.517696 0.208486 0.561995 0.554801
0 0.505119 0.550493 0.139627 0.481108 0.536783
0 0.380414 0.553774 0.204328 0.573073 0.422542
0 0.737961 0.521224 0.257754 0.569622 0.416047
0 0.394811 0.529614 0.122244 0.566645 0.397467
0 0.491427 0.295877 0.0866953 0.114041 0.377796
0 0.384003 0.572115 0.302878 0.611319 0.346323
0 0.5211 0.553529 0.190613 0.513154 0.322981
0 0.481936 0.309774 0.120271 0.165125 0.275582
0 0.2605 0.55382 0.222374 0.591343 0.244707
0 0.110595 0.450138 0.206263 0.562614 0.227951
0 0.373712 0.590399 0.404761 0.677857 0.215883
0 0.946865 0.449568 0.104562 0.667281 0.211267
