0 0.525852 0.762804 0.106763 0.364761 0.741024
0 0.307246 0.767758 0.0968825 0.32071 0.699932
0 0.173635 0.76925 0.0817668 0.290769 0.698569
0 0.116436 0.732595 0.0529706 0.20226 0.665103
0 0.694673 0.714007 0.0701712 0.227376 0.59315
0 0.224995 0.737388 0.0495613 0.230062 0.539149
0 0.0281224 0.721589 0.0450581 0.216698 0.487949
0 0.943716 0.811106 0.110768 0.376636 0.425093
0 0.219521 0.727341 0.0444125 0.199103 0.388063
0 0.0836885 0.729229 0.0339303 0.19066 0.350729
0 0.0342492 0.722802 0.0680256 0.230736 0.289104
