0 0.541655 0.0616936 0.0339356 0.0887723 0.563537
0 0.275341 0.921332 0.0773346 0.157336 0.518843
0 0.737484 0.238223 0.0335001 0.066788 0.464429
0 0.405064 0.874314 0.0686953 0.251161 0.443084
0 0.489161 0.332441 0.028118 0.0670988 0.42359
0 0.512521 0.363429 0.0316273 0.0593214 0.402851
0 0.407907 0.305487 0.0359775 0.0722937 0.387653
0 0.756435 0.148776 0.0398471 0.089358 0.36811
0 0.586029 0.373614 0.0367963 0.0688381 0.365442
0 0.578689 0.810314 0.0305022 0.0712913 0.352932
0 0.636369 0.062317 0.0373759 0.099289 0.34986
0 0.442898 0.288303 0.0503632 0.0933458 0.337376
0 0.522642 0.501758 0.0367069 0.0801008 0.333556
0 0.511921 0.0750029 0.0293228 0.102405 0.323861
0 0.486876 0.236264 0.0366848 0.0636346 0.321498
0 0.904177 0.914858 0.071077 0.170063 0.317401
0 0.421484 0.365729 0.0386953 0.0645176 0.310517
0 0.419002 0.0265279 0.0249213 0.0530559 0.310014
0 0.46276 0.898796 0.0537558 0.200947 0.306255
0 0.376759 0.166885 0.0384851 0.137963 0.291749
0 0.609661 0.115201 0.0512231 0.0974928 0.287711
0 0.714958 0.358639 0.0322842 0.0613084 0.279559
0 0.544648 0.401373 0.0320651 0.0621872 0.278373
0 0.447446 0.0255693 0.0346907 0.0511387 0.262709
0 0.448776 0.0346451 0.0339571 0.0692901 0.253837
0 0.761518 0.492288 0.0321087 0.0578279 0.248067
0 0.710321 0.166215 0.0347481 0.0718126 0.241242
0 0.691089 0.265145 0.0378389 0.0657634 0.238565
0 0.363493 0.036436 0.0296679 0.0705011 0.232864
0 0.547399 0.398341 0.0348883 0.0759234 0.226478
0 0.671649 0.332151 0.0399223 0.0659664 0.226028
0 0.110918 0.470924 0.0478456 0.114876 0.217206
0 0.286646 0.433103 0.0554782 0.137881 0.213682
0 0.51521 0.586226 0.0379669 0.0669793 0.212808
0 0.66952 0.459699 0.0389018 0.0626062 0.209144
0 0.362195 0.313737 0.0376125 0.0638612 0.204271
0 0.38312 0.732359 0.0372348 0.064678 0.202055
