0 0.70913 0.479522 0.269547 0.0617701 0.529257
0 0.772241 0.373834 0.44435 0.131508 0.486422
0 0.653073 0.274902 0.154096 0.0581189 0.338001
0 0.46588 0.176982 0.91824 0.288944 0.309811
0 0.762744 0.542333 0.354918 0.0850705 0.308749
0 0.760434 0.606735 0.331645 0.106125 0.298644
0 0.66412 0.162171 0.215303 0.0599095 0.285387
0 0.747494 0.56879 0.367004 0.146102 0.273442
0 0.710309 0.262387 0.265488 0.0851119 0.25859
0 0.679019 0.206736 0.195221 0.0563953 0.232452
0 0.668061 0.173168 0.216584 0.0684723 0.203357
