0 0.938949 0.508962 0.0793081 0.193218 0.705162
0 0.832442 0.50063 0.0886344 0.294278 0.682941
0 0.193778 0.459238 0.0570574 0.196239 0.631731
0 0.571506 0.150085 0.785974 0.292041 0.576013
0 0.142969 0.475365 0.0398445 0.1751 0.568109
0 0.335853 0.462087 0.0655642 0.192899 0.559348
0 0.618873 0.512143 0.0794323 0.173575 0.481581
0 0.0888577 0.466352 0.0496421 0.183396 0.433598
0 0.458646 0.39222 0.101956 0.10136 0.401556
0 0.0426217 0.499122 0.0465765 0.13104 0.386318
0 0.334953 0.424469 0.0534447 0.109394 0.377142
0 0.64779 0.124855 0.643556 0.249709 0.284479
0 0.559042 0.630904 0.110529 0.193914 0.280729
0 0.555474 0.597813 0.0991047 0.259917 0.233319
0 0.464237 0.394743 0.0830139 0.0864667 0.209739
