0 0.5625 0.5546875 0.06015625 0.3296875
0 0.45625 0.5203125 0.08203125 0.2765625
0 0.38125 0.59140625 0.071875 0.34375
0 0.29296875 0.4375 0.0734375 0.3078125
0 0.19140625 0.4390625 0.115625 0.296875
0 0.2390625 0.23671875 0.0875 0.24375
0 0.3546875 0.31953125 0.0453125 0.18828125
0 0.390625 0.39140625 0.07578125 0.20859375
0 0.45078125 0.375 0.06484375 0.2125
0 0.50390625 0.33046875 0.0828125 0.24375
0 0.559375 0.32109375 0.08515625 0.1921875
0 0.60703125 0.32578125 0.06875 0.171875
0 0.65546875 0.27421875 0.05390625 0.15390625
0 0.64140625 0.5265625 0.06953125 0.26171875
0 0.69453125 0.39609375 0.078125 0.19921875
0 0.71640625 0.2546875 0.0953125 0.2453125