0 0.5828125 0.109375 0.6609375 0.159375
0 0.5578125 0.228125 0.640625 0.1078125
0 0.6234375 0.340625 0.675 0.1
0 0.20859375 0.309375 0.2125 0.128125
0 0.325 0.42109375 0.2625 0.0953125
0 0.61953125 0.4921875 0.525 0.1125
0 0.3328125 0.50859375 0.1890625 0.1375
0 0.21796875 0.51484375 0.16875 0.1
0 0.50234375 0.60234375 0.76875 0.14375
0 0.184375 0.6734375 0.221875 0.1296875
0 0.52109375 0.728125 0.715625 0.1171875
0 0.48828125 0.8703125 0.6796875 0.0984375
0 0.50859375 0.8078125 0.7 0.0828125
0 0.4875 0.9546875 0.6796875 0.090625