0 0.871875 0.49453125 0.159375 0.309375
0 0.746875 0.3203125 0.1375 0.321875
0 0.596875 0.30234375 0.1875 0.3609375
0 0.46015625 0.23984375 0.121875 0.13125
0 0.28515625 0.36640625 0.1421875 0.409375
0 0.384375 0.30703125 0.1046875 0.1640625
0 0.4828125 0.36796875 0.090625 0.2234375
0 0.421875 0.42265625 0.1046875 0.16875
0 0.309375 0.70234375 0.209375 0.5609375
0 0.49140625 0.79609375 0.2765625 0.4078125
0 0.4359375 0.63046875 0.153125 0.30625
0 0.54375 0.49609375 0.128125 0.240625
0 0.75 0.54921875 0.159375 0.3046875
0 0.68515625 0.7328125 0.2375 0.534375