0 0.8421875 0.32421875 0.121875 0.2109375
0 0.684375 0.35 0.071875 0.240625
0 0.5109375 0.30234375 0.08125 0.2015625
0 0.32890625 0.296875 0.096875 0.246875
0 0.51640625 0.45625 0.065625 0.165625
0 0.74453125 0.43515625 0.075 0.15625
0 0.6828125 0.4796875 0.071875 0.11875
0 0.6125 0.4421875 0.0546875 0.1265625
0 0.471875 0.50703125 0.0546875 0.165625
0 0.39296875 0.47890625 0.0921875 0.184375
0 0.74296875 0.58671875 0.09375 0.18125
0 0.67265625 0.59609375 0.0625 0.15
0 0.63125 0.60546875 0.075 0.196875
0 0.54765625 0.5875 0.04375 0.15625
0 0.49140625 0.60625 0.0625 0.1875
0 0.384375 0.60078125 0.053125 0.11875
0 0.26640625 0.61328125 0.046875 0.125
0 0.15859375 0.553125 0.0921875 0.2515625