0 0.115625 0.32578125 0.0375 0.0890625
0 0.22734375 0.4140625 0.02265625 0.0796875
0 0.25234375 0.41171875 0.03125 0.0796875
0 0.30234375 0.44609375 0.03515625 0.0703125
0 0.30390625 0.4046875 0.021875 0.04609375
0 0.32734375 0.43046875 0.02265625 0.0609375
0 0.37421875 0.45703125 0.02890625 0.0890625
0 0.41171875 0.496875 0.021875 0.10546875
0 0.42578125 0.5015625 0.01640625 0.09296875
0 0.45390625 0.5203125 0.02578125 0.07421875
0 0.47890625 0.51484375 0.03046875 0.09609375
0 0.53671875 0.5390625 0.02265625 0.059375
0 0.553125 0.55859375 0.025 0.090625
0 0.58515625 0.55 0.028125 0.07421875
0 0.60078125 0.53671875 0.02265625 0.0703125
0 0.72109375 0.52109375 0.01640625 0.05703125
0 0.73046875 0.503125 0.015625 0.05390625
0 0.74140625 0.51640625 0.02109375 0.0703125
0 0.77734375 0.5453125 0.025 0.06875
0 0.79140625 0.525 0.021875 0.071875
0 0.73203125 0.646875 0.046875 0.071875
0 0.71015625 0.56484375 0.02578125 0.06328125
0 0.69609375 0.57109375 0.02734375 0.05
0 0.6296875 0.68203125 0.03828125 0.08671875
0 0.55078125 0.68046875 0.03515625 0.08359375
0 0.5484375 0.63125 0.02421875 0.0296875
0 0.55546875 0.765625 0.03203125 0.08359375
0 0.55078125 0.93515625 0.0375 0.09296875
0 0.52421875 0.93046875 0.03046875 0.10546875
0 0.49296875 0.91640625 0.03046875 0.0890625
0 0.4671875 0.91875 0.034375 0.08515625
0 0.4546875 0.96484375 0.040625 0.06640625
0 0.4484375 0.97734375 0.021875 0.0453125
0 0.42265625 0.9640625 0.028125 0.071875
0 0.39453125 0.9609375 0.028125 0.05546875
0 0.37890625 0.9140625 0.02265625 0.05390625
0 0.36796875 0.96484375 0.0375 0.06640625
0 0.36484375 0.9 0.02109375 0.0515625
0 0.34375 0.89140625 0.02109375 0.04296875
0 0.33671875 0.91640625 0.03203125 0.059375
0 0.23359375 0.86796875 0.0375 0.07578125
0 0.2515625 0.92109375 0.02421875 0.05390625
0 0.26484375 0.965625 0.02578125 0.06875
0 0.2890625 0.98125 0.028125 0.03671875
0 0.22578125 0.96796875 0.03359375 0.0609375
0 0.13828125 0.91640625 0.04140625 0.159375
0 0.07890625 0.92421875 0.03984375 0.140625
0 0.1515625 0.728125 0.034375 0.13671875
0 0.11953125 0.67109375 0.02578125 0.109375
0 0.08984375 0.725 0.04296875 0.15703125
0 0.31640625 0.7015625 0.03515625 0.1296875
0 0.35390625 0.55546875 0.025 0.059375
0 0.3140625 0.5359375 0.02578125 0.07578125
0 0.29375 0.56015625 0.02890625 0.07578125
0 0.29765625 0.51640625 0.028125 0.059375
0 0.26171875 0.5484375 0.02265625 0.12578125
0 0.21484375 0.51171875 0.03125 0.128125
0 0.178125 0.49375 0.02734375 0.06484375
0 0.17578125 0.55703125 0.03515625 0.0890625
0 0.1578125 0.54140625 0.02578125 0.05390625
0 0.12734375 0.53046875 0.028125 0.0984375
0 0.11015625 0.54140625 0.021875 0.05390625
0 0.08984375 0.55078125 0.0375 0.0796875
0 0.0515625 0.58515625 0.02421875 0.05546875
0 0.02890625 0.571875 0.02890625 0.06640625
0 0.06640625 0.4984375 0.03984375 0.07421875
0 0.01484375 0.4953125 0.025 0.06875
0 0.0578125 0.453125 0.02421875 0.05
0 0.0765625 0.44609375 0.01953125 0.05546875
0 0.10078125 0.4734375 0.015625 0.04609375
0 0.11953125 0.471875 0.01875 0.0484375
0 0.15078125 0.471875 0.03046875 0.06328125
0 0.11328125 0.41953125 0.04296875 0.0609375
0 0.0765625 0.359375 0.01953125 0.0484375
0 0.05546875 0.3546875 0.025 0.03515625
0 0.796875 0.653125 0.02265625 0.0609375
0 0.81640625 0.65 0.025 0.0515625
0 0.90390625 0.70625 0.03203125 0.1015625
0 0.94375 0.73515625 0.02109375 0.078125
0 0.9625 0.71484375 0.025 0.0484375