0 0.1359375 0.428125 0.10078125 0.1296875
0 0.240625 0.49765625 0.09375 0.1296875
0 0.24375 0.40546875 0.0625 0.1015625
0 0.34140625 0.40625 0.07578125 0.12890625
0 0.3921875 0.534375 0.09453125 0.12421875
0 0.4671875 0.40390625 0.08671875 0.153125
0 0.51484375 0.4953125 0.08671875 0.1578125
0 0.58515625 0.43671875 0.06640625 0.11796875
0 0.63359375 0.50859375 0.090625 0.1546875
0 0.690625 0.45625 0.06640625 0.14375
0 0.73203125 0.484375 0.08125 0.13984375
0 0.80234375 0.46171875 0.07265625 0.14765625
0 0.89765625 0.4671875 0.0796875 0.1453125