0 0.12265625 0.31171875 0.19375 0.390625
0 0.21875 0.43359375 0.171875 0.28125
0 0.303125 0.30078125 0.18125 0.215625
0 0.40546875 0.4203125 0.14375 0.20625
0 0.23359375 0.653125 0.128125 0.39375
0 0.31953125 0.49921875 0.1125 0.265625
0 0.34453125 0.7234375 0.121875 0.2859375
0 0.43671875 0.7 0.159375 0.4203125
0 0.5921875 0.796875 0.14375 0.346875
0 0.55 0.5625 0.121875 0.1890625
0 0.52109375 0.4421875 0.0859375 0.16875
0 0.4953125 0.3359375 0.115625 0.2546875
0 0.60859375 0.42734375 0.090625 0.296875
0 0.70546875 0.38203125 0.15 0.359375
0 0.7515625 0.696875 0.140625 0.4453125
0 0.92734375 0.690625 0.14375 0.4484375