0 0.19921875 0.328125 0.10078125 0.16953125
0 0.15 0.378125 0.1109375 0.20859375
0 0.73828125 0.125 0.0609375 0.1703125
0 0.80625 0.15078125 0.10078125 0.21484375
0 0.92109375 0.2890625 0.06484375 0.41171875
0 0.9625 0.29453125 0.07421875 0.44453125
0 0.4625 0.1765625 0.14140625 0.2046875
0 0.5703125 0.18515625 0.096875 0.2046875
0 0.6359375 0.1640625 0.11640625 0.1921875
0 0.69375 0.1890625 0.12734375 0.1734375
0 0.76796875 0.39296875 0.2140625 0.38359375
0 0.625 0.3828125 0.13671875 0.3171875
0 0.52578125 0.375 0.1359375 0.284375
0 0.4265625 0.36484375 0.1328125 0.290625
0 0.30859375 0.31015625 0.14140625 0.21171875
0 0.153125 0.62265625 0.21796875 0.50703125
0 0.309375 0.59375 0.153125 0.4828125
0 0.4046875 0.70625 0.23515625 0.53125
0 0.56328125 0.659375 0.215625 0.5109375
0 0.7390625 0.70234375 0.2359375 0.53671875