0 0.6171875 0.584375 0.075 0.2046875
0 0.58203125 0.4296875 0.09375 0.14375
0 0.465625 0.72890625 0.0734375 0.2
0 0.409375 0.8296875 0.075 0.21875
0 0.24921875 0.86875 0.084375 0.246875
0 0.25703125 0.53203125 0.10625 0.1828125
0 0.33671875 0.4078125 0.084375 0.165625
0 0.2203125 0.39375 0.1125 0.171875
0 0.14453125 0.4546875 0.0953125 0.175
0 0.1140625 0.5328125 0.10625 0.10625
0 0.06484375 0.67578125 0.11875 0.171875
0 0.02578125 0.60703125 0.0515625 0.15
0 0.28515625 0.2171875 0.1125 0.1609375
0 0.57421875 0.0609375 0.0921875 0.121875
0 0.89296875 0.484375 0.1125 0.1953125
0 0.82109375 0.63125 0.115625 0.190625
0 0.89921875 0.8609375 0.16875 0.21875
0 0.93515625 0.7765625 0.125 0.1890625
0 0.93515625 0.67578125 0.1203125 0.1765625
0 0.94921875 0.596875 0.1 0.146875
0 0.95390625 0.434375 0.0921875 0.209375
0 0.5484375 0.9046875 0.0578125 0.190625