0 0.3796875 0.55859375 0.11796875 0.20859375
0 0.4 0.315625 0.11015625 0.2734375
0 0.1625 0.37578125 0.1171875 0.18828125
0 0.07734375 0.5109375 0.15078125 0.1609375
0 0.625 0.57421875 0.10078125 0.1765625
0 0.57109375 0.27578125 0.0703125 0.21796875
0 0.6828125 0.78359375 0.12421875 0.15859375
0 0.71796875 0.4546875 0.096875 0.17421875
0 0.75859375 0.5984375 0.096875 0.153125
0 0.88984375 0.32265625 0.1484375 0.17265625
0 0.76875 0.1203125 0.0890625 0.23984375
0 0.6296875 0.159375 0.08671875 0.18828125
0 0.8328125 0.52109375 0.06953125 0.18828125