0 0.39140625 0.63984375 0.11328125 0.4609375
0 0.19921875 0.71875 0.1875 0.5625
0 0.21640625 0.35703125 0.1171875 0.16015625
0 0.2703125 0.47890625 0.06953125 0.16953125
0 0.325 0.3984375 0.08671875 0.17109375
0 0.36953125 0.315625 0.103125 0.2625
0 0.5046875 0.296875 0.0546875 0.16953125
0 0.48359375 0.4921875 0.13515625 0.32578125
0 0.58828125 0.459375 0.06875 0.24921875
0 0.665625 0.6453125 0.103125 0.56953125
0 0.75859375 0.52734375 0.12109375 0.44453125
0 0.60625 0.25546875 0.12109375 0.284375