0 0.2453125 0.46015625 0.084375 0.190625
0 0.22734375 0.60703125 0.109375 0.146875
0 0.45 0.5890625 0.0546875 0.190625
0 0.4921875 0.6953125 0.075 0.18125
0 0.53046875 0.37578125 0.06875 0.16875
0 0.55546875 0.478125 0.078125 0.1828125
0 0.6359375 0.48984375 0.075 0.1703125
0 0.684375 0.44140625 0.059375 0.209375
0 0.7546875 0.340625 0.059375 0.1875
0 0.77109375 0.4078125 0.1140625 0.1765625
0 0.7890625 0.50859375 0.103125 0.14375
0 0.7328125 0.94765625 0.10625 0.103125
0 0.07421875 0.89375 0.134375 0.121875
0 0.253125 0.10703125 0.103125 0.2140625
0 0.68125 0.1578125 0.075 0.24375
0 0.753125 0.23203125 0.0734375 0.19375
0 0.803125 0.14765625 0.065625 0.196875