0 0.175 0.6890625 0.2 0.62109375
0 0.29609375 0.665625 0.1734375 0.66796875
0 0.37890625 0.4140625 0.1125 0.225
0 0.42890625 0.66640625 0.19609375 0.6140625
0 0.54609375 0.675 0.209375 0.6328125
0 0.65859375 0.70546875 0.1609375 0.5890625
0 0.70625 0.5390625 0.05859375 0.1796875
0 0.7359375 0.540625 0.04375 0.1578125
0 0.775 0.53515625 0.04765625 0.178125
0 0.83203125 0.4828125 0.03671875 0.10390625
0 0.88125 0.48984375 0.03125 0.10546875
0 0.94921875 0.48984375 0.04765625 0.12265625
0 0.97890625 0.5078125 0.0390625 0.1328125