0 0.91328125 0.1328125 0.1484375 0.265625
0 0.790625 0.2453125 0.1859375 0.3640625
0 0.92109375 0.36015625 0.14375 0.265625
0 0.8640625 0.475 0.1125 0.1921875
0 0.6515625 0.3875 0.2359375 0.3625
0 0.61953125 0.178125 0.2453125 0.35625
0 0.478125 0.309375 0.20625 0.3375
0 0.31328125 0.24765625 0.2859375 0.4953125
0 0.68203125 0.61171875 0.1875 0.2125
0 0.7859375 0.6140625 0.146875 0.253125
0 0.8671875 0.659375 0.125 0.228125
0 0.96328125 0.66171875 0.0734375 0.234375
0 0.97578125 0.79609375 0.046875 0.1546875
0 0.934375 0.7890625 0.071875 0.15
0 0.8609375 0.790625 0.0734375 0.121875
0 0.81953125 0.775 0.0734375 0.1453125
0 0.79140625 0.809375 0.0671875 0.115625
0 0.7390625 0.809375 0.071875 0.159375
0 0.6921875 0.8546875 0.065625 0.1078125
0 0.66796875 0.7984375 0.084375 0.1140625
0 0.70859375 0.71640625 0.09375 0.1046875
0 0.6328125 0.7390625 0.071875 0.125
0 0.634375 0.8671875 0.078125 0.140625
0 0.60390625 0.7890625 0.0796875 0.140625
0 0.57421875 0.86328125 0.0828125 0.140625
0 0.52890625 0.8359375 0.090625 0.1625
0 0.52734375 0.7171875 0.0765625 0.165625
0 0.5796875 0.634375 0.11875 0.1703125
0 0.46484375 0.6234375 0.10625 0.184375
0 0.35234375 0.54765625 0.1359375 0.1953125
0 0.47734375 0.8875 0.0890625 0.109375
0 0.434375 0.88125 0.0671875 0.1140625
0 0.4921875 0.78203125 0.084375 0.121875
0 0.44609375 0.7828125 0.0625 0.115625
0 0.40234375 0.7421875 0.06875 0.13125
0 0.328125 0.71640625 0.0953125 0.1625
0 0.403125 0.8234375 0.090625 0.121875
0 0.37109375 0.9265625 0.075 0.1375
0 0.34375 0.83515625 0.078125 0.1265625
0 0.3078125 0.93125 0.0734375 0.128125
0 0.2484375 0.9453125 0.0609375 0.109375
0 0.26640625 0.8046875 0.134375 0.234375
0 0.1703125 0.86875 0.0984375 0.2046875
0 0.1484375 0.9296875 0.078125 0.140625
0 0.09765625 0.9453125 0.0703125 0.109375
0 0.046875 0.90546875 0.071875 0.15625
0 0.0828125 0.82109375 0.0765625 0.134375
0 0.16484375 0.7390625 0.0921875 0.159375
0 0.11171875 0.675 0.1921875 0.3375
0 0.234375 0.56953125 0.1203125 0.225
0 0.115625 0.46328125 0.23125 0.3453125
0 0.0859375 0.24296875 0.171875 0.4859375