0 0.05 0.040625 0.0515625 0.06328125
0 0.11953125 0.078125 0.0421875 0.07890625
0 0.16171875 0.0921875 0.03984375 0.1046875
0 0.2015625 0.11640625 0.03359375 0.07265625
0 0.23125 0.09296875 0.04140625 0.08203125
0 0.446875 0.26796875 0.03984375 0.06171875
0 0.403125 0.29921875 0.040625 0.0765625
0 0.4578125 0.31640625 0.03203125 0.06171875
0 0.4171875 0.36328125 0.04765625 0.059375
0 0.471875 0.41328125 0.0453125 0.08046875
0 0.51015625 0.37734375 0.02734375 0.053125
0 0.490625 0.33515625 0.02890625 0.0625
0 0.528125 0.328125 0.03046875 0.05234375
0 0.58359375 0.246875 0.0390625 0.0703125
0 0.58046875 0.18828125 0.03828125 0.065625
0 0.3234375 0.21953125 0.04453125 0.0703125
0 0.33359375 0.271875 0.04765625 0.0546875
0 0.35234375 0.31171875 0.05390625 0.065625
0 0.3375 0.459375 0.0375 0.06171875
0 0.3671875 0.4421875 0.046875 0.05703125
0 0.39453125 0.584375 0.04453125 0.05546875
0 0.43203125 0.575 0.04140625 0.0578125
0 0.334375 0.7078125 0.0375 0.065625
0 0.35859375 0.71015625 0.02890625 0.0453125
0 0.4234375 0.65625 0.03046875 0.04921875
0 0.34140625 0.63046875 0.0375 0.0578125
0 0.54609375 0.41171875 0.03125 0.05546875
0 0.58046875 0.3875 0.03671875 0.053125
0 0.625 0.42265625 0.0390625 0.05234375
0 0.73671875 0.2390625 0.0390625 0.0578125
0 0.73046875 0.1984375 0.03515625 0.04921875
0 0.7109375 0.23046875 0.03671875 0.0578125
0 0.684375 0.21484375 0.03515625 0.059375
0 0.6765625 0.1640625 0.03828125 0.05
0 0.7625 0.1328125 0.04296875 0.06171875
0 0.78046875 0.15078125 0.03515625 0.04921875
0 0.8953125 0.4125 0.05859375 0.0390625
0 0.909375 0.38828125 0.059375 0.0375
0 0.7984375 0.4578125 0.0625 0.04140625
0 0.8375 0.58125 0.065625 0.0515625
0 0.86640625 0.5390625 0.06640625 0.04921875
0 0.81875 0.50078125 0.04453125 0.04296875
0 0.9296875 0.51328125 0.06796875 0.04453125
0 0.5140625 0.67265625 0.04140625 0.075
0 0.4796875 0.71015625 0.0421875 0.06171875
0 0.575 0.678125 0.03828125 0.0625
0 0.5703125 0.6234375 0.0390625 0.06796875