0 0.465625 0.575 0.034375 0.0328125
0 0.47265625 0.52421875 0.040625 0.021875
0 0.52578125 0.52109375 0.0375 0.0203125
0 0.53515625 0.48046875 0.03125 0.03125
0 0.4484375 0.48359375 0.0375 0.034375
0 0.375 0.51875 0.0375 0.025
0 0.39375 0.703125 0.03125 0.028125
0 0.34140625 0.59765625 0.034375 0.03125
0 0.30859375 0.57890625 0.03125 0.028125
0 0.29921875 0.65234375 0.040625 0.021875
0 0.34140625 0.6984375 0.034375 0.03125
0 0.40546875 0.76328125 0.0375 0.03125
0 0.4484375 0.83203125 0.0390625 0.021875
0 0.50859375 0.7984375 0.0296875 0.015625
0 0.58046875 0.759375 0.034375 0.021875
0 0.60859375 0.78828125 0.028125 0.021875
0 0.69375 0.74453125 0.0265625 0.0203125
0 0.71875 0.84140625 0.028125 0.021875
0 0.78046875 0.84609375 0.025 0.01875
0 0.87578125 0.85 0.0328125 0.01875
0 0.81953125 0.7578125 0.021875 0.0203125
0 0.76796875 0.66640625 0.0296875 0.025
0 0.8125 0.60390625 0.028125 0.059375
0 0.765625 0.57734375 0.025 0.034375
0 0.70546875 0.60390625 0.053125 0.021875
0 0.88125 0.59453125 0.028125 0.0328125
0 0.9140625 0.63515625 0.03125 0.028125
0 0.96171875 0.6578125 0.0375 0.03125
0 0.95 0.53828125 0.034375 0.034375
0 0.5953125 0.65546875 0.0390625 0.0359375
0 0.54296875 0.628125 0.034375 0.034375
0 0.48671875 0.653125 0.040625 0.0296875
0 0.48359375 0.72109375 0.034375 0.03125
0 0.665625 0.515625 0.040625 0.0421875
0 0.6984375 0.52890625 0.0296875 0.028125
0 0.78046875 0.475 0.034375 0.03125
0 0.8328125 0.44609375 0.025 0.0296875
0 0.73203125 0.3796875 0.0375 0.034375
0 0.6078125 0.44453125 0.0203125 0.0265625
0 0.4671875 0.41328125 0.0421875 0.0375
0 0.415625 0.42578125 0.03125 0.03125
0 0.31015625 0.478125 0.034375 0.025
0 0.27734375 0.46328125 0.0375 0.03125
0 0.28984375 0.4203125 0.028125 0.0171875
0 0.315625 0.4203125 0.025 0.01875
0 0.3234375 0.353125 0.0375 0.03125
0 0.2703125 0.35 0.0375 0.0234375
0 0.32890625 0.296875 0.0359375 0.0375
0 0.428125 0.31328125 0.03125 0.046875
0 0.49609375 0.30703125 0.0375 0.03125
0 0.51328125 0.35078125 0.034375 0.0359375
0 0.48671875 0.25703125 0.034375 0.0328125
0 0.57578125 0.25234375 0.0328125 0.034375
0 0.3109375 0.21875 0.03125 0.0296875
0 0.41796875 0.19765625 0.0296875 0.0453125
0 0.46796875 0.1546875 0.025 0.0375
0 0.34921875 0.15625 0.03125 0.03125
0 0.2640625 0.1703125 0.034375 0.040625
0 0.328125 0.11171875 0.0390625 0.0375
0 0.2125 0.10703125 0.040625 0.0296875
0 0.20703125 0.03984375 0.05 0.0234375
0 0.2390625 0.02265625 0.04375 0.021875
0 0.3484375 0.03828125 0.0375 0.0265625
0 0.409375 0.07265625 0.034375 0.0296875
0 0.52578125 0.078125 0.04375 0.028125
0 0.60234375 0.0828125 0.046875 0.028125
0 0.75078125 0.078125 0.034375 0.03125
0 0.75859375 0.18359375 0.03125 0.0375
0 0.85 0.2625 0.03125 0.03125
0 0.83203125 0.07890625 0.0375 0.03125
0 0.95625 0.05078125 0.0421875 0.0390625
0 0.2921875 0.80703125 0.04375 0.034375
0 0.32421875 0.8234375 0.040625 0.028125
0 0.23203125 0.81015625 0.046875 0.034375
0 0.23828125 0.85859375 0.04375 0.028125
0 0.1578125 0.80859375 0.04375 0.0265625
0 0.15 0.828125 0.05 0.028125
0 0.3015625 0.91640625 0.046875 0.028125
0 0.38984375 0.93359375 0.0375 0.025
0 0.384375 0.975 0.0421875 0.03125
0 0.45703125 0.978125 0.0421875 0.028125
0 0.5375 0.90234375 0.0453125 0.0265625
0 0.58359375 0.9859375 0.040625 0.0203125
0 0.77578125 0.9515625 0.0375 0.028125
0 0.925 0.96328125 0.0390625 0.0265625
0 0.72578125 0.9421875 0.028125 0.0328125
0 0.66171875 0.91484375 0.040625 0.0359375
0 0.83828125 0.89453125 0.040625 0.03125
0 0.48984375 0.86953125 0.03125 0.034375
0 0.53203125 0.8640625 0.034375 0.03125
0 0.2109375 0.95859375 0.0390625 0.028125
0 0.25078125 0.9171875 0.034375 0.015625
0 0.2109375 0.9078125 0.0296875 0.0359375
0 0.1671875 0.92421875 0.0328125 0.025
0 0.1078125 0.946875 0.0328125 0.03125