0 0.496875 0.16875 0.05234375 0.12109375
0 0.35 0.446875 0.065625 0.10703125
0 0.28125 0.32421875 0.0484375 0.0953125
0 0.16953125 0.3203125 0.0515625 0.0921875
0 0.19296875 0.265625 0.05546875 0.084375
0 0.16171875 0.425 0.046875 0.08828125
0 0.2296875 0.4640625 0.05078125 0.0828125
0 0.253125 0.78125 0.053125 0.11015625
0 0.2546875 0.94140625 0.05 0.08515625
0 0.18203125 0.77890625 0.06015625 0.1109375
0 0.1 0.58203125 0.0453125 0.0921875
0 0.059375 0.6546875 0.0625 0.0984375
0 0.50078125 0.7828125 0.0515625 0.09375
0 0.509375 0.8828125 0.06640625 0.084375
0 0.70703125 0.89765625 0.05859375 0.10078125
0 0.8078125 0.790625 0.08359375 0.10703125
0 0.7296875 0.66484375 0.05546875 0.1140625
0 0.70625 0.72890625 0.0046875 0.00078125
0 0.81484375 0.64375 0.06875 0.08125
0 0.77890625 0.2359375 0.0953125 0.0921875
0 0.7828125 0.340625 0.0828125 0.0796875
0 0.83125 0.48828125 0.07421875 0.115625
0 0.8984375 0.23359375 0.05859375 0.0984375
0 0.9578125 0.20625 0.065625 0.05
0 0.0859375 0.178125 0.0671875 0.07734375
0 0.0953125 0.25859375 0.06953125 0.065625
0 0.0625 0.39609375 0.0625 0.071875
0 0.0390625 0.4828125 0.0578125 0.07421875
0 0.0921875 0.46171875 0.05703125 0.075
0 0.2265625 0.6109375 0.06015625 0.078125
0 0.21875 0.5390625 0.06328125 0.06640625
0 0.90859375 0.6984375 0.0703125 0.07734375
0 0.925 0.640625 0.0609375 0.07890625
0 0.8875 0.56640625 0.08828125 0.06015625
0 0.8953125 0.46015625 0.06328125 0.075
0 0.87109375 0.36875 0.06796875 0.06953125
0 0.9296875 0.325 0.059375 0.1
0 0.97578125 0.27578125 0.0484375 0.084375
0 0.93984375 0.50859375 0.07890625 0.06953125
0 0.9578125 0.7546875 0.0546875 0.07890625
0 0.94921875 0.846875 0.06640625 0.06328125
0 0.94375 0.8921875 0.04609375 0.075