0 0.80546875 0.03671875 0.221875 0.0625
0 0.6953125 0.1640625 0.2484375 0.084375
0 0.5328125 0.06171875 0.215625 0.0625
0 0.42890625 0.03125 0.2375 0.0625
0 0.26484375 0.03046875 0.2015625 0.0609375
0 0.1421875 0.1578125 0.21875 0.146875
0 0.471875 0.159375 0.25625 0.071875
0 0.56484375 0.28125 0.26875 0.1015625
0 0.80859375 0.2984375 0.1828125 0.046875
0 0.7453125 0.33125 0.21875 0.0703125
0 0.64609375 0.40703125 0.25 0.0890625
0 0.58203125 0.4546875 0.2625 0.06875
0 0.34921875 0.49921875 0.259375 0.1203125
0 0.7296875 0.56484375 0.234375 0.09375
0 0.63515625 0.71328125 0.29375 0.115625
0 0.49296875 0.80390625 0.2328125 0.109375