0 0.984375 0.49140625 0.03125 0.20625
0 0.91171875 0.48828125 0.034375 0.1
0 0.87734375 0.5015625 0.021875 0.1078125
0 0.86015625 0.47734375 0.04375 0.071875
0 0.8125 0.5796875 0.1 0.2640625
0 0.71953125 0.49765625 0.04375 0.1421875
0 0.68515625 0.5625 0.0828125 0.3
0 0.5953125 0.5734375 0.08125 0.278125
0 0.51328125 0.65078125 0.1125 0.425
0 0.45 0.571875 0.0765625 0.278125
0 0.39140625 0.58125 0.096875 0.30625
0 0.33046875 0.5984375 0.084375 0.271875
0 0.07734375 0.69375 0.1375 0.5671875
0 0.271875 0.61484375 0.046875 0.1640625
0 0.2046875 0.6140625 0.0640625 0.28125
0 0.25546875 0.4828125 0.0484375 0.1125
0 0.15390625 0.584375 0.071875 0.3
0 0.021875 0.49140625 0.0015625 0.0078125
0 0.6171875 0.4546875 0.0421875 0.1
0 0.18046875 0.44296875 0.025 0.078125
0 0.14609375 0.43671875 0.0453125 0.0703125
0 0.03828125 0.4578125 0.034375 0.103125
0 0.22421875 0.44765625 0.0328125 0.05625
0 0.36875 0.4390625 0.040625 0.059375
0 0.50546875 0.4421875 0.034375 0.059375