0 0.11484375 0.840625 0.08515625 0.27578125
0 0.08359375 0.70390625 0.05 0.11953125
0 0.125 0.6671875 0.07421875 0.1515625
0 0.22890625 0.8125 0.0703125 0.25703125
0 0.2359375 0.62109375 0.09296875 0.20625
0 0.0734375 0.42109375 0.059375 0.25546875
0 0.04453125 0.34453125 0.0484375 0.20390625
0 0.178125 0.4359375 0.075 0.228125
0 0.24375 0.39765625 0.07109375 0.2234375
0 0.29921875 0.540625 0.08125 0.34765625
0 0.3015625 0.84765625 0.0859375 0.19453125
0 0.2953125 0.93984375 0.1 0.1203125
0 0.35390625 0.79921875 0.09140625 0.29609375
0 0.4578125 0.7484375 0.09140625 0.24375
0 0.46484375 0.8578125 0.07421875 0.1484375
0 0.46015625 0.94453125 0.090625 0.1109375
0 0.5765625 0.6875 0.0640625 0.21484375
0 0.4765625 0.59765625 0.08046875 0.14140625
0 0.3984375 0.54765625 0.0796875 0.15703125
0 0.35703125 0.62421875 0.06640625 0.13984375
0 0.16015625 0.2953125 0.05859375 0.14296875
0 0.221875 0.2890625 0.05703125 0.13984375
0 0.275 0.2703125 0.06328125 0.14453125
0 0.04296875 0.20859375 0.05546875 0.11953125
0 0.18203125 0.22265625 0.053125 0.12578125
0 0.29765625 0.14296875 0.05703125 0.153125
0 0.27578125 0.18671875 0.05234375 0.1375
0 0.203125 0.08984375 0.06328125 0.13984375
0 0.35390625 0.0890625 0.0453125 0.13125
0 0.30703125 0.04453125 0.0453125 0.08359375
0 0.38203125 0.13359375 0.059375 0.11953125
0 0.40234375 0.09375 0.05234375 0.12734375
0 0.3796875 0.2234375 0.06640625 0.1359375
0 0.353125 0.24140625 0.04765625 0.0984375
0 0.34375 0.328125 0.0640625 0.134375
0 0.4 0.36640625 0.0484375 0.16171875
0 0.4171875 0.2640625 0.028125 0.10390625
0 0.45234375 0.21875 0.05234375 0.13984375
0 0.46640625 0.35078125 0.06953125 0.17578125
0 0.425 0.478125 0.05390625 0.153125
0 0.51484375 0.5359375 0.0453125 0.128125
0 0.5640625 0.55390625 0.06640625 0.1515625
0 0.60703125 0.48046875 0.0578125 0.1671875
0 0.54921875 0.43046875 0.06953125 0.1375
0 0.56484375 0.34609375 0.05078125 0.08828125
0 0.53828125 0.296875 0.05234375 0.1171875
0 0.57421875 0.26875 0.046875 0.10390625
0 0.496875 0.2390625 0.05859375 0.10546875
0 0.578125 0.19609375 0.0484375 0.1125
0 0.54296875 0.153125 0.05546875 0.109375
0 0.571875 0.10859375 0.03984375 0.096875
0 0.55234375 0.0890625 0.040625 0.10859375
0 0.46015625 0.10859375 0.053125 0.08203125
0 0.46171875 0.1515625 0.0546875 0.10078125
0 0.45546875 0.04765625 0.046875 0.08046875
0 0.65625 0.07734375 0.0421875 0.13125
0 0.6703125 0.0921875 0.0375 0.0921875
0 0.7 0.08203125 0.0515625 0.10703125
0 0.67734375 0.2 0.05234375 0.16015625
0 0.7109375 0.28515625 0.0625 0.19765625
0 0.66171875 0.32890625 0.0671875 0.1328125
0 0.6640625 0.40234375 0.0453125 0.14296875
0 0.6984375 0.45390625 0.05546875 0.14296875
0 0.6359375 0.62109375 0.06875 0.19453125
0 0.61015625 0.790625 0.071875 0.2453125
0 0.62109375 0.928125 0.0953125 0.14375
0 0.71640625 0.6046875 0.06640625 0.16484375
0 0.7125 0.509375 0.0515625 0.0953125
0 0.75625 0.45546875 0.06328125 0.23515625
0 0.7328125 0.759375 0.06484375 0.1875
0 0.78984375 0.85859375 0.08125 0.19921875
0 0.8375 0.55546875 0.08125 0.20234375
0 0.81953125 0.43046875 0.065625 0.1546875
0 0.8171875 0.32890625 0.0703125 0.12421875
0 0.7453125 0.19296875 0.06875 0.209375
0 0.78671875 0.11640625 0.0609375 0.16015625
0 0.92421875 0.38046875 0.0625 0.23515625
0 0.953125 0.5 0.059375 0.19765625
0 0.8515625 0.6796875 0.07734375 0.184375
0 0.91796875 0.7328125 0.09296875 0.16328125
0 0.9015625 0.87265625 0.08125 0.2546875
0 0.7953125 0.946875 0.096875 0.10625
0 0.10078125 0.16484375 0.07109375 0.26015625