0 0.88984375 0.68984375 0.2203125 0.090625
0 0.9328125 0.84609375 0.134375 0.0640625
0 0.95390625 0.77109375 0.0921875 0.0421875
0 0.8109375 0.8984375 0.2125 0.0609375
0 0.81328125 0.96640625 0.20625 0.0609375
0 0.56640625 0.96953125 0.2 0.0546875
0 0.49609375 0.8890625 0.1765625 0.053125
0 0.65390625 0.846875 0.203125 0.0546875
0 0.39921875 0.78515625 0.1359375 0.04375
0 0.5109375 0.7328125 0.1671875 0.053125
0 0.69140625 0.684375 0.165625 0.040625
0 0.76015625 0.5984375 0.178125 0.0578125
0 0.903125 0.50078125 0.16875 0.0484375
0 0.81875 0.44765625 0.1921875 0.0421875
0 0.91171875 0.3921875 0.13125 0.0375
0 0.77734375 0.36328125 0.2125 0.0375
0 0.7390625 0.2375 0.184375 0.053125
0 0.76171875 0.1078125 0.20625 0.05
0 0.61640625 0.13515625 0.1671875 0.04375
0 0.5328125 0.23046875 0.165625 0.05
0 0.55 0.2765625 0.1609375 0.0453125
0 0.46171875 0.33359375 0.146875 0.0375
0 0.51796875 0.37890625 0.175 0.040625
0 0.521875 0.44140625 0.159375 0.0390625
0 0.65390625 0.51328125 0.18125 0.0625
0 0.5625 0.6078125 0.15 0.0421875
0 0.45625 0.1578125 0.184375 0.03125
0 0.34921875 0.2859375 0.146875 0.040625
0 0.4 0.45078125 0.125 0.04375
0 0.3875 0.496875 0.1375 0.040625
0 0.384375 0.57578125 0.125 0.0453125
0 0.38359375 0.63515625 0.121875 0.05
0 0.33671875 0.69765625 0.1140625 0.05
0 0.27890625 0.61875 0.134375 0.03125
0 0.2328125 0.5859375 0.115625 0.0296875
0 0.23828125 0.5578125 0.1234375 0.028125
0 0.2296875 0.5125 0.103125 0.021875
0 0.24453125 0.4765625 0.128125 0.03125
0 0.1875 0.5203125 0.1375 0.0265625
0 0.1953125 0.49296875 0.109375 0.021875
0 0.175 0.4625 0.146875 0.028125
0 0.23984375 0.4328125 0.1375 0.025
0 0.2390625 0.39375 0.128125 0.025
0 0.28359375 0.346875 0.1359375 0.0328125
0 0.15859375 0.42109375 0.096875 0.0234375
0 0.1125 0.38984375 0.1109375 0.021875
0 0.16015625 0.34609375 0.109375 0.025
0 0.18828125 0.2765625 0.103125 0.0296875
0 0.1421875 0.32421875 0.0875 0.021875
0 0.06328125 0.34921875 0.0734375 0.01875
0 0.328125 0.21796875 0.1328125 0.028125
0 0.25 0.228125 0.121875 0.028125
0 0.26328125 0.25703125 0.1125 0.0296875
0 0.115625 0.259375 0.0796875 0.0265625
0 0.0859375 0.27265625 0.075 0.01875
0 0.08671875 0.2828125 0.090625 0.021875
0 0.028125 0.29765625 0.05 0.01875
0 0.07109375 0.3015625 0.0796875 0.028125