0 0.6515625 0.69921875 0.26328125 0.37890625
0 0.465625 0.6796875 0.203125 0.42109375
0 0.26328125 0.5609375 0.29296875 0.44921875
0 0.4734375 0.37734375 0.18359375 0.1875
0 0.7125 0.4984375 0.26796875 0.25859375
0 0.715625 0.334375 0.18359375 0.1828125
0 0.6875 0.19296875 0.15 0.159375
0 0.53828125 0.09453125 0.18359375 0.1625
0 0.55859375 0.24765625 0.14609375 0.22265625
0 0.39609375 0.246875 0.19375 0.1890625
0 0.3359375 0.1296875 0.175 0.2
0 0.171875 0.0640625 0.20390625 0.128125
0 0.184375 0.24375 0.275 0.32265625