0 0.09609375 0.7265625 0.1671875 0.4
0 0.2734375 0.6421875 0.10546875 0.57265625
0 0.340625 0.77890625 0.10078125 0.4421875
0 0.4171875 0.79453125 0.09375 0.25625
0 0.50859375 0.8171875 0.1078125 0.259375
0 0.55625 0.71015625 0.0890625 0.34453125
0 0.62265625 0.70859375 0.078125 0.30625
0 0.69609375 0.77890625 0.10703125 0.4421875
0 0.81015625 0.7671875 0.1140625 0.46484375
0 0.58984375 0.4671875 0.09609375 0.21484375
0 0.5125 0.4828125 0.0953125 0.2953125
0 0.3515625 0.4421875 0.0828125 0.25390625