0 0.78828125 0.33515625 0.153125 0.378125
0 0.665625 0.3359375 0.0859375 0.2671875
0 0.61015625 0.42578125 0.103125 0.215625
0 0.584375 0.253125 0.1109375 0.1890625
0 0.45546875 0.340625 0.0875 0.384375
0 0.41171875 0.37421875 0.1359375 0.1875
0 0.2796875 0.39375 0.146875 0.13125
0 0.31015625 0.30390625 0.0875 0.221875
0 0.2515625 0.51953125 0.096875 0.2796875
0 0.153125 0.6203125 0.1078125 0.3171875
0 0.271875 0.82734375 0.11875 0.334375
0 0.3953125 0.83515625 0.109375 0.2453125
0 0.346875 0.6296875 0.109375 0.290625
0 0.4734375 0.7 0.08125 0.1859375
0 0.53046875 0.825 0.10625 0.290625
0 0.6390625 0.67421875 0.115625 0.209375
0 0.59375 0.571875 0.11875 0.178125
0 0.75859375 0.6140625 0.15 0.2328125
0 0.8421875 0.8 0.134375 0.29375
0 0.68046875 0.84609375 0.153125 0.2796875