0 0.8015625 0.22265625 0.159375 0.4453125
0 0.88125 0.50703125 0.2375 0.2046875
0 0.83671875 0.65703125 0.1421875 0.19375
0 0.7671875 0.73828125 0.0875 0.1953125
0 0.70546875 0.78359375 0.0671875 0.1453125
0 0.6953125 0.57421875 0.1125 0.4
0 0.63125 0.22265625 0.1375 0.4453125
0 0.49375 0.23515625 0.14375 0.4703125
0 0.33828125 0.24609375 0.175 0.453125
0 0.190625 0.28046875 0.1421875 0.453125
0 0.084375 0.4609375 0.146875 0.390625
0 0.1046875 0.6875 0.103125 0.1640625
0 0.19453125 0.6546875 0.096875 0.271875
0 0.2984375 0.5984375 0.11875 0.2671875
0 0.30390625 0.765625 0.096875 0.11875
0 0.3578125 0.796875 0.0796875 0.153125
0 0.4296875 0.76953125 0.0921875 0.1484375
0 0.4359375 0.575 0.1046875 0.2625
0 0.48203125 0.77734375 0.071875 0.109375
0 0.56171875 0.65859375 0.1 0.3375
0 0.6203125 0.75546875 0.0640625 0.1625