0 0.565625 0.1453125 0.18125 0.0890625
0 0.59296875 0.23125 0.14375 0.075
0 0.55859375 0.30078125 0.2 0.084375
0 0.62421875 0.3625 0.0609375 0.05625
0 0.58203125 0.3984375 0.1796875 0.059375
0 0.57578125 0.44921875 0.146875 0.046875
0 0.58984375 0.50078125 0.0546875 0.04375
0 0.59453125 0.53671875 0.075 0.0546875
0 0.515625 0.60546875 0.1859375 0.0640625
0 0.6203125 0.62890625 0.078125 0.04375
0 0.5578125 0.68359375 0.18125 0.071875
0 0.58203125 0.74140625 0.0921875 0.0546875
0 0.5125 0.8 0.259375 0.08125
0 0.56796875 0.88515625 0.18125 0.1078125
0 0.50546875 0.09296875 0.0734375 0.05625
0 0.3578125 0.1140625 0.31875 0.1375
0 0.3921875 0.21875 0.278125 0.109375
0 0.46015625 0.3671875 0.1046875 0.096875
0 0.46953125 0.45390625 0.115625 0.1125
0 0.459375 0.5625 0.10625 0.1
0 0.48671875 0.7296875 0.06875 0.06875
0 0.409375 0.9 0.14375 0.0984375
0 0.3671875 0.3421875 0.090625 0.0625
0 0.22421875 0.28359375 0.1796875 0.134375
0 0.284375 0.38046875 0.259375 0.065625
0 0.25 0.4453125 0.26875 0.0671875
0 0.35546875 0.4921875 0.1125 0.0421875
0 0.22265625 0.53359375 0.29375 0.09375
0 0.234375 0.6125 0.25625 0.0734375
0 0.2578125 0.67890625 0.3765625 0.09375
0 0.25 0.803125 0.403125 0.1921875