0 0.434375 0.1453125 0.18125 0.0890625
0 0.40703125 0.23125 0.14375 0.075
0 0.44140625 0.30078125 0.2 0.084375
0 0.37578125 0.3625 0.0609375 0.05625
0 0.41796875 0.3984375 0.1796875 0.059375
0 0.42421875 0.44921875 0.146875 0.046875
0 0.41015625 0.50078125 0.0546875 0.04375
0 0.40546875 0.53671875 0.075 0.0546875
0 0.484375 0.60546875 0.1859375 0.0640625
0 0.3796875 0.62890625 0.078125 0.04375
0 0.4421875 0.68359375 0.18125 0.071875
0 0.41796875 0.74140625 0.0921875 0.0546875
0 0.4875 0.8 0.259375 0.08125
0 0.43203125 0.88515625 0.18125 0.1078125
0 0.49453125 0.09296875 0.0734375 0.05625
0 0.6421875 0.1140625 0.31875 0.1375
0 0.6078125 0.21875 0.278125 0.109375
0 0.53984375 0.3671875 0.1046875 0.096875
0 0.53046875 0.45390625 0.115625 0.1125
0 0.540625 0.5625 0.10625 0.1
0 0.51328125 0.7296875 0.06875 0.06875
0 0.590625 0.9 0.14375 0.096875
0 0.6328125 0.3421875 0.090625 0.0625
0 0.77578125 0.28359375 0.1796875 0.134375
0 0.715625 0.38046875 0.259375 0.065625
0 0.75 0.4453125 0.26875 0.0671875
0 0.64453125 0.4921875 0.1125 0.0421875
0 0.77734375 0.53359375 0.29375 0.09375
0 0.765625 0.6125 0.25625 0.071875
0 0.7421875 0.67890625 0.3765625 0.09375
0 0.75 0.803125 0.403125 0.1921875