0 0.1453125 0.434375 0.0890625 0.18203125
0 0.23125 0.40703125 0.07421875 0.14453125
0 0.30078125 0.44140625 0.08515625 0.20078125
0 0.3625 0.37578125 0.05546875 0.0609375
0 0.3984375 0.41796875 0.06015625 0.1796875
0 0.44921875 0.42421875 0.04765625 0.14609375
0 0.50078125 0.41015625 0.04453125 0.0546875
0 0.53671875 0.40546875 0.0546875 0.075
0 0.60546875 0.484375 0.0640625 0.1859375
0 0.62890625 0.3796875 0.04453125 0.07734375
0 0.68359375 0.4421875 0.07265625 0.18203125
0 0.74140625 0.41796875 0.0546875 0.0921875
0 0.8 0.4875 0.08203125 0.259375
0 0.88515625 0.43203125 0.1078125 0.18203125
0 0.09296875 0.49453125 0.05703125 0.0734375
0 0.1140625 0.6421875 0.13671875 0.31796875
0 0.21875 0.6078125 0.10859375 0.278125
0 0.3671875 0.53984375 0.09765625 0.1046875
0 0.45390625 0.53046875 0.11328125 0.11484375
0 0.5625 0.540625 0.10078125 0.10703125
0 0.7296875 0.51328125 0.06953125 0.06875
0 0.9 0.590625 0.09765625 0.14453125
0 0.3421875 0.6328125 0.06171875 0.08984375
0 0.28359375 0.77578125 0.13515625 0.1796875
0 0.38046875 0.715625 0.065625 0.259375
0 0.4453125 0.75 0.0671875 0.26953125
0 0.4921875 0.64453125 0.0421875 0.11328125
0 0.53359375 0.77734375 0.09375 0.29453125
0 0.6125 0.765625 0.07265625 0.25546875
0 0.67890625 0.7421875 0.09375 0.3765625
0 0.803125 0.75 0.19140625 0.40390625