0 0.81015625 0.478125 0.096875 0.653125
0 0.71640625 0.66015625 0.090625 0.25625
0 0.75703125 0.796875 0.071875 0.1328125
0 0.70546875 0.83125 0.0703125 0.15625
0 0.66015625 0.80703125 0.0578125 0.13125
0 0.65234375 0.41953125 0.134375 0.615625
0 0.51328125 0.32890625 0.1078125 0.6203125
0 0.36796875 0.43359375 0.084375 0.559375
0 0.22890625 0.3296875 0.0921875 0.4328125
0 0.1515625 0.29140625 0.071875 0.4296875
0 0.096875 0.528125 0.0609375 0.3078125
0 0.14609375 0.625 0.0453125 0.2
0 0.20546875 0.64296875 0.090625 0.259375
0 0.2875 0.60078125 0.0953125 0.33125
0 0.28984375 0.82578125 0.0859375 0.190625
0 0.3265625 0.82734375 0.053125 0.09375
0 0.384375 0.7703125 0.0625 0.153125
0 0.4265625 0.78984375 0.053125 0.1296875
0 0.45390625 0.83359375 0.0359375 0.1125
0 0.49140625 0.834375 0.0625 0.1
0 0.4578125 0.66640625 0.090625 0.2828125
0 0.52265625 0.69296875 0.0703125 0.178125
0 0.57421875 0.77265625 0.065625 0.165625
0 0.52109375 0.88203125 0.0671875 0.1359375
0 0.60625 0.74921875 0.05625 0.096875
0 0.965625 0.5765625 0.065625 0.3265625
0 0.91484375 0.603125 0.0671875 0.30625