0 0.4046875 0.90390625 0.44375 0.1
0 0.4359375 0.825 0.315625 0.090625
0 0.646875 0.8171875 0.2265625 0.115625
0 0.70234375 0.7625 0.2421875 0.0578125
0 0.71875 0.69609375 0.171875 0.065625
0 0.70703125 0.6484375 0.1515625 0.0625
0 0.728125 0.58671875 0.1375 0.071875
0 0.640625 0.528125 0.159375 0.059375
0 0.74921875 0.42734375 0.1875 0.0765625
0 0.7328125 0.36796875 0.18125 0.053125
0 0.7265625 0.3125 0.2421875 0.0765625
0 0.7296875 0.2515625 0.196875 0.06875
0 0.715625 0.196875 0.184375 0.090625
0 0.6375 0.13046875 0.28125 0.0828125
0 0.4453125 0.7359375 0.178125 0.08125
0 0.2453125 0.65859375 0.371875 0.134375
0 0.259375 0.53828125 0.328125 0.11875
0 0.2375 0.3921875 0.33125 0.13125
0 0.325 0.19609375 0.4515625 0.103125
0 0.56796875 0.20625 0.103125 0.075
0 0.52578125 0.2703125 0.221875 0.084375
0 0.38828125 0.31328125 0.3328125 0.09375
0 0.56328125 0.371875 0.153125 0.078125
0 0.475 0.41484375 0.2 0.0828125
0 0.6359375 0.43515625 0.109375 0.078125
0 0.51015625 0.490625 0.203125 0.075
0 0.51328125 0.57890625 0.215625 0.0765625
0 0.6359375 0.578125 0.0875 0.0625
0 0.53203125 0.65390625 0.215625 0.075
0 0.565625 0.721875 0.1484375 0.075