0 0.4046875 0.09609375 0.44375 0.1
0 0.4359375 0.175 0.315625 0.090625
0 0.646875 0.1828125 0.2265625 0.115625
0 0.70234375 0.2375 0.2421875 0.0578125
0 0.71875 0.30390625 0.171875 0.065625
0 0.70703125 0.3515625 0.1515625 0.0625
0 0.728125 0.41328125 0.1375 0.071875
0 0.640625 0.471875 0.159375 0.059375
0 0.74921875 0.57265625 0.1875 0.0765625
0 0.7328125 0.63203125 0.18125 0.053125
0 0.7265625 0.6875 0.2421875 0.0765625
0 0.7296875 0.7484375 0.196875 0.06875
0 0.715625 0.803125 0.184375 0.090625
0 0.6375 0.86953125 0.28125 0.0828125
0 0.4453125 0.2640625 0.178125 0.08125
0 0.2453125 0.34140625 0.371875 0.134375
0 0.259375 0.46171875 0.328125 0.11875
0 0.2375 0.6078125 0.33125 0.13125
0 0.325 0.80390625 0.4515625 0.103125
0 0.56796875 0.79375 0.103125 0.075
0 0.52578125 0.7296875 0.221875 0.084375
0 0.38828125 0.68671875 0.3328125 0.09375
0 0.56328125 0.628125 0.153125 0.078125
0 0.475 0.58515625 0.2 0.0828125
0 0.6359375 0.56484375 0.109375 0.078125
0 0.51015625 0.509375 0.203125 0.075
0 0.51328125 0.42109375 0.215625 0.0765625
0 0.6359375 0.421875 0.0875 0.0625
0 0.53203125 0.34609375 0.215625 0.075
0 0.565625 0.278125 0.1484375 0.075