0 0.625 0.0859375 0.4 0.11875
0 0.67109375 0.20078125 0.3453125 0.0984375
0 0.7421875 0.27421875 0.146875 0.059375
0 0.671875 0.3421875 0.34375 0.090625
0 0.3375 0.3734375 0.375 0.15625
0 0.29765625 0.22109375 0.4078125 0.1375
0 0.27734375 0.0953125 0.403125 0.140625
0 0.6625 0.415625 0.25625 0.103125
0 0.5703125 0.4796875 0.328125 0.103125
0 0.596875 0.56640625 0.334375 0.09375
0 0.30390625 0.5296875 0.396875 0.1125
0 0.31015625 0.66640625 0.3125 0.115625
0 0.2109375 0.75703125 0.34375 0.1390625
0 0.2546875 0.9328125 0.375 0.134375
0 0.42265625 0.7921875 0.1859375 0.125
0 0.45703125 0.84140625 0.421875 0.0859375
0 0.71171875 0.84375 0.20625 0.13125
0 0.578125 0.78671875 0.246875 0.071875
0 0.58671875 0.71328125 0.325 0.0828125
0 0.5703125 0.64296875 0.3109375 0.0734375