0 0.6140625 0.14609375 0.0765625 0.18125
0 0.828125 0.42421875 0.11875 0.1828125
0 0.94453125 0.646875 0.1046875 0.1625
0 0.9640625 0.409375 0.071875 0.13125
0 0.96875 0.51796875 0.0625 0.0609375
0 0.69140625 0.184375 0.0421875 0.1109375
0 0.64453125 0.03515625 0.0546875 0.0703125
0 0.55078125 0.05234375 0.0515625 0.1046875
0 0.03046875 0.3171875 0.0609375 0.25
0 0.06171875 0.59140625 0.10625 0.1984375
0 0.05546875 0.70234375 0.0859375 0.146875
0 0.1078125 0.80234375 0.153125 0.16875
0 0.05234375 0.94921875 0.08125 0.1015625