0 0.3859375 0.14609375 0.07578125 0.18046875
0 0.171875 0.42421875 0.11796875 0.1828125
0 0.05546875 0.646875 0.1046875 0.1625
0 0.0359375 0.409375 0.07109375 0.13046875
0 0.03125 0.51796875 0.0625 0.0609375
0 0.30859375 0.184375 0.04140625 0.1109375
0 0.35546875 0.03515625 0.0546875 0.0703125
0 0.44921875 0.05234375 0.0515625 0.1046875
0 0.96953125 0.3171875 0.06015625 0.25
0 0.93828125 0.59140625 0.10625 0.1984375
0 0.94453125 0.70234375 0.0859375 0.146875
0 0.8921875 0.80234375 0.153125 0.16875
0 0.94765625 0.94921875 0.08046875 0.1015625