0 0.1421875 0.2078125 0.090625 0.13125
0 0.196875 0.16953125 0.071875 0.13125
0 0.2703125 0.2390625 0.0890625 0.159375
0 0.33046875 0.159375 0.06875 0.10625
0 0.39921875 0.2421875 0.090625 0.1375
0 0.44453125 0.1546875 0.103125 0.14375
0 0.49609375 0.25234375 0.1 0.159375
0 0.56328125 0.1546875 0.1 0.1265625
0 0.62109375 0.26796875 0.109375 0.18125
0 0.68359375 0.16640625 0.0921875 0.1359375
0 0.7359375 0.2578125 0.1140625 0.16875
0 0.84453125 0.203125 0.078125 0.1515625
0 0.7875 0.128125 0.09375 0.15625