0 0.8578125 0.7921875 0.090625 0.13125
0 0.803125 0.83046875 0.071875 0.13125
0 0.7296875 0.7609375 0.0890625 0.159375
0 0.66953125 0.840625 0.06875 0.10625
0 0.60078125 0.7578125 0.090625 0.1375
0 0.55546875 0.8453125 0.103125 0.14375
0 0.50390625 0.74765625 0.1 0.159375
0 0.43671875 0.8453125 0.1 0.1265625
0 0.37890625 0.73203125 0.109375 0.18125
0 0.31640625 0.83359375 0.0921875 0.1359375
0 0.2640625 0.7421875 0.1140625 0.16875
0 0.15546875 0.796875 0.078125 0.1515625
0 0.2125 0.871875 0.09375 0.15625