0 0.28359375 0.6515625 0.1 0.30078125
0 0.37890625 0.646875 0.075 0.3125
0 0.475 0.6734375 0.08515625 0.3234375
0 0.56875 0.62734375 0.1 0.25625
0 0.65625 0.61796875 0.08515625 0.25078125
0 0.74765625 0.61953125 0.09765625 0.27578125
0 0.14921875 0.540625 0.0984375 0.41953125
0 0.26484375 0.47890625 0.07578125 0.2296875
0 0.2171875 0.39921875 0.090625 0.2046875
0 0.28203125 0.3890625 0.05703125 0.1421875
0 0.34375 0.47109375 0.07734375 0.13125
0 0.3578125 0.36015625 0.07890625 0.1296875
0 0.41875 0.39921875 0.06640625 0.13671875
0 0.4640625 0.45703125 0.0984375 0.178125
0 0.50234375 0.35703125 0.07578125 0.18515625
0 0.56015625 0.4515625 0.0984375 0.1421875
0 0.64453125 0.46875 0.0734375 0.1265625
0 0.715625 0.4078125 0.090625 0.18984375
0 0.6625 0.38828125 0.06953125 0.15078125
0 0.5703125 0.32890625 0.071875 0.14609375