0 0.71640625 0.3484375 0.1 0.3
0 0.62109375 0.353125 0.075 0.3125
0 0.525 0.3265625 0.084375 0.3234375
0 0.43125 0.37265625 0.1 0.25625
0 0.34375 0.38203125 0.0859375 0.25
0 0.25234375 0.38046875 0.0984375 0.275
0 0.85078125 0.459375 0.0984375 0.4203125
0 0.73515625 0.52109375 0.075 0.2296875
0 0.7828125 0.60078125 0.090625 0.2046875
0 0.71796875 0.6109375 0.05625 0.1421875
0 0.65625 0.52890625 0.078125 0.13125
0 0.6421875 0.63984375 0.078125 0.1296875
0 0.58125 0.60078125 0.065625 0.1375
0 0.5359375 0.54296875 0.0984375 0.178125
0 0.49765625 0.64296875 0.075 0.184375
0 0.43984375 0.5484375 0.0984375 0.1421875
0 0.35546875 0.53125 0.0734375 0.1265625
0 0.284375 0.5921875 0.090625 0.190625
0 0.3375 0.61171875 0.0703125 0.15
0 0.4296875 0.67109375 0.071875 0.146875