0 0.14921875 0.42265625 0.13203125 0.21015625
0 0.06015625 0.6546875 0.1203125 0.1734375
0 0.03125 0.409375 0.0625 0.1171875
0 0.03125 0.5140625 0.0625 0.07578125
0 0.29140625 0.17421875 0.0671875 0.12734375
0 0.3671875 0.13828125 0.04453125 0.20859375
0 0.346875 0.03984375 0.0421875 0.0796875
0 0.97578125 0.309375 0.0484375 0.2015625
0 0.91015625 0.58203125 0.10390625 0.140625
0 0.93359375 0.67734375 0.11015625 0.11328125
0 0.92109375 0.81640625 0.125 0.125
0 0.94609375 0.94921875 0.08046875 0.1015625
0 0.45625 0.03671875 0.06171875 0.0734375