0 0.2171875 0.0921875 0.2828125 0.11875
0 0.21640625 0.2265625 0.2546875 0.115625
0 0.19765625 0.32421875 0.240625 0.13125
0 0.5421875 0.24453125 0.4546875 0.0890625
0 0.56015625 0.1328125 0.5 0.115625
0 0.5671875 0.3859375 0.39375 0.1125
0 0.55078125 0.51953125 0.428125 0.1125
0 0.26953125 0.42734375 0.340625 0.128125
0 0.24296875 0.51953125 0.228125 0.103125
0 0.2140625 0.61484375 0.275 0.1375
0 0.178125 0.759375 0.30625 0.159375
0 0.53046875 0.75078125 0.4625 0.146875
0 0.5375 0.6375 0.453125 0.10625
0 0.37421875 0.88359375 0.74375 0.1359375