0 0.88203125 0.42734375 0.1125 0.225
0 0.9375 0.65703125 0.125 0.1703125
0 0.97734375 0.38515625 0.0453125 0.1359375
0 0.97734375 0.51953125 0.04375 0.103125
0 0.721875 0.17421875 0.0375 0.090625
0 0.6453125 0.1515625 0.059375 0.1875
0 0.66484375 0.0421875 0.05 0.084375
0 0.54296875 0.0453125 0.0703125 0.090625
0 0.0265625 0.3203125 0.053125 0.2046875
0 0.11875 0.5859375 0.115625 0.1734375
0 0.07578125 0.6984375 0.1375 0.1234375
0 0.065625 0.82265625 0.13125 0.1046875
0 0.0609375 0.9515625 0.084375 0.096875