0 0.07421875 0.43984375 0.09296875 0.428125
0 0.14140625 0.5671875 0.17109375 0.74609375
0 0.2046875 0.41640625 0.08671875 0.35078125
0 0.2921875 0.31484375 0.1015625 0.3953125
0 0.3390625 0.53359375 0.13671875 0.7984375
0 0.4375 0.3921875 0.06953125 0.43828125
0 0.49765625 0.54296875 0.10625 0.7828125
0 0.6234375 0.56171875 0.184375 0.82734375
0 0.6453125 0.3828125 0.09921875 0.340625
0 0.7515625 0.54140625 0.14375 0.81796875
0 0.79453125 0.36484375 0.09765625 0.35234375
0 0.88359375 0.49921875 0.17578125 0.85078125