0 0.88984375 0.5171875 0.165625 0.5546875
0 0.753125 0.7953125 0.1875 0.325
0 0.6234375 0.59609375 0.121875 0.528125
0 0.76875 0.43203125 0.1421875 0.396875
0 0.6390625 0.28125 0.1328125 0.15625
0 0.52890625 0.4421875 0.1 0.2609375
0 0.4609375 0.53984375 0.134375 0.1609375
0 0.496875 0.784375 0.1390625 0.43125
0 0.36796875 0.80078125 0.1171875 0.3984375
0 0.2890625 0.77421875 0.1375 0.45
0 0.31640625 0.4453125 0.128125 0.196875
0 0.315625 0.303125 0.1109375 0.125
0 0.42578125 0.39765625 0.096875 0.2328125