0 0.359375 0.896875 0.528125 0.0921875
0 0.3390625 0.77109375 0.4734375 0.1359375
0 0.54921875 0.71171875 0.2203125 0.08125
0 0.60546875 0.81328125 0.15 0.084375
0 0.32265625 0.62734375 0.534375 0.096875
0 0.53359375 0.56953125 0.215625 0.0703125
0 0.62421875 0.6359375 0.11875 0.084375
0 0.6046875 0.5 0.153125 0.0921875
0 0.32421875 0.48671875 0.5 0.121875
0 0.5421875 0.41640625 0.2265625 0.0625
0 0.61796875 0.34453125 0.10625 0.078125
0 0.35859375 0.33671875 0.4609375 0.096875
0 0.31796875 0.228125 0.490625 0.103125
0 0.5734375 0.26796875 0.140625 0.071875
0 0.43046875 0.12578125 0.46875 0.1140625
0 0.34609375 0.03984375 0.603125 0.0796875