0 0.34921875 0.04609375 0.228125 0.0921875
0 0.353125 0.109375 0.109375 0.0625
0 0.3703125 0.17109375 0.175 0.0875
0 0.5734375 0.1515625 0.1796875 0.075
0 0.62265625 0.0578125 0.31875 0.09375
0 0.790625 0.2046875 0.409375 0.14375
0 0.63125 0.3046875 0.209375 0.084375
0 0.79375 0.34609375 0.365625 0.0921875
0 0.7375 0.41484375 0.365625 0.075
0 0.78359375 0.4828125 0.375 0.096875
0 0.76796875 0.6015625 0.3390625 0.1140625
0 0.79140625 0.72734375 0.34375 0.0984375
0 0.678125 0.840625 0.209375 0.096875
0 0.784375 0.91015625 0.403125 0.115625
0 0.42734375 0.9421875 0.321875 0.115625
0 0.559375 0.784375 0.2078125 0.121875
0 0.45078125 0.8484375 0.2828125 0.0953125
0 0.4265625 0.725 0.33125 0.1046875
0 0.340625 0.77890625 0.103125 0.059375
0 0.23515625 0.7203125 0.1015625 0.046875
0 0.3015625 0.68203125 0.128125 0.0578125
0 0.29765625 0.6453125 0.08125 0.0625
0 0.365625 0.64765625 0.09375 0.053125
0 0.3875 0.596875 0.2125 0.0828125
0 0.56015625 0.56875 0.20625 0.0859375
0 0.475 0.49296875 0.234375 0.0765625
0 0.5015625 0.38984375 0.1390625 0.121875
0 0.38671875 0.40390625 0.165625 0.08125
0 0.4296875 0.3125 0.1578125 0.078125
0 0.509375 0.2578125 0.203125 0.125
0 0.37734375 0.2296875 0.1234375 0.0609375
0 0.3265625 0.2734375 0.11875 0.071875
0 0.2984375 0.21015625 0.103125 0.05
0 0.25 0.25390625 0.0953125 0.06875
0 0.28046875 0.31953125 0.121875 0.05
0 0.31640625 0.3578125 0.171875 0.065625
0 0.31328125 0.42890625 0.0765625 0.05625
0 0.315625 0.46640625 0.103125 0.046875
0 0.2453125 0.440625 0.0703125 0.05625
0 0.31484375 0.50546875 0.10625 0.0421875
0 0.35390625 0.53046875 0.18125 0.04375
0 0.3265625 0.56015625 0.0875 0.025
0 0.26015625 0.56328125 0.0734375 0.040625
0 0.25078125 0.6140625 0.096875 0.059375
0 0.1828125 0.5671875 0.0921875 0.05625
0 0.1625 0.5 0.2125 0.0828125
0 0.134375 0.41953125 0.2171875 0.1078125