0 0.15625 0.30625 0.121875 0.2046875
0 0.19375 0.4625 0.15625 0.2515625
0 0.17734375 0.71171875 0.1796875 0.296875
0 0.321875 0.6296875 0.171875 0.34375
0 0.3140625 0.3859375 0.0875 0.1703125
0 0.38515625 0.36796875 0.0859375 0.2203125
0 0.46796875 0.47578125 0.115625 0.428125
0 0.5625 0.3484375 0.1125 0.1984375
0 0.5375 0.62890625 0.1625 0.35625
0 0.6453125 0.6921875 0.13125 0.371875
0 0.75625 0.76875 0.140625 0.365625
0 0.91328125 0.76328125 0.171875 0.4125
0 0.93515625 0.484375 0.1296875 0.25625
0 0.81328125 0.43515625 0.1375 0.4171875
0 0.69375 0.44375 0.1125 0.334375