0 0.48203125 0.36796875 0.1984375 0.1125
0 0.23046875 0.759375 0.1625 0.0953125
0 0.4859375 0.9265625 0.19375 0.1046875
0 0.59921875 0.93125 0.146875 0.059375
0 0.596875 0.8171875 0.1875 0.078125
0 0.69921875 0.7859375 0.2203125 0.06875
0 0.4140625 0.78984375 0.1484375 0.1125
0 0.50859375 0.7 0.1921875 0.11875
0 0.60546875 0.61328125 0.159375 0.075
0 0.78359375 0.625 0.128125 0.096875
0 0.8484375 0.4109375 0.2046875 0.065625
0 0.846875 0.565625 0.14375 0.0578125
0 0.9140625 0.66953125 0.15625 0.0734375
0 0.3921875 0.16640625 0.1765625 0.128125
0 0.5234375 0.0421875 0.159375 0.084375
0 0.225 0.05703125 0.146875 0.1140625