0 0.31953125 0.6453125 0.5953125 0.1171875
0 0.45703125 0.4875 0.3875 0.146875
0 0.3859375 0.253125 0.609375 0.1421875
0 0.35234375 0.0828125 0.6359375 0.165625
0 0.75 0.09765625 0.21875 0.165625
0 0.74296875 0.20859375 0.271875 0.09375
0 0.75859375 0.29453125 0.16875 0.084375
0 0.7796875 0.3671875 0.2125 0.096875
0 0.69609375 0.41953125 0.2890625 0.10625
0 0.740625 0.51328125 0.21875 0.1125
0 0.88828125 0.5296875 0.121875 0.109375
0 0.85234375 0.6421875 0.0984375 0.0921875
0 0.79296875 0.778125 0.146875 0.1140625
0 0.746875 0.8578125 0.1421875 0.096875
0 0.44609375 0.9546875 0.7875 0.090625
0 0.41171875 0.83203125 0.525 0.10625
0 0.43984375 0.725 0.5421875 0.090625
0 0.73125 0.6109375 0.20625 0.11875
0 0.7625 0.68828125 0.153125 0.0765625
0 0.69375 0.79609375 0.1234375 0.0796875