0 0.30546875 0.51171875 0.60625 0.140625
0 0.3625 0.375 0.5875 0.13125
0 0.39453125 0.13984375 0.7203125 0.0796875
0 0.671875 0.20078125 0.19375 0.0875
0 0.65625 0.25703125 0.190625 0.065625
0 0.6828125 0.3359375 0.2328125 0.09375
0 0.690625 0.39140625 0.153125 0.05625
0 0.66875 0.45703125 0.1375 0.0796875
0 0.715625 0.5015625 0.1703125 0.0875
0 0.65703125 0.584375 0.1703125 0.103125
0 0.6984375 0.63125 0.159375 0.08125
0 0.35390625 0.67734375 0.6953125 0.1046875
0 0.65859375 0.74296875 0.178125 0.103125
0 0.7078125 0.79375 0.215625 0.0875
0 0.38203125 0.8953125 0.678125 0.1625