0 0.7125 0.69296875 0.140625 0.5
0 0.75 0.421875 0.1125 0.4078125
0 0.8859375 0.19296875 0.121875 0.3859375
0 0.73515625 0.15625 0.090625 0.225
0 0.63046875 0.240625 0.084375 0.26875
0 0.57421875 0.52890625 0.090625 0.309375
0 0.47265625 0.571875 0.0828125 0.278125
0 0.3859375 0.5546875 0.090625 0.2875
0 0.2734375 0.4640625 0.103125 0.1984375
0 0.425 0.371875 0.0828125 0.1890625
0 0.45234375 0.28671875 0.0875 0.19375
0 0.51015625 0.1765625 0.078125 0.190625
0 0.56328125 0.1875 0.071875 0.1765625
0 0.57734375 0.0796875 0.078125 0.1046875
0 0.45546875 0.11015625 0.0515625 0.1625
0 0.415625 0.121875 0.0609375 0.121875
0 0.371875 0.1578125 0.0828125 0.1171875
0 0.3375 0.31328125 0.0734375 0.15625
0 0.228125 0.2984375 0.0828125 0.1890625
0 0.28125 0.24609375 0.071875 0.153125
0 0.3078125 0.10390625 0.0609375 0.140625
0 0.2578125 0.1453125 0.096875 0.140625
0 0.2171875 0.09375 0.0609375 0.153125
0 0.09921875 0.23515625 0.1 0.1765625
0 0.103125 0.12265625 0.065625 0.14375