0 0.15390625 0.45234375 0.153125 0.7828125
0 0.28828125 0.44765625 0.15 0.640625
0 0.41484375 0.46953125 0.146875 0.759375
0 0.528125 0.3953125 0.1234375 0.7
0 0.640625 0.36875 0.140625 0.7375
0 0.75859375 0.34921875 0.1453125 0.6984375
0 0.72421875 0.76171875 0.10625 0.178125
0 0.59609375 0.77109375 0.1015625 0.1875
0 0.371875 0.8375 0.04375 0.10625
0 0.25078125 0.78046875 0.065625 0.1375
0 0.153125 0.87109375 0.0609375 0.0875
0 0.0515625 0.85546875 0.075 0.15625
0 0.0734375 0.74609375 0.0625 0.15
0 0.9703125 0.63046875 0.059375 0.3453125