0 0.1125 0.2640625 0.084375 0.1265625
0 0.20234375 0.22734375 0.08984375 0.12109375
0 0.3265625 0.31484375 0.08671875 0.1328125
0 0.4203125 0.2296875 0.09765625 0.15
0 0.41328125 0.55546875 0.078125 0.1578125
0 0.5046875 0.3265625 0.07109375 0.15
0 0.5484375 0.2484375 0.08203125 0.13515625
0 0.60703125 0.40078125 0.08125 0.10703125
0 0.6453125 0.33984375 0.06875 0.1171875
0 0.72890625 0.29453125 0.0828125 0.14609375
0 0.7921875 0.32734375 0.08984375 0.146875
0 0.87578125 0.24140625 0.08671875 0.13125