0 0.38515625 0.8359375 0.334375 0.115625
0 0.7453125 0.8578125 0.4125 0.134375
0 0.7125 0.7515625 0.453125 0.1
0 0.74609375 0.66484375 0.44375 0.1265625
0 0.66875 0.58203125 0.390625 0.0796875
0 0.690625 0.49375 0.4625 0.115625
0 0.6796875 0.3953125 0.234375 0.075
0 0.628125 0.3328125 0.196875 0.084375
0 0.5171875 0.39453125 0.159375 0.075
0 0.51328125 0.2859375 0.196875 0.10625
0 0.5765625 0.19609375 0.2484375 0.08125
0 0.8109375 0.1171875 0.378125 0.159375
0 0.75078125 0.28359375 0.275 0.115625
0 0.434375 0.09140625 0.25 0.159375
0 0.3421875 0.16953125 0.1875 0.09375
0 0.28515625 0.21796875 0.121875 0.06875
0 0.36640625 0.2765625 0.14375 0.08125
0 0.25625 0.2828125 0.165625 0.08125
0 0.25546875 0.340625 0.2046875 0.065625
0 0.3296875 0.378125 0.234375 0.10625
0 0.221875 0.42265625 0.121875 0.0609375
0 0.35625 0.4765625 0.215625 0.0703125
0 0.4140625 0.728125 0.221875 0.06875
0 0.375 0.64921875 0.2359375 0.075
0 0.3875 0.5484375 0.23125 0.075
0 0.24296875 0.50234375 0.096875 0.053125
0 0.225 0.5546875 0.128125 0.0484375
0 0.2375 0.590625 0.1203125 0.05
0 0.225 0.63828125 0.115625 0.0453125
0 0.25703125 0.68203125 0.125 0.059375
0 0.27890625 0.7265625 0.084375 0.053125
0 0.275 0.77734375 0.159375 0.0703125