0 0.109375 0.08203125 0.08359375 0.1546875
0 0.2390625 0.15078125 0.08359375 0.15234375
0 0.31484375 0.1890625 0.0640625 0.12421875
0 0.3625 0.278125 0.07109375 0.128125
0 0.50234375 0.1921875 0.07265625 0.10546875
0 0.51328125 0.26015625 0.08046875 0.1171875
0 0.615625 0.15 0.06640625 0.128125
0 0.73203125 0.19296875 0.059375 0.10390625
0 0.69140625 0.24765625 0.0734375 0.12578125
0 0.596875 0.32890625 0.0640625 0.10546875
0 0.76640625 0.2609375 0.05 0.11015625
0 0.86875 0.2 0.09140625 0.13515625
0 0.81640625 0.28203125 0.07578125 0.10390625
0 0.753125 0.4703125 0.0828125 0.159375
0 0.83515625 0.5515625 0.0484375 0.128125
0 0.93671875 0.66953125 0.084375 0.13515625
0 0.6 0.50078125 0.0625 0.1140625
0 0.571875 0.609375 0.0765625 0.14765625
0 0.5125 0.5453125 0.0671875 0.12421875
0 0.45390625 0.5765625 0.053125 0.1328125
0 0.40625 0.58203125 0.07265625 0.13828125
0 0.3140625 0.56015625 0.09609375 0.15078125