0 0.9546875 0.60859375 0.0796875 0.76875
0 0.8953125 0.7890625 0.08125 0.2484375
0 0.8046875 0.65546875 0.1140625 0.31875
0 0.7453125 0.8328125 0.0953125 0.2859375
0 0.628125 0.88359375 0.134375 0.165625
0 0.6 0.6796875 0.1109375 0.359375
0 0.471875 0.88203125 0.1609375 0.2203125
0 0.3578125 0.70625 0.0921875 0.384375
0 0.30234375 0.8703125 0.0890625 0.1625
0 0.25546875 0.78359375 0.0890625 0.19375
0 0.1734375 0.659375 0.1125 0.403125
0 0.10859375 0.73671875 0.128125 0.484375
0 0.0609375 0.23984375 0.121875 0.478125
0 0.15625 0.384375 0.0828125 0.3203125
0 0.2515625 0.33125 0.1859375 0.6546875
0 0.371875 0.371875 0.0984375 0.2828125
0 0.45390625 0.30546875 0.0984375 0.3609375
0 0.503125 0.396875 0.075 0.290625
0 0.58671875 0.32734375 0.1125 0.4
0 0.665625 0.3296875 0.0890625 0.3140625
0 0.7296875 0.26015625 0.1171875 0.5
0 0.859375 0.265625 0.165625 0.53125