0 0.65078125 0.88828125 0.6 0.1578125
0 0.665625 0.69296875 0.5625 0.1234375
0 0.70859375 0.55390625 0.5375 0.1515625
0 0.63984375 0.39296875 0.5625 0.1421875
0 0.55546875 0.22265625 0.446875 0.13125
0 0.59921875 0.109375 0.53125 0.16875
0 0.29765625 0.34296875 0.225 0.096875
0 0.2984375 0.26015625 0.2125 0.10625
0 0.33828125 0.50234375 0.3078125 0.128125
0 0.2921875 0.6453125 0.2546875 0.10625
0 0.2921875 0.73046875 0.253125 0.109375
0 0.2859375 0.80703125 0.228125 0.103125
0 0.2890625 0.91015625 0.246875 0.13125