0 0.11171875 0.34921875 0.1578125 0.6
0 0.30703125 0.334375 0.1234375 0.5625
0 0.44609375 0.29140625 0.1515625 0.5375
0 0.60703125 0.36015625 0.1421875 0.5625
0 0.77734375 0.44453125 0.13125 0.446875
0 0.890625 0.40078125 0.16875 0.53125
0 0.65703125 0.70234375 0.096875 0.225
0 0.73984375 0.7015625 0.10625 0.2125
0 0.49765625 0.66171875 0.128125 0.3078125
0 0.3546875 0.7078125 0.10625 0.2546875
0 0.26953125 0.7078125 0.109375 0.253125
0 0.19296875 0.7140625 0.103125 0.228125
0 0.08984375 0.7109375 0.13125 0.246875