0 0.0546875 0.771875 0.07578125 0.28515625
0 0.14921875 0.75703125 0.06796875 0.31484375
0 0.24375 0.78203125 0.075 0.25390625
0 0.20703125 0.9109375 0.08203125 0.178125
0 0.34375 0.9171875 0.071875 0.165625
0 0.453125 0.928125 0.0875 0.14375
0 0.55078125 0.93046875 0.10625 0.1390625
0 0.68203125 0.946875 0.09609375 0.10546875
0 0.95 0.8578125 0.090625 0.284375
0 0.98515625 0.66875 0.02890625 0.2515625
0 0.8578125 0.73046875 0.05546875 0.2984375
0 0.76171875 0.715625 0.06328125 0.309375
0 0.70546875 0.78515625 0.07734375 0.33671875
0 0.58984375 0.7296875 0.08203125 0.278125
0 0.47890625 0.740625 0.1 0.359375
0 0.36640625 0.74296875 0.06328125 0.2484375
0 0.38046875 0.6234375 0.053125 0.109375
0 0.290625 0.73203125 0.07109375 0.271875
0 0.134375 0.59609375 0.05625 0.2109375
0 0.05625 0.5953125 0.06484375 0.24609375
0 0.0796875 0.503125 0.040625 0.13125
0 0.05390625 0.44921875 0.0375 0.0796875
0 0.05546875 0.38828125 0.040625 0.08359375
0 0.13828125 0.496875 0.0375 0.08671875
0 0.1515625 0.39921875 0.034375 0.13125
0 0.1828125 0.4359375 0.05546875 0.13515625
0 0.20703125 0.484375 0.04765625 0.13515625
0 0.2234375 0.55390625 0.06796875 0.21484375
0 0.2578125 0.496875 0.03828125 0.08671875
0 0.28671875 0.55625 0.05546875 0.090625
0 0.31171875 0.5203125 0.05234375 0.09609375
0 0.334375 0.48125 0.02890625 0.10703125
0 0.3703125 0.5015625 0.04296875 0.1109375
0 0.4046875 0.51015625 0.05703125 0.0796875
0 0.39921875 0.5515625 0.04296875 0.1109375
0 0.44453125 0.528125 0.06171875 0.11875
0 0.49921875 0.55078125 0.04921875 0.09453125
0 0.57734375 0.5515625 0.065625 0.09296875
0 0.55703125 0.50078125 0.03359375 0.11640625
0 0.68515625 0.51484375 0.04453125 0.1484375
0 0.76171875 0.4859375 0.05234375 0.05390625
0 0.796875 0.52578125 0.05 0.178125
0 0.81953125 0.5609375 0.05625 0.16640625
0 0.89453125 0.57578125 0.05 0.1703125
0 0.90234375 0.46328125 0.03359375 0.078125
0 0.71484375 0.4296875 0.04375 0.14453125
0 0.7640625 0.41171875 0.03828125 0.128125
0 0.8328125 0.41328125 0.05078125 0.09609375
0 0.840625 0.36640625 0.03125 0.07421875
0 0.8953125 0.39453125 0.02578125 0.08515625
0 0.96640625 0.48984375 0.05078125 0.2015625
0 0.95546875 0.39609375 0.03828125 0.05546875
0 0.93046875 0.37890625 0.0375 0.06484375
0 0.96015625 0.3609375 0.025 0.03671875
0 0.9109375 0.33984375 0.028125 0.04609375
0 0.93359375 0.30625 0.0265625 0.065625
0 0.953125 0.33515625 0.02890625 0.0484375
0 0.95 0.2796875 0.0328125 0.065625
0 0.97109375 0.2671875 0.025 0.06953125
0 0.97109375 0.22578125 0.0328125 0.04296875
0 0.87421875 0.3828125 0.03359375 0.1640625
0 0.84453125 0.275 0.025 0.05234375
0 0.85078125 0.30234375 0.03125 0.0453125
0 0.87265625 0.2484375 0.025 0.08828125
0 0.93828125 0.23046875 0.01796875 0.04140625
0 0.80703125 0.3421875 0.03671875 0.10390625
0 0.82890625 0.33046875 0.028125 0.0625
0 0.82734375 0.30625 0.02421875 0.05078125
0 0.77421875 0.38125 0.0203125 0.075
0 0.75234375 0.35625 0.04921875 0.10390625
0 0.7234375 0.3671875 0.03984375 0.07265625
0 0.63671875 0.50859375 0.04453125 0.19453125
0 0.83046875 0.23515625 0.02109375 0.13515625
0 0.84453125 0.18125 0.02265625 0.084375
0 0.79296875 0.209375 0.0328125 0.06015625
0 0.80390625 0.2640625 0.028125 0.06953125
0 0.7765625 0.30390625 0.03984375 0.0890625
0 0.76875 0.2484375 0.02890625 0.0859375
0 0.74921875 0.2171875 0.02421875 0.04609375
0 0.740625 0.23828125 0.02734375 0.06484375
0 0.75234375 0.27421875 0.02578125 0.0625
0 0.72734375 0.2609375 0.02109375 0.04296875
0 0.72734375 0.29921875 0.03203125 0.0625
0 0.70859375 0.2703125 0.01953125 0.0703125
0 0.7078125 0.19609375 0.02890625 0.06796875
0 0.6890625 0.25703125 0.028125 0.0765625
0 0.68203125 0.20625 0.0203125 0.0484375
0 0.68671875 0.3375 0.0359375 0.0890625
0 0.66640625 0.365625 0.0328125 0.11796875
0 0.6453125 0.34921875 0.02578125 0.08984375
0 0.634375 0.3109375 0.015625 0.0546875
0 0.63828125 0.290625 0.02890625 0.04375
0 0.6328125 0.26875 0.0296875 0.04296875
0 0.61015625 0.25703125 0.025 0.06953125
0 0.60859375 0.20390625 0.02265625 0.0546875
0 0.590625 0.203125 0.02890625 0.09140625
0 0.56796875 0.20390625 0.025 0.0859375
0 0.58359375 0.24375 0.0265625 0.03828125
0 0.5859375 0.27890625 0.01484375 0.03671875
0 0.60859375 0.3140625 0.02890625 0.059375
0 0.6109375 0.41015625 0.03515625 0.06796875
0 0.56875 0.421875 0.06015625 0.0890625
0 0.56328125 0.359375 0.028125 0.096875
0 0.5859375 0.35625 0.02109375 0.0859375
0 0.56875 0.30703125 0.0265625 0.0453125
0 0.5421875 0.3328125 0.0328125 0.1109375
0 0.528125 0.2953125 0.01953125 0.07421875
0 0.51171875 0.2765625 0.0328125 0.09453125
0 0.4765625 0.259375 0.03359375 0.09140625
0 0.43671875 0.26640625 0.02734375 0.1078125
0 0.4609375 0.28359375 0.03828125 0.08203125
0 0.40625 0.28984375 0.025 0.09609375
0 0.35703125 0.3578125 0.02890625 0.0984375
0 0.33828125 0.35 0.02109375 0.05234375
0 0.321875 0.36484375 0.03125 0.040625
0 0.278125 0.3453125 0.02265625 0.059375
0 0.2296875 0.328125 0.03828125 0.1328125
0 0.24765625 0.396875 0.02421875 0.10625
0 0.27265625 0.41328125 0.0375 0.1171875
0 0.303125 0.4265625 0.0359375 0.09375
0 0.34609375 0.29453125 0.0296875 0.04765625
0 0.38671875 0.34296875 0.02734375 0.084375
0 0.40078125 0.36796875 0.04375 0.06484375
0 0.36875 0.4265625 0.02578125 0.05703125
0 0.3890625 0.43203125 0.02265625 0.06796875
0 0.4296875 0.43125 0.0359375 0.14609375
0 0.434375 0.35078125 0.0375 0.0890625
0 0.465625 0.359375 0.04453125 0.0796875
0 0.49140625 0.390625 0.0328125 0.09609375
0 0.478125 0.4203125 0.04609375 0.0984375
0 0.48359375 0.484375 0.04453125 0.10546875
0 0.5140625 0.46484375 0.03671875 0.1109375
0 0.54921875 0.2390625 0.034375 0.08125