0 0.2265625 0.65703125 0.11171875 0.534375
0 0.32734375 0.67265625 0.10078125 0.45234375
0 0.41171875 0.71875 0.09140625 0.46953125
0 0.4734375 0.62421875 0.06640625 0.22421875
0 0.5859375 0.84609375 0.09609375 0.3078125
0 0.71796875 0.84921875 0.1109375 0.30078125
0 0.72265625 0.66796875 0.06875 0.15
0 0.62890625 0.684375 0.08125 0.253125
0 0.74375 0.5140625 0.09453125 0.23125
0 0.66953125 0.50390625 0.09375 0.2890625
0 0.540625 0.6171875 0.1 0.30859375
0 0.6140625 0.43203125 0.0734375 0.20625
0 0.74375 0.35703125 0.09375 0.1640625
0 0.74921875 0.23125 0.08203125 0.134375
0 0.703125 0.2515625 0.0703125 0.12578125
0 0.28125 0.42734375 0.05859375 0.1859375
0 0.33125 0.3859375 0.071875 0.178125
0 0.375 0.4671875 0.06328125 0.1109375
0 0.39921875 0.39296875 0.05625 0.128125
0 0.4796875 0.41796875 0.0734375 0.153125
0 0.546875 0.4125 0.06328125 0.1328125
0 0.53046875 0.3484375 0.04375 0.10703125
0 0.615625 0.3125 0.06015625 0.1390625
0 0.659375 0.27890625 0.06484375 0.1375
0 0.56953125 0.296875 0.05546875 0.128125
0 0.53046875 0.24453125 0.0578125 0.1234375
0 0.484375 0.28515625 0.05546875 0.159375
0 0.44375 0.36015625 0.059375 0.1671875
0 0.3859375 0.2984375 0.065625 0.11796875
0 0.3828125 0.209375 0.07578125 0.13359375
0 0.446875 0.2046875 0.06171875 0.14921875