0 0.7734375 0.65703125 0.1125 0.534375
0 0.67265625 0.67265625 0.1 0.453125
0 0.58828125 0.71875 0.090625 0.46875
0 0.5265625 0.62421875 0.065625 0.225
0 0.4140625 0.84609375 0.096875 0.3078125
0 0.28203125 0.84921875 0.1109375 0.3
0 0.27734375 0.66796875 0.06875 0.15
0 0.37109375 0.684375 0.08125 0.253125
0 0.25625 0.5140625 0.09375 0.23125
0 0.33046875 0.50390625 0.09375 0.2890625
0 0.459375 0.6171875 0.1 0.309375
0 0.3859375 0.43203125 0.0734375 0.20625
0 0.25625 0.35703125 0.09375 0.1640625
0 0.25078125 0.23125 0.08125 0.134375
0 0.296875 0.2515625 0.0703125 0.125
0 0.71875 0.42734375 0.059375 0.1859375
0 0.66875 0.3859375 0.071875 0.178125
0 0.625 0.4671875 0.0625 0.1109375
0 0.60078125 0.39296875 0.05625 0.128125
0 0.5203125 0.41796875 0.0734375 0.153125
0 0.453125 0.4125 0.0625 0.1328125
0 0.46953125 0.3484375 0.04375 0.10625
0 0.384375 0.3125 0.059375 0.1390625
0 0.340625 0.27890625 0.065625 0.1375
0 0.43046875 0.296875 0.05625 0.128125
0 0.46953125 0.24453125 0.0578125 0.1234375
0 0.515625 0.28515625 0.05625 0.159375
0 0.55625 0.36015625 0.059375 0.1671875
0 0.6140625 0.2984375 0.065625 0.11875
0 0.6171875 0.209375 0.075 0.134375
0 0.553125 0.2046875 0.0625 0.15