0 0.11171875 0.275 0.15078125 0.16875
0 0.1046875 0.59921875 0.13203125 0.51484375
0 0.22421875 0.41484375 0.11328125 0.27265625
0 0.33046875 0.5390625 0.1390625 0.3546875
0 0.396875 0.34453125 0.10390625 0.20390625
0 0.61875 0.6515625 0.1625 0.49921875
0 0.71640625 0.39140625 0.08515625 0.20625
0 0.63828125 0.35546875 0.06484375 0.15625
0 0.58203125 0.36796875 0.0734375 0.13125
0 0.7859375 0.4140625 0.078125 0.2234375
0 0.8390625 0.43671875 0.0828125 0.17109375
0 0.91484375 0.5484375 0.1015625 0.4421875