0 0.8765625 0.7703125 0.1125 0.08125
0 0.7875 0.66015625 0.134375 0.090625
0 0.8296875 0.5015625 0.159375 0.0984375
0 0.81015625 0.3765625 0.11875 0.078125
0 0.7875 0.2953125 0.13125 0.084375
0 0.6203125 0.821875 0.1109375 0.08125
0 0.61328125 0.746875 0.121875 0.090625
0 0.61953125 0.5796875 0.1484375 0.08125
0 0.628125 0.43671875 0.14375 0.1
0 0.59765625 0.28828125 0.134375 0.090625
0 0.63359375 0.12421875 0.153125 0.10625
0 0.4484375 0.17734375 0.14375 0.1296875
0 0.446875 0.28046875 0.125 0.1
0 0.47734375 0.4421875 0.146875 0.1203125
0 0.49296875 0.68515625 0.1375 0.103125
0 0.46484375 0.8015625 0.134375 0.1046875
0 0.3734375 0.8671875 0.15625 0.0796875