0 0.3671875 0.725 0.1453125 0.4828125
0 0.21171875 0.634375 0.1140625 0.584375
0 0.55859375 0.69296875 0.1265625 0.51484375
0 0.675 0.59296875 0.10859375 0.4078125
0 0.7640625 0.55234375 0.12109375 0.39921875
0 0.8890625 0.44140625 0.12265625 0.41484375
0 0.76171875 0.30234375 0.08671875 0.2109375
0 0.615625 0.38671875 0.09375 0.1765625
0 0.4859375 0.38984375 0.11328125 0.24921875
0 0.39375 0.42890625 0.08515625 0.18515625
0 0.33125 0.36796875 0.09375 0.21640625
0 0.1796875 0.33046875 0.1140625 0.15859375
0 0.153125 0.2671875 0.1015625 0.1953125
0 0.203125 0.17265625 0.06015625 0.21640625
0 0.33828125 0.23828125 0.09375 0.20390625
0 0.30234375 0.15234375 0.06875 0.13046875
0 0.27578125 0.0734375 0.0765625 0.1078125
0 0.45703125 0.2265625 0.0765625 0.15703125
0 0.51640625 0.16796875 0.08671875 0.196875
0 0.58203125 0.23203125 0.075 0.146875
0 0.6640625 0.184375 0.0640625 0.18984375
0 0.8203125 0.196875 0.053125 0.15703125