0 0.94453125 0.371875 0.1109375 0.74375
0 0.85859375 0.40625 0.121875 0.615625
0 0.71875 0.42578125 0.153125 0.628125
0 0.65390625 0.1703125 0.153125 0.340625
0 0.54375 0.19453125 0.165625 0.3484375
0 0.44140625 0.21328125 0.1046875 0.4265625
0 0.353125 0.22265625 0.121875 0.4015625
0 0.2125 0.19375 0.178125 0.3875
0 0.0734375 0.23828125 0.146875 0.4140625
0 0.14609375 0.5671875 0.1171875 0.315625
0 0.03515625 0.58515625 0.0703125 0.378125
0 0.2390625 0.56484375 0.109375 0.35
0 0.32265625 0.71953125 0.0765625 0.14375
0 0.34921875 0.52890625 0.121875 0.315625
0 0.46171875 0.59375 0.121875 0.353125
0 0.59921875 0.57890625 0.1328125 0.453125