0 0.628125 0.94453125 0.74375 0.1109375
0 0.59375 0.85859375 0.615625 0.121875
0 0.57421875 0.71875 0.628125 0.153125
0 0.8296875 0.65390625 0.340625 0.153125
0 0.80546875 0.54375 0.3484375 0.165625
0 0.78671875 0.44140625 0.4265625 0.1046875
0 0.77734375 0.353125 0.4015625 0.121875
0 0.80625 0.2125 0.3875 0.178125
0 0.76171875 0.0734375 0.4140625 0.146875
0 0.4328125 0.14609375 0.315625 0.1171875
0 0.41484375 0.03515625 0.378125 0.06875
0 0.43515625 0.2390625 0.35 0.109375
0 0.28046875 0.32265625 0.14375 0.0765625
0 0.47109375 0.34921875 0.315625 0.121875
0 0.40625 0.46171875 0.353125 0.121875
0 0.42109375 0.59921875 0.453125 0.1328125