0 0.05546875 0.628125 0.1109375 0.74375
0 0.14140625 0.59375 0.12109375 0.61484375
0 0.28125 0.57421875 0.15234375 0.62890625
0 0.34609375 0.8296875 0.15234375 0.33984375
0 0.45625 0.80546875 0.16484375 0.3484375
0 0.55859375 0.78671875 0.1046875 0.4265625
0 0.646875 0.77734375 0.121875 0.4015625
0 0.7875 0.80625 0.178125 0.3875
0 0.9265625 0.76171875 0.146875 0.4140625
0 0.85390625 0.4328125 0.1171875 0.31484375
0 0.96484375 0.41484375 0.06953125 0.37734375
0 0.7609375 0.43515625 0.109375 0.35078125
0 0.67734375 0.28046875 0.0765625 0.14453125
0 0.65078125 0.47109375 0.121875 0.31484375
0 0.53828125 0.40625 0.12109375 0.35390625
0 0.40078125 0.42109375 0.1328125 0.45390625