0 0.0953125 0.284375 0.15 0.471875
0 0.2625 0.33359375 0.078125 0.303125
0 0.39921875 0.32265625 0.0921875 0.3484375
0 0.5796875 0.31875 0.109375 0.44375
0 0.72421875 0.3234375 0.115625 0.4
0 0.8515625 0.25703125 0.10625 0.43125
0 0.91328125 0.58046875 0.090625 0.415625
0 0.78359375 0.62421875 0.084375 0.3609375
0 0.659375 0.6671875 0.09375 0.315625
0 0.54296875 0.6625 0.071875 0.328125
0 0.428125 0.70234375 0.09375 0.3328125
0 0.33125 0.69453125 0.075 0.265625
0 0.225 0.703125 0.065625 0.3484375
0 0.09921875 0.6703125 0.1 0.2859375