0 0.22265625 0.50703125 0.259375 0.878125
0 0.1046875 0.33984375 0.10078125 0.36171875
0 0.15 0.1125 0.1265625 0.22421875
0 0.08671875 0.065625 0.0703125 0.13125
0 0.06484375 0.1953125 0.12890625 0.390625
0 0.4203125 0.21953125 0.1515625 0.290625
0 0.37890625 0.47421875 0.1890625 0.8359375
0 0.57421875 0.5109375 0.2375 0.92578125
0 0.64609375 0.3421875 0.1078125 0.20390625
0 0.73359375 0.58984375 0.1984375 0.8203125
0 0.71484375 0.20625 0.1 0.18984375
0 0.7296875 0.09765625 0.09453125 0.1953125
0 0.815625 0.20546875 0.11640625 0.26640625
0 0.87265625 0.10859375 0.0734375 0.15625
0 0.93515625 0.1484375 0.1296875 0.29375
0 0.925 0.49609375 0.15 0.49765625