0 0.8140625 0.17734375 0.353125 0.1171875
0 0.4484375 0.18515625 0.378125 0.121875
0 0.43125 0.25703125 0.296875 0.0921875
0 0.2015625 0.25 0.271875 0.084375
0 0.30546875 0.36875 0.30625 0.0796875
0 0.58828125 0.36484375 0.2625 0.1
0 0.5859375 0.475 0.33125 0.096875
0 0.56484375 0.56640625 0.25 0.08125
0 0.5484375 0.6640625 0.2359375 0.09375
0 0.6953125 0.83671875 0.253125 0.1171875
0 0.4453125 0.8140625 0.23125 0.1078125
0 0.25078125 0.76953125 0.196875 0.1046875
0 0.18984375 0.70234375 0.21875 0.1
0 0.19140625 0.5828125 0.278125 0.1046875
0 0.384375 0.528125 0.15 0.05625
0 0.35546875 0.41015625 0.153125 0.1
0 0.17734375 0.46640625 0.175 0.1015625