0 0.53359375 0.6 0.146875 0.090625
0 0.3890625 0.37734375 0.1703125 0.09375
0 0.25625 0.39921875 0.1984375 0.065625
0 0.1984375 0.45390625 0.203125 0.0875
0 0.1 0.53046875 0.1875 0.075
0 0.18359375 0.60234375 0.228125 0.05625
0 0.128125 0.3171875 0.228125 0.103125
0 0.33515625 0.21328125 0.203125 0.121875
0 0.4234375 0.184375 0.196875 0.11875
0 0.4265625 0.06171875 0.128125 0.1234375
0 0.496875 0.06875 0.1484375 0.1375
0 0.59921875 0.20234375 0.15 0.125
0 0.503125 0.265625 0.18125 0.075
0 0.75390625 0.271875 0.1546875 0.109375
0 0.62734375 0.80859375 0.175 0.10625
0 0.4828125 0.90859375 0.16875 0.134375
0 0.78359375 0.896875 0.1625 0.140625