0 0.053125 0.1828125 0.0828125 0.1875
0 0.36875 0.30625 0.065625 0.2
0 0.1515625 0.51484375 0.046875 0.1859375
0 0.06875 0.82265625 0.0484375 0.1265625
0 0.12265625 0.9046875 0.053125 0.1375
0 0.20546875 0.9109375 0.04375 0.121875
0 0.30859375 0.77734375 0.04375 0.08125
0 0.3109375 0.67890625 0.0484375 0.1390625
0 0.38515625 0.709375 0.0546875 0.178125
0 0.40703125 0.5078125 0.059375 0.1796875
0 0.19453125 0.471875 0.0375 0.14375
0 0.21875 0.45078125 0.04375 0.1625
0 0.25625 0.4625 0.040625 0.1328125
0 0.22734375 0.528125 0.03125 0.05
0 0.390625 0.946875 0.0296875 0.0921875
0 0.428125 0.86484375 0.034375 0.1328125
0 0.45390625 0.87578125 0.025 0.13125
0 0.475 0.86796875 0.0296875 0.1375
0 0.496875 0.78515625 0.034375 0.1359375
0 0.528125 0.85234375 0.0359375 0.1375
0 0.47734375 0.96015625 0.03125 0.0796875
0 0.575 0.9078125 0.0375 0.128125
0 0.61640625 0.7984375 0.0328125 0.134375
0 0.6421875 0.8171875 0.0328125 0.16875
0 0.67421875 0.9203125 0.01875 0.075
0 0.69140625 0.94453125 0.025 0.1
0 0.73125 0.88671875 0.0375 0.13125
0 0.73828125 0.96015625 0.025 0.0796875
0 0.8328125 0.9359375 0.01875 0.109375
0 0.8546875 0.93515625 0.025 0.1125
0 0.88671875 0.93046875 0.03125 0.128125
0 0.89140625 0.80390625 0.0390625 0.14375
0 0.9484375 0.81328125 0.0375 0.1328125
0 0.91484375 0.8890625 0.0234375 0.096875
0 0.77109375 0.634375 0.053125 0.1765625
0 0.7875 0.48359375 0.053125 0.16875
0 0.61171875 0.46171875 0.0515625 0.1609375
0 0.76953125 0.2625 0.071875 0.1921875