0 0.19921875 0.3234375 0.0671875 0.13125
0 0.253125 0.40078125 0.06875 0.125
0 0.31875 0.4109375 0.06875 0.125
0 0.35234375 0.33984375 0.078125 0.121875
0 0.4 0.38984375 0.08125 0.121875
0 0.528125 0.37890625 0.096875 0.140625
0 0.63359375 0.33984375 0.0734375 0.115625
0 0.71015625 0.2890625 0.08125 0.140625
0 0.825 0.39609375 0.09375 0.121875
0 0.725 0.5921875 0.1140625 0.15
0 0.57578125 0.55546875 0.1 0.1625
0 0.40625 0.56171875 0.1265625 0.1609375
0 0.2546875 0.5609375 0.10625 0.1609375
0 0.43046875 0.76640625 0.1171875 0.16875