0 0.1265625 0.359375 0.06171875 0.10078125
0 0.215625 0.38203125 0.065625 0.1203125
0 0.26640625 0.36328125 0.05625 0.1140625
0 0.309375 0.37265625 0.06328125 0.11875
0 0.38359375 0.39375 0.06171875 0.1203125
0 0.43046875 0.3890625 0.0546875 0.121875
0 0.4875 0.40546875 0.0484375 0.1140625
0 0.57109375 0.38125 0.04609375 0.10078125
0 0.61953125 0.3265625 0.0578125 0.1109375
0 0.70078125 0.3203125 0.075 0.140625
0 0.76640625 0.328125 0.06953125 0.12890625
0 0.8203125 0.334375 0.078125 0.13359375
0 0.66640625 0.628125 0.07734375 0.1203125
0 0.753125 0.63046875 0.065625 0.121875
0 0.475 0.60234375 0.06640625 0.1125
0 0.3390625 0.63984375 0.07734375 0.1140625
0 0.2609375 0.6265625 0.075 0.12265625
0 0.190625 0.6390625 0.0828125 0.12421875