0 0.6078125 0.77265625 0.125 0.096875
0 0.48828125 0.775 0.125 0.09375
0 0.48671875 0.653125 0.13125 0.0875
0 0.71875 0.71328125 0.121875 0.0875
0 0.7234375 0.6328125 0.128125 0.078125
0 0.7609375 0.58203125 0.09375 0.059375
0 0.7171875 0.53359375 0.1140625 0.08125
0 0.74609375 0.4578125 0.103125 0.075
0 0.73125 0.3421875 0.1140625 0.0703125
0 0.47734375 0.446875 0.1203125 0.0890625
0 0.44140625 0.54375 0.1328125 0.090625
0 0.48984375 0.32421875 0.15 0.090625
0 0.43515625 0.21015625 0.140625 0.084375