0 0.22734375 0.3921875 0.096875 0.12421875
0 0.225 0.51171875 0.09296875 0.12578125
0 0.346875 0.51328125 0.08671875 0.13046875
0 0.28671875 0.28125 0.0875 0.12265625
0 0.3671875 0.2765625 0.07890625 0.12734375
0 0.41796875 0.2390625 0.05859375 0.09375
0 0.46640625 0.2828125 0.08046875 0.1140625
0 0.5421875 0.25390625 0.075 0.10234375
0 0.6578125 0.26875 0.0703125 0.1140625
0 0.553125 0.52265625 0.0890625 0.1203125
0 0.45625 0.55859375 0.08984375 0.1328125
0 0.67578125 0.51015625 0.09140625 0.14921875
0 0.78984375 0.56484375 0.084375 0.140625