0 0.2046875 0.44140625 0.328125 0.1359375
0 0.4078125 0.48515625 0.228125 0.096875
0 0.4265625 0.37578125 0.240625 0.109375
0 0.78125 0.35703125 0.228125 0.084375
0 0.79375 0.18046875 0.303125 0.11875
0 0.8234375 0.45078125 0.14375 0.0796875
0 0.6875 0.4515625 0.225 0.0921875
0 0.57421875 0.5046875 0.2046875 0.10625
0 0.57421875 0.6046875 0.221875 0.1
0 0.728125 0.56953125 0.1375 0.065625
0 0.82734375 0.55546875 0.128125 0.059375
0 0.875 0.65703125 0.2 0.0859375
0 0.7140625 0.675 0.2125 0.0890625
0 0.6046875 0.71640625 0.253125 0.096875
0 0.64296875 0.85625 0.25 0.134375
0 0.76484375 0.80703125 0.21875 0.0921875