0 0.44140625 0.7953125 0.1359375 0.32890625
0 0.48515625 0.5921875 0.09609375 0.22734375
0 0.37578125 0.5734375 0.109375 0.23984375
0 0.35703125 0.21875 0.084375 0.22734375
0 0.18046875 0.20625 0.11875 0.30234375
0 0.45078125 0.1765625 0.0796875 0.14375
0 0.4515625 0.3125 0.0921875 0.22421875
0 0.5046875 0.42578125 0.10546875 0.2046875
0 0.6046875 0.42578125 0.1 0.221875
0 0.56953125 0.271875 0.06640625 0.13828125
0 0.55546875 0.17265625 0.06015625 0.128125
0 0.65703125 0.125 0.08515625 0.20078125
0 0.675 0.2859375 0.0890625 0.21328125
0 0.71640625 0.3953125 0.09765625 0.25390625
0 0.85625 0.35703125 0.13359375 0.24921875
0 0.80703125 0.23515625 0.0921875 0.21875