0 0.28828125 0.759375 0.084375 0.271875
0 0.44609375 0.7015625 0.06875 0.315625
0 0.31953125 0.45234375 0.078125 0.2328125
0 0.175 0.44609375 0.0875 0.296875
0 0.25625 0.2453125 0.08125 0.2
0 0.3703125 0.2375 0.071875 0.240625
0 0.40546875 0.12890625 0.09375 0.16875
0 0.48046875 0.2046875 0.0875 0.25625
0 0.565625 0.2578125 0.0875 0.175
0 0.44296875 0.45546875 0.096875 0.215625
0 0.56953125 0.45234375 0.084375 0.3125
0 0.54921875 0.3296875 0.075 0.165625
0 0.6703125 0.215625 0.096875 0.2234375
0 0.6765625 0.44296875 0.121875 0.2765625
0 0.61796875 0.68125 0.0890625 0.328125
0 0.77890625 0.71796875 0.075 0.259375
0 0.86015625 0.5 0.1109375 0.328125
0 0.77265625 0.34140625 0.109375 0.215625
0 0.77734375 0.21875 0.0765625 0.175