0 0.27578125 0.65703125 0.121875 0.0734375
0 0.296875 0.5828125 0.125 0.059375
0 0.2640625 0.46328125 0.1125 0.065625
0 0.31796875 0.3921875 0.140625 0.075
0 0.2984375 0.30703125 0.109375 0.084375
0 0.459375 0.484375 0.1140625 0.08125
0 0.4859375 0.41640625 0.1171875 0.0671875
0 0.48359375 0.3375 0.11875 0.0703125
0 0.4828125 0.271875 0.109375 0.071875
0 0.5953125 0.25703125 0.090625 0.0625
0 0.61796875 0.090625 0.1015625 0.0890625
0 0.6515625 0.18828125 0.1125 0.0875
0 0.7046875 0.25234375 0.0953125 0.065625
0 0.67265625 0.32578125 0.09375 0.059375
0 0.63359375 0.3578125 0.10625 0.078125
0 0.6609375 0.4125 0.090625 0.0625
0 0.6125 0.4625 0.109375 0.0671875
0 0.66328125 0.50546875 0.09375 0.059375
0 0.67578125 0.596875 0.0953125 0.0703125
0 0.5953125 0.565625 0.1 0.065625
0 0.615625 0.6578125 0.0875 0.0609375
0 0.5453125 0.67109375 0.10625 0.0625
0 0.46796875 0.6265625 0.121875 0.0828125
0 0.44765625 0.7015625 0.103125 0.084375
0 0.60703125 0.73671875 0.109375 0.075
0 0.60546875 0.8171875 0.1125 0.0625
0 0.63671875 0.8875 0.109375 0.0671875
0 0.59453125 0.9515625 0.121875 0.0828125