0 0.27578125 0.34296875 0.121875 0.0734375
0 0.296875 0.4171875 0.125 0.059375
0 0.2640625 0.53671875 0.1125 0.065625
0 0.31796875 0.6078125 0.140625 0.075
0 0.2984375 0.69296875 0.109375 0.084375
0 0.459375 0.515625 0.1140625 0.08125
0 0.4859375 0.58359375 0.1171875 0.0671875
0 0.48359375 0.6625 0.11875 0.0703125
0 0.4828125 0.728125 0.109375 0.071875
0 0.5953125 0.74296875 0.090625 0.0625
0 0.61796875 0.909375 0.1015625 0.0890625
0 0.6515625 0.81171875 0.1125 0.0875
0 0.7046875 0.74765625 0.0953125 0.065625
0 0.67265625 0.67421875 0.09375 0.059375
0 0.63359375 0.6421875 0.10625 0.078125
0 0.6609375 0.5875 0.090625 0.0625
0 0.6125 0.5375 0.109375 0.0671875
0 0.66328125 0.49453125 0.09375 0.059375
0 0.67578125 0.403125 0.0953125 0.0703125
0 0.5953125 0.434375 0.1 0.065625
0 0.615625 0.3421875 0.0875 0.0609375
0 0.5453125 0.32890625 0.10625 0.0625
0 0.46796875 0.3734375 0.121875 0.0828125
0 0.44765625 0.2984375 0.103125 0.084375
0 0.60703125 0.26328125 0.109375 0.075
0 0.60546875 0.1828125 0.1125 0.0625
0 0.63671875 0.1125 0.109375 0.0671875
0 0.59453125 0.0484375 0.121875 0.0828125