0 0.34609375 0.790625 0.1421875 0.41875
0 0.52109375 0.7671875 0.13828125 0.45546875
0 0.6890625 0.66484375 0.12265625 0.4
0 0.86953125 0.6984375 0.146875 0.4296875
0 0.11796875 0.56015625 0.11015625 0.80703125
0 0.24140625 0.43125 0.0921875 0.42421875
0 0.3640625 0.3453125 0.08359375 0.3109375
0 0.478125 0.3890625 0.12265625 0.3046875
0 0.56796875 0.29296875 0.0921875 0.20625
0 0.64140625 0.33984375 0.12421875 0.2140625
0 0.72578125 0.31875 0.07421875 0.25859375
0 0.79296875 0.2703125 0.06875 0.23984375
0 0.878125 0.278125 0.090625 0.21796875
0 0.93203125 0.2578125 0.0640625 0.28828125
0 0.4046875 0.12109375 0.10625 0.21953125
0 0.4625 0.225 0.06875 0.1640625
0 0.27578125 0.09765625 0.1046875 0.1953125