0 0.34609375 0.209375 0.1421875 0.41875
0 0.52109375 0.2328125 0.1390625 0.45625
0 0.6890625 0.33515625 0.1234375 0.4
0 0.86953125 0.3015625 0.146875 0.4296875
0 0.11796875 0.43984375 0.1109375 0.80625
0 0.24140625 0.56875 0.0921875 0.425
0 0.3640625 0.6546875 0.084375 0.3109375
0 0.478125 0.6109375 0.121875 0.3046875
0 0.56796875 0.70703125 0.0921875 0.20625
0 0.64140625 0.66015625 0.125 0.2140625
0 0.72578125 0.68125 0.075 0.259375
0 0.79296875 0.7296875 0.06875 0.240625
0 0.878125 0.721875 0.090625 0.21875
0 0.93203125 0.7421875 0.0640625 0.2890625
0 0.4046875 0.87890625 0.10625 0.21875
0 0.4625 0.775 0.06875 0.1640625
0 0.27578125 0.90234375 0.1046875 0.1953125