0 0.0875 0.30859375 0.103125 0.1671875
0 0.19765625 0.3390625 0.1171875 0.1609375
0 0.16875 0.50546875 0.1375 0.1984375
0 0.290625 0.57265625 0.109375 0.1796875
0 0.2875 0.43125 0.0953125 0.1734375
0 0.23515625 0.25703125 0.08125 0.1203125
0 0.371875 0.22578125 0.08125 0.1328125
0 0.45703125 0.27109375 0.0921875 0.125
0 0.4921875 0.375 0.103125 0.14375
0 0.578125 0.34921875 0.08125 0.134375
0 0.6484375 0.346875 0.075 0.13125
0 0.72109375 0.39609375 0.090625 0.15
0 0.646875 0.52734375 0.115625 0.171875
0 0.46796875 0.53515625 0.1359375 0.18125
0 0.81484375 0.21328125 0.13125 0.1921875