0 0.13203125 0.5921875 0.16875 0.6015625
0 0.09140625 0.32734375 0.09296875 0.209375
0 0.2234375 0.4078125 0.1703125 0.33515625
0 0.3078125 0.4234375 0.22578125 0.45703125
0 0.3859375 0.63828125 0.19140625 0.7234375
0 0.43046875 0.27578125 0.1359375 0.259375
0 0.509375 0.5953125 0.196875 0.7390625
0 0.628125 0.58359375 0.1703125 0.725
0 0.725 0.58671875 0.1765625 0.78046875
0 0.8140625 0.4171875 0.0953125 0.4421875
0 0.88046875 0.403125 0.0734375 0.3765625
0 0.94453125 0.35234375 0.096875 0.4234375