0 0.940625 0.371875 0.078125 0.0984375
0 0.9546875 0.46171875 0.059375 0.0875
0 0.84609375 0.41640625 0.05625 0.084375
0 0.8484375 0.54140625 0.08125 0.090625
0 0.77265625 0.3765625 0.05625 0.0828125
0 0.6703125 0.3796875 0.05625 0.1
0 0.71640625 0.57578125 0.0625 0.09375
0 0.5765625 0.559375 0.0625 0.090625
0 0.6015625 0.390625 0.0625 0.115625
0 0.50703125 0.4140625 0.065625 0.0953125
0 0.459375 0.53671875 0.071875 0.10625
0 0.4296875 0.409375 0.05625 0.10625
0 0.325 0.3859375 0.0671875 0.09375
0 0.24609375 0.41171875 0.05625 0.096875
0 0.17734375 0.39296875 0.0671875 0.103125
0 0.06484375 0.40078125 0.06875 0.090625
0 0.2234375 0.57734375 0.071875 0.103125
0 0.34375 0.57421875 0.0875 0.1125