0 0.88515625 0.56875 0.0828125 0.1328125
0 0.775 0.50703125 0.06875 0.1171875
0 0.5671875 0.475 0.0765625 0.115625
0 0.425 0.4453125 0.075 0.11875
0 0.28828125 0.45703125 0.071875 0.11875
0 0.14765625 0.459375 0.0890625 0.13125
0 0.13203125 0.78125 0.0796875 0.1328125
0 0.36015625 0.78515625 0.05625 0.121875
0 0.2734375 0.78046875 0.071875 0.121875
0 0.31796875 0.68671875 0.075 0.115625
0 0.40078125 0.703125 0.06875 0.134375
0 0.48515625 0.7390625 0.071875 0.125
0 0.56796875 0.70859375 0.0734375 0.125
0 0.63046875 0.76328125 0.06875 0.115625
0 0.7234375 0.77890625 0.08125 0.115625
0 0.81171875 0.68359375 0.078125 0.11875