0 0.43125 0.11484375 0.1328125 0.0828125
0 0.49296875 0.225 0.1171875 0.06875
0 0.525 0.4328125 0.115625 0.0765625
0 0.5546875 0.575 0.11875 0.075
0 0.54296875 0.71171875 0.11875 0.071875
0 0.540625 0.85234375 0.13125 0.0890625
0 0.21875 0.86796875 0.1328125 0.0796875
0 0.21484375 0.63984375 0.121875 0.05625
0 0.21953125 0.7265625 0.121875 0.071875
0 0.31328125 0.68203125 0.115625 0.075
0 0.296875 0.59921875 0.134375 0.06875
0 0.2609375 0.51484375 0.125 0.071875
0 0.29140625 0.43203125 0.125 0.0734375
0 0.23671875 0.36953125 0.115625 0.06875
0 0.22109375 0.2765625 0.115625 0.08125
0 0.31640625 0.18828125 0.11875 0.078125