0 0.68515625 0.7015625 0.1203125 0.0875
0 0.7328125 0.5984375 0.15 0.0765625
0 0.7890625 0.521875 0.1171875 0.0578125
0 0.73828125 0.39609375 0.1140625 0.1
0 0.5578125 0.72734375 0.103125 0.075
0 0.48046875 0.821875 0.159375 0.09375
0 0.3375 0.6109375 0.13125 0.090625
0 0.459375 0.62578125 0.125 0.0625
0 0.55546875 0.653125 0.096875 0.053125
0 0.49609375 0.5796875 0.109375 0.059375
0 0.553125 0.52734375 0.1 0.065625
0 0.50390625 0.4953125 0.1 0.065625
0 0.3296875 0.46640625 0.1171875 0.084375
0 0.24140625 0.4953125 0.153125 0.103125
0 0.278125 0.3796875 0.153125 0.0875
0 0.35703125 0.3625 0.11875 0.0734375
0 0.31328125 0.28984375 0.134375 0.0734375
0 0.26875 0.23515625 0.165625 0.090625
0 0.16328125 0.0796875 0.15 0.071875
0 0.6359375 0.17890625 0.1140625 0.0625
0 0.63828125 0.28203125 0.125 0.075
0 0.621875 0.3875 0.109375 0.0703125
0 0.67578125 0.48203125 0.109375 0.059375