0 0.2015625 0.678125 0.146875 0.0828125
0 0.315625 0.71640625 0.125 0.078125
0 0.6109375 0.7234375 0.15 0.1015625
0 0.3265625 0.59140625 0.1203125 0.0625
0 0.1765625 0.54609375 0.1453125 0.0765625
0 0.61796875 0.54921875 0.14375 0.078125
0 0.45859375 0.478125 0.103125 0.0625
0 0.32265625 0.4578125 0.1421875 0.0703125
0 0.18515625 0.4734375 0.11875 0.0625
0 0.1203125 0.31171875 0.140625 0.096875
0 0.28515625 0.346875 0.115625 0.0796875
0 0.40078125 0.3875 0.103125 0.059375
0 0.48125 0.32890625 0.178125 0.096875
0 0.6875 0.42734375 0.1390625 0.075