0 0.2390625 0.1234375 0.1828125 0.0953125
0 0.2671875 0.1984375 0.1546875 0.078125
0 0.27421875 0.24921875 0.134375 0.059375
0 0.296875 0.35546875 0.159375 0.071875
0 0.278125 0.4203125 0.15 0.06875
0 0.309375 0.49609375 0.11875 0.06875
0 0.26640625 0.5609375 0.159375 0.05625
0 0.3 0.6109375 0.1375 0.0640625
0 0.253125 0.69296875 0.140625 0.0765625
0 0.29453125 0.7875 0.121875 0.078125
0 0.328125 0.8578125 0.1359375 0.0609375
0 0.246875 0.9078125 0.175 0.0953125
0 0.69375 0.7625 0.1546875 0.10625
0 0.70078125 0.56328125 0.16875 0.109375
0 0.58203125 0.3921875 0.1625 0.103125