0 0.1453125 0.428125 0.0765625 0.1421875
0 0.20390625 0.4421875 0.06328125 0.12890625
0 0.28828125 0.45625 0.06328125 0.11875
0 0.2984375 0.31796875 0.06171875 0.10546875
0 0.35625 0.24375 0.065625 0.10703125
0 0.41953125 0.35234375 0.06171875 0.11875
0 0.34609375 0.5 0.059375 0.1125
0 0.46953125 0.2953125 0.0578125 0.1125
0 0.546875 0.2734375 0.05625 0.1109375
0 0.60078125 0.303125 0.05390625 0.12578125
0 0.546875 0.46796875 0.05859375 0.08671875
0 0.63515625 0.45078125 0.065625 0.134375
0 0.69140625 0.503125 0.07421875 0.13046875
0 0.69140625 0.375 0.078125 0.1109375
0 0.80234375 0.3515625 0.07109375 0.13203125