0 0.8546875 0.571875 0.0765625 0.1421875
0 0.79609375 0.5578125 0.0625 0.128125
0 0.71171875 0.54375 0.0625 0.11875
0 0.7015625 0.68203125 0.0625 0.10625
0 0.64375 0.75625 0.065625 0.10625
0 0.58046875 0.64765625 0.0625 0.11875
0 0.65390625 0.5 0.059375 0.1125
0 0.53046875 0.7046875 0.0578125 0.1125
0 0.453125 0.7265625 0.05625 0.1109375
0 0.39921875 0.696875 0.053125 0.125
0 0.453125 0.53203125 0.059375 0.0875
0 0.36484375 0.54921875 0.065625 0.134375
0 0.30859375 0.496875 0.075 0.13125
0 0.30859375 0.625 0.078125 0.1109375
0 0.19765625 0.6484375 0.071875 0.13125