0 0.303125 0.1515625 0.1375 0.18203125
0 0.19296875 0.4546875 0.10078125 0.22109375
0 0.084375 0.41796875 0.096875 0.1765625
0 0.32890625 0.41875 0.08828125 0.12890625
0 0.32890625 0.55546875 0.15078125 0.20390625
0 0.36875 0.34296875 0.090625 0.16640625
0 0.465625 0.20625 0.08125 0.171875
0 0.6515625 0.22578125 0.08359375 0.1421875
0 0.50390625 0.4328125 0.096875 0.159375
0 0.553125 0.3921875 0.06484375 0.14765625
0 0.609375 0.50390625 0.10078125 0.19375
0 0.77109375 0.440625 0.12109375 0.2234375
0 0.77265625 0.26328125 0.0859375 0.19921875