0 0.90703125 0.4046875 0.090625 0.125
0 0.865625 0.18125 0.0640625 0.103125
0 0.7359375 0.1546875 0.0703125 0.1171875
0 0.61796875 0.24765625 0.059375 0.11875
0 0.56328125 0.16953125 0.06875 0.1109375
0 0.45390625 0.2203125 0.0625 0.1109375
0 0.37265625 0.16484375 0.065625 0.125
0 0.2609375 0.203125 0.0625 0.115625
0 0.1421875 0.20390625 0.065625 0.1203125
0 0.1453125 0.50703125 0.059375 0.1390625
0 0.04921875 0.384375 0.071875 0.128125
0 0.31875 0.51171875 0.0734375 0.1
0 0.3984375 0.49296875 0.0859375 0.09375
0 0.5140625 0.4078125 0.0703125 0.1109375
0 0.64296875 0.440625 0.065625 0.103125
0 0.7640625 0.490625 0.0640625 0.0921875