0 0.10234375 0.409375 0.07734375 0.115625
0 0.20390625 0.4421875 0.0671875 0.10859375
0 0.11640625 0.61015625 0.08671875 0.12265625
0 0.25625 0.60546875 0.07890625 0.11171875
0 0.28125 0.47890625 0.0671875 0.10703125
0 0.3796875 0.4625 0.0671875 0.10859375
0 0.3609375 0.60703125 0.0953125 0.1140625
0 0.4625 0.5875 0.06875 0.11015625
0 0.45546875 0.40546875 0.0640625 0.10546875
0 0.578125 0.40078125 0.07265625 0.1125
0 0.56953125 0.58671875 0.05859375 0.096875
0 0.62265625 0.603125 0.06328125 0.10703125
0 0.6625 0.43671875 0.053125 0.10703125
0 0.75 0.42734375 0.0640625 0.10859375
0 0.7234375 0.60625 0.07265625 0.115625
0 0.8625 0.57109375 0.0828125 0.1203125
0 0.82734375 0.453125 0.0578125 0.10390625
0 0.90234375 0.4453125 0.0703125 0.10703125