0 0.76875 0.10234375 0.1125 0.0734375
0 0.78046875 0.21015625 0.121875 0.075
0 0.75390625 0.2859375 0.084375 0.075
0 0.78125 0.371875 0.090625 0.071875
0 0.78515625 0.4625 0.1 0.0625
0 0.7234375 0.5046875 0.09375 0.065625
0 0.77890625 0.5375 0.1015625 0.059375
0 0.76484375 0.6078125 0.109375 0.06875
0 0.73359375 0.67734375 0.1015625 0.059375
0 0.76015625 0.7515625 0.10625 0.0640625
0 0.74375 0.86171875 0.0953125 0.078125
0 0.471875 0.790625 0.115625 0.0875
0 0.48125 0.70546875 0.10625 0.06875
0 0.4875 0.63984375 0.10625 0.0640625
0 0.521875 0.51875 0.10625 0.078125
0 0.53203125 0.45 0.1 0.065625
0 0.56484375 0.384375 0.10625 0.059375
0 0.55859375 0.28125 0.103125 0.08125
0 0.57109375 0.1515625 0.1125 0.08125