0 0.8046875 0.72421875 0.1390625 0.084375
0 0.8 0.640625 0.134375 0.0671875
0 0.4875 0.7953125 0.1515625 0.103125
0 0.43515625 0.63671875 0.134375 0.0890625
0 0.46484375 0.52265625 0.115625 0.06875
0 0.4875 0.44375 0.13125 0.103125
0 0.4875 0.36796875 0.128125 0.0640625
0 0.50078125 0.28203125 0.109375 0.0671875
0 0.48046875 0.2265625 0.1125 0.065625
0 0.49296875 0.159375 0.09375 0.0640625
0 0.8109375 0.4921875 0.1203125 0.0609375
0 0.78203125 0.43984375 0.1125 0.0640625
0 0.734375 0.365625 0.109375 0.06875
0 0.72578125 0.278125 0.103125 0.078125
0 0.75703125 0.18203125 0.090625 0.0609375