0 0.2203125 0.41875 0.103125 0.17890625
0 0.3046875 0.453125 0.08515625 0.225
0 0.34140625 0.38671875 0.04296875 0.0890625
0 0.37265625 0.37578125 0.05 0.10390625
0 0.4046875 0.3859375 0.05546875 0.10234375
0 0.45 0.4203125 0.0625 0.10078125
0 0.459375 0.3453125 0.0515625 0.05390625
0 0.52734375 0.37578125 0.053125 0.05234375
0 0.51484375 0.42421875 0.0671875 0.08203125
0 0.5859375 0.4671875 0.0640625 0.18984375
0 0.64921875 0.65234375 0.11015625 0.46328125
0 0.66640625 0.4265625 0.07109375 0.15078125
0 0.74375 0.62109375 0.11171875 0.53203125
0 0.4984375 0.70703125 0.10859375 0.33515625
0 0.40390625 0.74140625 0.08203125 0.2546875
0 0.3171875 0.7265625 0.09921875 0.284375
0 0.22421875 0.71328125 0.12421875 0.3515625