0 0.8765625 0.7515625 0.10625 0.1625
0 0.75546875 0.73515625 0.115625 0.15625
0 0.6046875 0.734375 0.103125 0.14375
0 0.4859375 0.7390625 0.084375 0.140625
0 0.3515625 0.75 0.078125 0.128125
0 0.2640625 0.76328125 0.090625 0.15
0 0.13984375 0.740625 0.10625 0.159375
0 0.796875 0.49375 0.0859375 0.1296875
0 0.828125 0.328125 0.128125 0.171875
0 0.65078125 0.43984375 0.109375 0.171875
0 0.503125 0.4109375 0.115625 0.15625
0 0.3078125 0.459375 0.0953125 0.1375
0 0.1390625 0.44765625 0.0921875 0.159375