0 0.15 0.203125 0.10390625 0.14609375
0 0.15703125 0.365625 0.0890625 0.1515625
0 0.30078125 0.278125 0.07890625 0.11015625
0 0.278125 0.38125 0.078125 0.10546875
0 0.33046875 0.34375 0.0578125 0.096875
0 0.353125 0.4046875 0.0640625 0.1
0 0.240625 0.615625 0.08046875 0.13203125
0 0.30078125 0.4953125 0.06484375 0.12890625
0 0.3859375 0.50234375 0.06328125 0.08984375
0 0.4109375 0.3953125 0.046875 0.08984375
0 0.45546875 0.33671875 0.0640625 0.10546875
0 0.51015625 0.19609375 0.0609375 0.1171875
0 0.56328125 0.17109375 0.05390625 0.08984375
0 0.6109375 0.1953125 0.0671875 0.09296875
0 0.671875 0.1671875 0.0671875 0.0765625
0 0.7109375 0.21015625 0.07578125 0.0796875
0 0.78828125 0.25390625 0.08359375 0.1171875
0 0.7515625 0.49296875 0.075 0.11171875
0 0.68515625 0.49140625 0.0640625 0.10546875
0 0.61171875 0.4796875 0.05859375 0.10859375
0 0.55234375 0.475 0.05859375 0.09140625
0 0.5046875 0.43359375 0.071875 0.09140625
0 0.4796875 0.4875 0.08046875 0.08671875
0 0.4734375 0.56953125 0.09140625 0.1