0 0.09921875 0.48984375 0.096875 0.1171875
0 0.140625 0.384375 0.0703125 0.084375
0 0.265625 0.33359375 0.08671875 0.09765625
0 0.21484375 0.50078125 0.07890625 0.1359375
0 0.2765625 0.453125 0.05546875 0.0921875
0 0.35 0.4109375 0.06640625 0.1140625
0 0.396875 0.36328125 0.0609375 0.0921875
0 0.403125 0.490625 0.07421875 0.1125
0 0.521875 0.48515625 0.0625 0.1171875
0 0.4546875 0.37421875 0.05703125 0.09921875
0 0.49296875 0.3875 0.07109375 0.09609375
0 0.56640625 0.38046875 0.05546875 0.0921875
0 0.5953125 0.3125 0.06015625 0.10078125
0 0.66953125 0.37421875 0.071875 0.07578125
0 0.67109375 0.44921875 0.084375 0.1125
0 0.8234375 0.44140625 0.078125 0.09765625
0 0.82734375 0.31015625 0.0703125 0.09296875