0 0.11953125 0.38671875 0.1359375 0.24140625
0 0.215625 0.2546875 0.0984375 0.16796875
0 0.32578125 0.28125 0.07265625 0.12265625
0 0.26484375 0.34765625 0.09765625 0.14921875
0 0.21953125 0.4953125 0.08125 0.10546875
0 0.17421875 0.540625 0.0921875 0.1140625
0 0.28671875 0.565625 0.096875 0.1359375
0 0.38359375 0.54296875 0.06875 0.1171875
0 0.45 0.4796875 0.07265625 0.1515625
0 0.52421875 0.4625 0.071875 0.1203125
0 0.45546875 0.35546875 0.06171875 0.10546875
0 0.37890625 0.32734375 0.07890625 0.1390625
0 0.44296875 0.24140625 0.08046875 0.121875
0 0.5015625 0.359375 0.06640625 0.09375
0 0.57421875 0.41484375 0.0921875 0.1359375
0 0.6109375 0.53359375 0.0390625 0.11015625
0 0.65390625 0.5234375 0.053125 0.10390625
0 0.721875 0.48671875 0.0859375 0.134375
0 0.834375 0.39609375 0.134375 0.153125