0 0.38671875 0.88046875 0.240625 0.1359375
0 0.2546875 0.784375 0.16875 0.0984375
0 0.28125 0.67421875 0.121875 0.071875
0 0.34765625 0.73515625 0.15 0.096875
0 0.4953125 0.78046875 0.10625 0.08125
0 0.540625 0.82578125 0.1140625 0.0921875
0 0.565625 0.71328125 0.1359375 0.096875
0 0.54296875 0.61640625 0.1171875 0.06875
0 0.4796875 0.55 0.1515625 0.071875
0 0.4625 0.47578125 0.1203125 0.071875
0 0.35546875 0.54453125 0.10625 0.0625
0 0.32734375 0.62109375 0.1390625 0.078125
0 0.24140625 0.55703125 0.121875 0.08125
0 0.359375 0.4984375 0.09375 0.065625
0 0.41484375 0.42578125 0.1359375 0.0921875
0 0.53359375 0.3890625 0.109375 0.0390625
0 0.5234375 0.34609375 0.103125 0.053125
0 0.48671875 0.278125 0.134375 0.0859375
0 0.39609375 0.165625 0.153125 0.134375