0 0.35859375 0.1359375 0.4640625 0.10625
0 0.71171875 0.153125 0.309375 0.071875
0 0.7953125 0.0796875 0.384375 0.075
0 0.665625 0.21875 0.3125 0.0828125
0 0.60078125 0.275 0.3 0.053125
0 0.284375 0.275 0.359375 0.0671875
0 0.3265625 0.36640625 0.3234375 0.078125
0 0.51640625 0.39140625 0.21875 0.0765625
0 0.5484375 0.4703125 0.190625 0.071875
0 0.28046875 0.45546875 0.3375 0.0484375
0 0.2921875 0.54453125 0.284375 0.0734375
0 0.54921875 0.60546875 0.265625 0.06875
0 0.35078125 0.675 0.225 0.046875
0 0.26796875 0.75703125 0.271875 0.08125
0 0.42109375 0.775 0.134375 0.05625
0 0.60703125 0.86640625 0.384375 0.0828125
0 0.65859375 0.9328125 0.35625 0.090625
0 0.68515625 0.79140625 0.259375 0.096875
0 0.896875 0.771875 0.16875 0.09375