0 0.66796875 0.37734375 0.15 0.7546875
0 0.54375 0.36328125 0.171875 0.7265625
0 0.3984375 0.38046875 0.13125 0.709375
0 0.278125 0.6640625 0.140625 0.365625
0 0.36015625 0.69375 0.0609375 0.190625
0 0.35703125 0.85 0.0671875 0.165625
0 0.3984375 0.8296875 0.065625 0.0890625
0 0.415625 0.73671875 0.0875 0.146875
0 0.4671875 0.6890625 0.06875 0.178125
0 0.471875 0.78828125 0.0890625 0.165625
0 0.53828125 0.7578125 0.065625 0.196875
0 0.57109375 0.759375 0.046875 0.159375
0 0.60859375 0.7890625 0.04375 0.1515625
0 0.6734375 0.77734375 0.1125 0.2