0 0.109375 0.4171875 0.159375 0.6609375
0 0.228125 0.4421875 0.1078125 0.640625
0 0.340625 0.3765625 0.1 0.675
0 0.309375 0.79140625 0.128125 0.2125
0 0.42109375 0.675 0.0953125 0.2625
0 0.4921875 0.38046875 0.1125 0.525
0 0.50859375 0.6671875 0.1375 0.1890625
0 0.51484375 0.78203125 0.1 0.16875
0 0.60234375 0.49765625 0.14375 0.76875
0 0.6734375 0.815625 0.1296875 0.221875
0 0.728125 0.47890625 0.1171875 0.715625
0 0.8703125 0.51171875 0.0984375 0.6796875
0 0.8078125 0.49140625 0.08125 0.7
0 0.9546875 0.5125 0.090625 0.6796875