0 0.85234375 0.5890625 0.125 0.821875
0 0.73515625 0.44453125 0.09609375 0.2765625
0 0.6671875 0.58125 0.115625 0.684375
0 0.7875 0.32265625 0.11171875 0.2359375
0 0.721875 0.20390625 0.06015625 0.14296875
0 0.65 0.2203125 0.06171875 0.09296875
0 0.52890625 0.203125 0.11328125 0.10625
0 0.43046875 0.56171875 0.11484375 0.696875
0 0.58203125 0.6 0.0984375 0.74765625
0 0.5171875 0.471875 0.06328125 0.33046875
0 0.40703125 0.2015625 0.08671875 0.17265625
0 0.31328125 0.5828125 0.146875 0.76484375
0 0.3 0.203125 0.0859375 0.1703125
0 0.22265625 0.575 0.1265625 0.7671875
0 0.178125 0.2640625 0.11875 0.22421875
0 0.071875 0.44453125 0.14375 0.496875