0 0.08515625 0.77109375 0.1703125 0.4578125
0 0.22578125 0.78984375 0.2328125 0.4203125
0 0.41171875 0.78203125 0.1734375 0.43515625
0 0.575 0.79765625 0.20546875 0.4046875
0 0.790625 0.79296875 0.24921875 0.4140625
0 0.72578125 0.46953125 0.2140625 0.3390625
0 0.57734375 0.446875 0.2109375 0.3765625
0 0.41171875 0.42265625 0.19140625 0.38359375
0 0.246875 0.359375 0.21640625 0.42265625
0 0.45 0.175 0.10078125 0.31953125
0 0.584375 0.1875 0.1796875 0.2390625
0 0.746875 0.2609375 0.21015625 0.290625