0 0.31328125 0.51796875 0.14765625 0.234375
0 0.0671875 0.665625 0.134375 0.153125
0 0.6359375 0.30546875 0.10703125 0.17890625
0 0.6578125 0.4421875 0.10390625 0.18671875
0 0.7078125 0.21640625 0.078125 0.23046875
0 0.71953125 0.1 0.06328125 0.11328125
0 0.78125 0.065625 0.07421875 0.13046875
0 0.8796875 0.1546875 0.05703125 0.25
0 0.93046875 0.0515625 0.04609375 0.0796875
0 0.853125 0.7015625 0.15546875 0.23984375
0 0.36640625 0.69140625 0.11640625 0.109375
0 0.371875 0.80234375 0.13046875 0.0890625
0 0.41484375 0.91953125 0.16875 0.12890625