0 0.51796875 0.31328125 0.234375 0.146875
0 0.665625 0.0671875 0.153125 0.134375
0 0.30546875 0.6359375 0.178125 0.10625
0 0.4421875 0.6578125 0.1875 0.103125
0 0.21640625 0.7078125 0.23125 0.078125
0 0.1 0.71953125 0.1125 0.0640625
0 0.065625 0.78125 0.13125 0.075
0 0.1546875 0.8796875 0.25 0.0578125
0 0.0515625 0.93046875 0.0796875 0.046875
0 0.7015625 0.853125 0.240625 0.15625
0 0.69140625 0.36640625 0.109375 0.115625
0 0.80234375 0.371875 0.0890625 0.13125
0 0.91953125 0.41484375 0.128125 0.16875