0 0.68671875 0.51796875 0.146875 0.234375
0 0.9328125 0.665625 0.134375 0.153125
0 0.3640625 0.30546875 0.1078125 0.178125
0 0.3421875 0.4421875 0.103125 0.1875
0 0.2921875 0.21640625 0.078125 0.23125
0 0.28046875 0.1 0.0625 0.1125
0 0.21875 0.065625 0.075 0.13125
0 0.1203125 0.1546875 0.0578125 0.25
0 0.06953125 0.0515625 0.046875 0.0796875
0 0.146875 0.7015625 0.15625 0.240625
0 0.63359375 0.69140625 0.115625 0.109375
0 0.628125 0.80234375 0.13125 0.0890625
0 0.58515625 0.91953125 0.16875 0.128125