0 0.37734375 0.66484375 0.1625 0.09375
0 0.25703125 0.57109375 0.1875 0.0625
0 0.1875 0.528125 0.196875 0.0625
0 0.1796875 0.3734375 0.209375 0.103125
0 0.09609375 0.48984375 0.1921875 0.071875
0 0.07578125 0.70390625 0.15 0.1
0 0.13671875 0.73984375 0.221875 0.103125
0 0.3296875 0.81171875 0.1875 0.1296875
0 0.40859375 0.8453125 0.175 0.115625
0 0.5046875 0.7578125 0.18125 0.115625
0 0.6796875 0.7078125 0.171875 0.09375
0 0.578125 0.84765625 0.184375 0.13125
0 0.453125 0.95078125 0.240625 0.0984375
0 0.3984375 0.9640625 0.103125 0.071875
0 0.51953125 0.43359375 0.159375 0.06875
0 0.625 0.2265625 0.165625 0.1203125
0 0.48203125 0.11796875 0.19375 0.125
0 0.63984375 0.0640625 0.1765625 0.125
0 0.79453125 0.14453125 0.16875 0.153125
0 0.95 0.4171875 0.1 0.090625