0 0.8984375 0.5625 0.1 0.4453125
0 0.765625 0.58125 0.084375 0.3703125
0 0.634375 0.575 0.1 0.4765625
0 0.82109375 0.2046875 0.08125 0.3125
0 0.6375 0.16171875 0.0984375 0.2828125
0 0.46640625 0.20859375 0.075 0.309375
0 0.5078125 0.56953125 0.0875 0.46875
0 0.384375 0.56328125 0.0875 0.409375
0 0.32890625 0.2109375 0.0703125 0.346875
0 0.21015625 0.22109375 0.0734375 0.309375
0 0.2640625 0.58515625 0.14375 0.503125
0 0.1078125 0.54765625 0.1109375 0.4484375
0 0.0859375 0.22421875 0.09375 0.3890625