0 0.4375 0.8984375 0.44375 0.1015625
0 0.41875 0.765625 0.3703125 0.084375
0 0.425 0.634375 0.4765625 0.1
0 0.7953125 0.82109375 0.3125 0.08125
0 0.83828125 0.6375 0.2828125 0.0984375
0 0.79140625 0.46640625 0.309375 0.075
0 0.43046875 0.5078125 0.46875 0.0875
0 0.43671875 0.384375 0.409375 0.0875
0 0.7890625 0.32890625 0.346875 0.06875
0 0.77890625 0.21015625 0.309375 0.071875
0 0.41484375 0.2640625 0.503125 0.14375
0 0.45234375 0.1078125 0.4484375 0.109375
0 0.77578125 0.0859375 0.3890625 0.09375