0 0.07734375 0.44296875 0.1546875 0.5703125
0 0.196875 0.359375 0.14453125 0.43046875
0 0.309375 0.3265625 0.14609375 0.321875
0 0.4375 0.259375 0.134375 0.2140625
0 0.40078125 0.48671875 0.1046875 0.3734375
0 0.540625 0.55859375 0.1828125 0.59140625
0 0.54375 0.20859375 0.08828125 0.15546875
0 0.62109375 0.20703125 0.10546875 0.1828125
0 0.70703125 0.2484375 0.09453125 0.17578125
0 0.78515625 0.1265625 0.103125 0.13515625
0 0.79140625 0.2515625 0.178125 0.18046875
0 0.91796875 0.40625 0.10078125 0.39140625
0 0.8265625 0.52421875 0.15078125 0.51796875
0 0.665625 0.55234375 0.11796875 0.575