0 0.81640625 0.76796875 0.1953125 0.3796875
0 0.88046875 0.54453125 0.115625 0.25625
0 0.74921875 0.50390625 0.115625 0.321875
0 0.63984375 0.475 0.14375 0.3
0 0.49921875 0.51171875 0.1625 0.315625
0 0.37109375 0.478125 0.115625 0.2234375
0 0.25859375 0.7234375 0.1625 0.540625
0 0.38046875 0.77578125 0.209375 0.4484375
0 0.61484375 0.77578125 0.221875 0.4484375
0 0.81328125 0.3546875 0.125 0.25625
0 0.7046875 0.31953125 0.115625 0.2640625
0 0.575 0.3484375 0.1578125 0.396875
0 0.453125 0.32578125 0.103125 0.21875
0 0.359375 0.3375 0.1046875 0.2578125
0 0.25390625 0.39609375 0.1296875 0.334375