0 0.340625 0.53046875 0.1203125 0.240625
0 0.0609375 0.6640625 0.121875 0.165625
0 0.34609375 0.69453125 0.1609375 0.14375
0 0.35546875 0.81015625 0.1265625 0.165625
0 0.41796875 0.9125 0.140625 0.15
0 0.7921875 0.7015625 0.128125 0.24375
0 0.621875 0.4421875 0.1046875 0.1625
0 0.6046875 0.30390625 0.1 0.1875
0 0.715625 0.2015625 0.0734375 0.209375
0 0.7375 0.07578125 0.040625 0.1109375
0 0.771875 0.07109375 0.05625 0.1421875
0 0.88203125 0.15 0.053125 0.2171875
0 0.909375 0.04375 0.046875 0.0875