0 0.128125 0.49453125 0.159375 0.309375
0 0.253125 0.3203125 0.13671875 0.321875
0 0.403125 0.30234375 0.1875 0.3609375
0 0.53984375 0.23984375 0.12109375 0.13046875
0 0.71484375 0.36640625 0.1421875 0.40859375
0 0.615625 0.30703125 0.10390625 0.1640625
0 0.5171875 0.36796875 0.08984375 0.2234375
0 0.578125 0.42265625 0.1046875 0.16875
0 0.690625 0.70234375 0.20859375 0.5609375
0 0.50859375 0.79609375 0.2765625 0.4078125
0 0.5640625 0.63046875 0.15390625 0.30703125
0 0.45625 0.49609375 0.128125 0.23984375
0 0.25 0.54921875 0.15859375 0.3046875
0 0.31484375 0.7328125 0.2375 0.53359375