0 0.68828125 0.7140625 0.08828125 0.27578125
0 0.575 0.65 0.06171875 0.22578125
0 0.47265625 0.64609375 0.06015625 0.165625
0 0.39921875 0.659375 0.0734375 0.21328125
0 0.296875 0.50078125 0.065625 0.17578125
0 0.175 0.50703125 0.053125 0.22734375
0 0.0953125 0.45 0.06796875 0.1921875
0 0.23828125 0.3953125 0.065625 0.15078125
0 0.32890625 0.4140625 0.06796875 0.1140625
0 0.39765625 0.3796875 0.07890625 0.14765625
0 0.50234375 0.3625 0.05625 0.13125
0 0.52734375 0.47265625 0.05703125 0.14921875
0 0.61953125 0.41171875 0.0703125 0.19765625
0 0.7015625 0.41484375 0.05859375 0.14765625
0 0.765625 0.3984375 0.05078125 0.1921875
0 0.85234375 0.5875 0.1203125 0.60625