0 0.23046875 0.6796875 0.1671875 0.44609375
0 0.23984375 0.321875 0.16015625 0.3296875
0 0.3421875 0.24296875 0.09765625 0.1765625
0 0.41015625 0.3109375 0.134375 0.26171875
0 0.48515625 0.2515625 0.0875 0.24296875
0 0.5609375 0.31484375 0.1390625 0.4484375
0 0.6359375 0.184375 0.09296875 0.14296875
0 0.7328125 0.53828125 0.175 0.67421875
0 0.6234375 0.6625 0.14921875 0.48671875
0 0.5 0.65546875 0.2328125 0.54453125
0 0.35234375 0.6796875 0.14609375 0.38828125
0 0.3390625 0.4609375 0.09453125 0.20625