0 0.1703125 0.3953125 0.20390625 0.32421875
0 0.075 0.21640625 0.15 0.2171875
0 0.221875 0.115625 0.19296875 0.23125
0 0.28984375 0.046875 0.0875 0.09375
0 0.63046875 0.1109375 0.20625 0.20625
0 0.80078125 0.0640625 0.13984375 0.12734375
0 0.871875 0.15234375 0.2453125 0.2609375
0 0.46328125 0.09921875 0.2546875 0.1984375
0 0.30390625 0.29765625 0.2125 0.30546875
0 0.49609375 0.25 0.1875 0.221875
0 0.70546875 0.2765625 0.24609375 0.2703125
0 0.94765625 0.2359375 0.1046875 0.146875
0 0.93984375 0.40703125 0.1203125 0.190625
0 0.7921875 0.48671875 0.2015625 0.27265625
0 0.9140625 0.58046875 0.17109375 0.284375
0 0.9265625 0.846875 0.14609375 0.30546875
0 0.80625 0.74296875 0.2296875 0.23828125
0 0.71640625 0.89375 0.27578125 0.21171875
0 0.60234375 0.521875 0.184375 0.25234375
0 0.36953125 0.5015625 0.23828125 0.3765625
0 0.08984375 0.58359375 0.1796875 0.43828125
0 0.23125 0.65546875 0.26953125 0.28203125
0 0.6109375 0.678125 0.2140625 0.24921875
0 0.50078125 0.8078125 0.26953125 0.38359375
0 0.22734375 0.84765625 0.3078125 0.3046875