0 0.1703125 0.6046875 0.203125 0.325
0 0.075 0.78359375 0.15 0.2171875
0 0.221875 0.884375 0.19375 0.23125
0 0.28984375 0.953125 0.0875 0.09375
0 0.63046875 0.8890625 0.20625 0.20625
0 0.80078125 0.9359375 0.140625 0.128125
0 0.871875 0.84765625 0.2453125 0.2609375
0 0.46328125 0.90078125 0.2546875 0.1984375
0 0.30390625 0.70234375 0.2125 0.30625
0 0.49609375 0.75 0.1875 0.221875
0 0.70546875 0.7234375 0.246875 0.2703125
0 0.94765625 0.7640625 0.1046875 0.146875
0 0.93984375 0.59296875 0.1203125 0.190625
0 0.7921875 0.51328125 0.2015625 0.271875
0 0.9140625 0.41953125 0.171875 0.284375
0 0.9265625 0.153125 0.146875 0.30625
0 0.80625 0.25703125 0.2296875 0.2375
0 0.71640625 0.10625 0.275 0.2125
0 0.60234375 0.478125 0.184375 0.253125
0 0.36953125 0.4984375 0.2375 0.3765625
0 0.08984375 0.41640625 0.1796875 0.4375
0 0.23125 0.34453125 0.26875 0.28125
0 0.6109375 0.321875 0.2140625 0.25
0 0.50078125 0.1921875 0.26875 0.384375
0 0.22734375 0.15234375 0.3078125 0.3046875