0 0.0828125 0.60625 0.146875 0.4125
0 0.159375 0.40859375 0.128125 0.365625
0 0.21953125 0.27265625 0.0765625 0.228125
0 0.2984375 0.34453125 0.140625 0.31875
0 0.39765625 0.37265625 0.1140625 0.278125
0 0.46640625 0.3015625 0.109375 0.2171875
0 0.52421875 0.34453125 0.115625 0.28125
0 0.59140625 0.2765625 0.065625 0.1296875
0 0.64765625 0.29765625 0.0953125 0.159375
0 0.709375 0.26015625 0.053125 0.178125
0 0.75703125 0.321875 0.140625 0.30625
0 0.86875 0.25859375 0.1515625 0.2796875
0 0.9 0.62734375 0.18125 0.5703125
0 0.75546875 0.59140625 0.125 0.4640625
0 0.6453125 0.6390625 0.14375 0.35
0 0.55625 0.453125 0.096875 0.159375
0 0.51015625 0.6875 0.19375 0.4625
0 0.4421875 0.50859375 0.1015625 0.16875
0 0.35546875 0.61484375 0.1125 0.36875
0 0.2484375 0.63671875 0.1484375 0.4109375