0 0.0828125 0.60625 0.14609375 0.41171875
0 0.159375 0.40859375 0.128125 0.36484375
0 0.21953125 0.27265625 0.07578125 0.22890625
0 0.2984375 0.34453125 0.13984375 0.31875
0 0.39765625 0.37265625 0.11328125 0.27734375
0 0.46640625 0.3015625 0.10859375 0.2171875
0 0.52421875 0.34453125 0.11484375 0.28203125
0 0.59140625 0.2765625 0.06640625 0.1296875
0 0.64765625 0.29765625 0.0953125 0.159375
0 0.709375 0.26015625 0.05390625 0.17890625
0 0.75703125 0.321875 0.14140625 0.30703125
0 0.86875 0.25859375 0.1515625 0.27890625
0 0.9 0.62734375 0.18046875 0.56953125
0 0.75546875 0.59140625 0.125 0.4640625
0 0.6453125 0.6390625 0.14296875 0.35
0 0.55625 0.453125 0.096875 0.159375
0 0.51015625 0.6875 0.19375 0.46328125
0 0.4421875 0.50859375 0.1015625 0.16796875
0 0.35546875 0.61484375 0.11328125 0.36796875
0 0.2484375 0.63671875 0.14765625 0.4109375