0 0.128125 0.48046875 0.128125 0.478125
0 0.2109375 0.70625 0.13125 0.2
0 0.31953125 0.665625 0.1125 0.1921875
0 0.40859375 0.615625 0.125 0.1921875
0 0.225 0.490625 0.1234375 0.3875
0 0.315625 0.3875 0.109375 0.4125
0 0.43671875 0.3953125 0.1453125 0.4796875
0 0.525 0.62265625 0.15 0.26875
0 0.64765625 0.6296875 0.140625 0.284375
0 0.5734375 0.30625 0.1234375 0.56875
0 0.71796875 0.40546875 0.128125 0.44375
0 0.765625 0.58125 0.08125 0.13125
0 0.89140625 0.60703125 0.140625 0.209375
0 0.9390625 0.340625 0.121875 0.46875
0 0.82890625 0.359375 0.128125 0.46875