0 0.0859375 0.446875 0.17109375 0.25859375
0 0.06640625 0.76796875 0.13203125 0.46328125
0 0.2125 0.7125 0.23046875 0.46015625
0 0.20078125 0.43359375 0.1203125 0.34453125
0 0.2875 0.48515625 0.14453125 0.3875
0 0.44296875 0.64921875 0.17890625 0.44765625
0 0.38984375 0.39140625 0.121875 0.31328125
0 0.45390625 0.3609375 0.07890625 0.16953125
0 0.5046875 0.4125 0.14609375 0.334375
0 0.58359375 0.4421875 0.15234375 0.3546875
0 0.69453125 0.4 0.1421875 0.3
0 0.79453125 0.40390625 0.14375 0.32421875
0 0.91640625 0.4953125 0.15 0.49140625
0 0.80234375 0.7359375 0.20703125 0.46875
0 0.63203125 0.64765625 0.18984375 0.34765625