0 0.16875 0.32421875 0.11640625 0.184375
0 0.2484375 0.15859375 0.11953125 0.1984375
0 0.26171875 0.07890625 0.0984375 0.1578125
0 0.1484375 0.403125 0.12265625 0.19453125
0 0.23515625 0.503125 0.10234375 0.16484375
0 0.1421875 0.5765625 0.1328125 0.16484375
0 0.321875 0.65703125 0.12421875 0.1828125
0 0.31796875 0.3671875 0.0984375 0.17421875
0 0.44140625 0.2609375 0.07734375 0.18828125
0 0.49140625 0.1984375 0.07578125 0.18671875
0 0.49765625 0.0921875 0.06484375 0.184375
0 0.64765625 0.17734375 0.08515625 0.24375
0 0.5421875 0.53671875 0.08359375 0.18046875
0 0.559375 0.9375 0.065625 0.125
0 0.75859375 0.62890625 0.1015625 0.15859375
0 0.85703125 0.47890625 0.13203125 0.1609375
0 0.9078125 0.63203125 0.12578125 0.18046875
0 0.8484375 0.78984375 0.1453125 0.1390625
0 0.04140625 0.453125 0.0828125 0.22421875