0 0.16875 0.67578125 0.115625 0.184375
0 0.2484375 0.84140625 0.11875 0.1984375
0 0.26171875 0.92109375 0.0984375 0.1578125
0 0.1484375 0.596875 0.121875 0.19375
0 0.23515625 0.496875 0.103125 0.165625
0 0.1421875 0.4234375 0.1328125 0.165625
0 0.321875 0.34296875 0.125 0.1828125
0 0.31796875 0.6328125 0.0984375 0.175
0 0.44140625 0.7390625 0.078125 0.1875
0 0.49140625 0.8015625 0.075 0.1875
0 0.49765625 0.9078125 0.065625 0.184375
0 0.64765625 0.82265625 0.084375 0.24375
0 0.5421875 0.46328125 0.084375 0.18125
0 0.559375 0.0625 0.065625 0.125
0 0.75859375 0.37109375 0.1015625 0.159375
0 0.85703125 0.52109375 0.13125 0.1609375
0 0.9078125 0.36796875 0.125 0.18125
0 0.8484375 0.21015625 0.1453125 0.1390625
0 0.04140625 0.546875 0.0828125 0.225