0 0.11640625 0.628125 0.16953125 0.740625
0 0.2484375 0.675 0.2 0.6328125
0 0.21640625 0.26484375 0.16875 0.37265625
0 0.3296875 0.2015625 0.15859375 0.33046875
0 0.41328125 0.2640625 0.12734375 0.20625
0 0.35078125 0.44140625 0.11796875 0.38046875
0 0.43671875 0.6859375 0.21015625 0.628125
0 0.6765625 0.596875 0.33203125 0.80546875
0 0.53515625 0.13125 0.0984375 0.2078125
0 0.471875 0.21484375 0.109375 0.29375
0 0.55 0.36796875 0.1234375 0.30859375
0 0.6140625 0.1578125 0.11015625 0.221875
0 0.69765625 0.0984375 0.103125 0.1921875
0 0.734375 0.215625 0.14921875 0.275
0 0.7828125 0.36484375 0.16640625 0.27734375
0 0.8828125 0.68125 0.22421875 0.6375