0 0.2109375 0.6078125 0.0890625 0.33125
0 0.33125 0.61015625 0.09609375 0.353125
0 0.43984375 0.6 0.08203125 0.37734375
0 0.55390625 0.5734375 0.0796875 0.30390625
0 0.6625 0.5796875 0.08671875 0.35703125
0 0.78828125 0.61875 0.0671875 0.3640625
0 0.20390625 0.3765625 0.06875 0.2171875
0 0.2984375 0.36015625 0.0671875 0.21484375
0 0.38203125 0.3359375 0.05859375 0.17578125
0 0.48984375 0.3453125 0.08515625 0.21484375
0 0.58984375 0.31875 0.0734375 0.203125
0 0.68125 0.35078125 0.05390625 0.1625
0 0.76953125 0.3609375 0.06484375 0.25078125
0 0.7859375 0.171875 0.05625 0.21328125
0 0.69296875 0.16640625 0.084375 0.20625
0 0.6015625 0.121875 0.08671875 0.2
0 0.5140625 0.14296875 0.1046875 0.2609375
0 0.42421875 0.1625 0.04296875 0.23203125
0 0.31328125 0.1578125 0.09609375 0.18984375
0 0.221875 0.1546875 0.0890625 0.1828125