0 0.32421875 0.31171875 0.0890625 0.3515625
0 0.1546875 0.34921875 0.084375 0.346875
0 0.45 0.40859375 0.1015625 0.296875
0 0.5859375 0.34765625 0.0890625 0.30625
0 0.69453125 0.31640625 0.084375 0.33125
0 0.790625 0.36328125 0.084375 0.2671875
0 0.809375 0.5265625 0.0390625 0.1078125
0 0.7296875 0.50703125 0.05 0.1125
0 0.8390625 0.5578125 0.04375 0.1296875
0 0.9 0.5734375 0.0609375 0.121875
0 0.95390625 0.659375 0.028125 0.1125
0 0.58515625 0.50859375 0.04375 0.134375
0 0.54296875 0.49765625 0.0578125 0.1453125
0 0.64765625 0.5640625 0.046875 0.1
0 0.7 0.59453125 0.0546875 0.10625
0 0.7609375 0.6578125 0.05625 0.109375
0 0.85703125 0.628125 0.03125 0.06875
0 0.87890625 0.659375 0.0234375 0.071875
0 0.91484375 0.6875 0.03125 0.05625
0 0.81171875 0.7171875 0.025 0.0671875
0 0.76953125 0.74296875 0.028125 0.06875
0 0.68046875 0.66875 0.040625 0.0796875
0 0.634375 0.64375 0.0234375 0.084375
0 0.565625 0.6078125 0.0578125 0.103125
0 0.4984375 0.60625 0.028125 0.0796875
0 0.34921875 0.55625 0.046875 0.1171875
0 0.28984375 0.5671875 0.040625 0.090625
0 0.1890625 0.55078125 0.0421875 0.103125
0 0.1203125 0.58125 0.0375 0.1046875
0 0.18984375 0.66171875 0.0359375 0.071875
0 0.10234375 0.684375 0.03125 0.075
0 0.2140625 0.72578125 0.025 0.0390625
0 0.246875 0.665625 0.05 0.0625
0 0.3203125 0.62578125 0.040625 0.0796875
0 0.33046875 0.68125 0.0328125 0.0828125
0 0.2765625 0.63359375 0.025 0.071875
0 0.378125 0.6609375 0.040625 0.0875
0 0.40703125 0.665625 0.053125 0.0609375
0 0.40390625 0.7171875 0.03125 0.04375
0 0.4515625 0.74296875 0.034375 0.0625
0 0.4375 0.67734375 0.053125 0.0765625
0 0.50078125 0.671875 0.0578125 0.08125
0 0.5546875 0.6828125 0.040625 0.075
0 0.584375 0.6921875 0.0375 0.059375
0 0.621875 0.72265625 0.034375 0.071875
0 0.534375 0.74375 0.03125 0.0609375
0 0.5203125 0.709375 0.04375 0.05625