0 0.67578125 0.68828125 0.0890625 0.3515625
0 0.8453125 0.65078125 0.084375 0.34609375
0 0.55 0.59140625 0.1015625 0.296875
0 0.4140625 0.65234375 0.0890625 0.30546875
0 0.30546875 0.68359375 0.08515625 0.33125
0 0.209375 0.63671875 0.084375 0.2671875
0 0.190625 0.4734375 0.0390625 0.1078125
0 0.2703125 0.49296875 0.05 0.11171875
0 0.1609375 0.4421875 0.04375 0.1296875
0 0.1 0.4265625 0.0609375 0.12109375
0 0.04609375 0.340625 0.028125 0.11328125
0 0.41484375 0.49140625 0.04453125 0.13515625
0 0.45703125 0.50234375 0.0578125 0.1453125
0 0.35234375 0.4359375 0.04765625 0.09921875
0 0.3 0.40546875 0.0546875 0.10703125
0 0.2390625 0.3421875 0.05625 0.10859375
0 0.14296875 0.371875 0.03203125 0.06796875
0 0.12109375 0.340625 0.0234375 0.07109375
0 0.08515625 0.3125 0.03046875 0.05625
0 0.18828125 0.2828125 0.02578125 0.0671875
0 0.23046875 0.25703125 0.02734375 0.06953125
0 0.31953125 0.33125 0.03984375 0.0796875
0 0.365625 0.35625 0.0234375 0.08515625
0 0.434375 0.3921875 0.0578125 0.10390625
0 0.5015625 0.39375 0.028125 0.0796875
0 0.65078125 0.44375 0.04765625 0.1171875
0 0.71015625 0.4328125 0.03984375 0.09140625
0 0.8109375 0.44921875 0.0421875 0.10390625
0 0.8796875 0.41875 0.0375 0.1046875
0 0.81015625 0.33828125 0.03515625 0.071875
0 0.89765625 0.315625 0.03203125 0.07578125
0 0.7859375 0.27421875 0.02578125 0.0390625
0 0.753125 0.334375 0.05 0.06328125
0 0.6796875 0.37421875 0.03984375 0.0796875
0 0.66953125 0.31875 0.03203125 0.0828125
0 0.7234375 0.36640625 0.02578125 0.07109375
0 0.621875 0.3390625 0.040625 0.0875
0 0.59296875 0.334375 0.05234375 0.0609375
0 0.59609375 0.2828125 0.03203125 0.04296875
0 0.5484375 0.25703125 0.03515625 0.0625
0 0.5625 0.32265625 0.053125 0.0765625
0 0.49921875 0.328125 0.0578125 0.08046875
0 0.4453125 0.3171875 0.040625 0.07578125
0 0.415625 0.3078125 0.03671875 0.06015625
0 0.378125 0.27734375 0.03515625 0.07109375
0 0.465625 0.25625 0.03046875 0.0609375
0 0.4796875 0.290625 0.04453125 0.05625