0 0.68828125 0.32421875 0.3515625 0.0890625
0 0.65078125 0.1546875 0.346875 0.084375
0 0.59140625 0.45 0.296875 0.1015625
0 0.65234375 0.5859375 0.30625 0.0890625
0 0.68359375 0.69453125 0.33125 0.084375
0 0.63671875 0.790625 0.2671875 0.084375
0 0.4734375 0.809375 0.1078125 0.0390625
0 0.49296875 0.7296875 0.1125 0.05
0 0.4421875 0.8390625 0.1296875 0.04375
0 0.4265625 0.9 0.121875 0.0609375
0 0.340625 0.95390625 0.1125 0.028125
0 0.49140625 0.58515625 0.134375 0.04375
0 0.50234375 0.54296875 0.1453125 0.0578125
0 0.4359375 0.64765625 0.1 0.046875
0 0.40546875 0.7 0.10625 0.0546875
0 0.3421875 0.7609375 0.109375 0.05625
0 0.371875 0.85703125 0.06875 0.03125
0 0.340625 0.87890625 0.071875 0.0234375
0 0.3125 0.91484375 0.05625 0.03125
0 0.2828125 0.81171875 0.0671875 0.025
0 0.25703125 0.76953125 0.06875 0.028125
0 0.33125 0.68046875 0.0796875 0.040625
0 0.35625 0.634375 0.084375 0.0234375
0 0.3921875 0.565625 0.103125 0.0578125
0 0.39375 0.4984375 0.0796875 0.028125
0 0.44375 0.34921875 0.1171875 0.046875
0 0.4328125 0.28984375 0.090625 0.040625
0 0.44921875 0.1890625 0.103125 0.0421875
0 0.41875 0.1203125 0.1046875 0.0375
0 0.33828125 0.18984375 0.071875 0.034375
0 0.315625 0.10234375 0.075 0.03125
0 0.27421875 0.2140625 0.0390625 0.025
0 0.334375 0.246875 0.0625 0.05
0 0.37421875 0.3203125 0.0796875 0.040625
0 0.31875 0.33046875 0.0828125 0.03125
0 0.36640625 0.2765625 0.071875 0.025
0 0.3390625 0.378125 0.0875 0.040625
0 0.334375 0.40703125 0.0609375 0.053125
0 0.2828125 0.40390625 0.04375 0.03125
0 0.25703125 0.4515625 0.0625 0.034375
0 0.32265625 0.4375 0.0765625 0.053125
0 0.328125 0.50078125 0.08125 0.0578125
0 0.3171875 0.5546875 0.075 0.040625
0 0.3078125 0.584375 0.059375 0.0375
0 0.27734375 0.621875 0.071875 0.034375
0 0.25625 0.534375 0.0609375 0.03125
0 0.290625 0.5203125 0.05625 0.04375