0 0.66171875 0.540625 0.090625 0.034375
0 0.6765625 0.56328125 0.071875 0.021875
0 0.7640625 0.55 0.071875 0.028125
0 0.93671875 0.52265625 0.1109375 0.025
0 0.93203125 0.54453125 0.0875 0.028125
0 0.96171875 0.45546875 0.075 0.034375
0 0.9234375 0.46171875 0.06875 0.021875
0 0.953125 0.4015625 0.075 0.034375
0 0.95625 0.36171875 0.06875 0.03125
0 0.91875 0.3421875 0.0484375 0.015625
0 0.896875 0.36171875 0.0390625 0.01875
0 0.91875 0.37734375 0.04375 0.01875
0 0.9671875 0.5921875 0.065625 0.0375
0 0.928125 0.50703125 0.1109375 0.01875
0 0.975 0.23046875 0.05 0.021875
0 0.96640625 0.20234375 0.065625 0.034375
0 0.86640625 0.228125 0.084375 0.034375
0 0.921875 0.24921875 0.05625 0.025
0 0.690625 0.31875 0.134375 0.028125
0 0.54296875 0.26171875 0.1 0.01875
0 0.52109375 0.28125 0.09375 0.021875
0 0.5234375 0.3015625 0.09375 0.021875
0 0.521875 0.31796875 0.065625 0.021875
0 0.55078125 0.35859375 0.0390625 0.021875
0 0.68828125 0.13828125 0.134375 0.0375
0 0.9859375 0.26953125 0.028125 0.028125
0 0.96640625 0.06640625 0.065625 0.04375
0 0.68984375 0.08203125 0.15 0.03125
0 0.66953125 0.10390625 0.128125 0.03125
0 0.71171875 0.01171875 0.1609375 0.0234375
0 0.57578125 0.04609375 0.0515625 0.021875
0 0.575 0.025 0.053125 0.025
0 0.5015625 0.0171875 0.09375 0.025
0 0.4765625 0.03984375 0.0984375 0.025
0 0.459375 0.059375 0.059375 0.015625
0 0.46171875 0.07734375 0.075 0.015625
0 0.42109375 0.10859375 0.075 0.021875
0 0.4703125 0.1015625 0.059375 0.01875
0 0.4796875 0.11953125 0.0625 0.025
0 0.4765625 0.146875 0.05625 0.028125
0 0.553125 0.090625 0.084375 0.025
0 0.54921875 0.109375 0.05625 0.021875
0 0.53984375 0.13125 0.10625 0.021875
0 0.5453125 0.1578125 0.04375 0.01875
0 0.5609375 0.17421875 0.065625 0.028125
0 0.496875 0.18515625 0.065625 0.025
0 0.509375 0.21953125 0.10625 0.025
0 0.41015625 0.2328125 0.075 0.025
0 0.41796875 0.25234375 0.09375 0.021875
0 0.4453125 0.2921875 0.065625 0.025
0 0.4265625 0.30546875 0.075 0.021875
0 0.42421875 0.32578125 0.059375 0.01875
0 0.4703125 0.3703125 0.078125 0.028125
0 0.33515625 0.11484375 0.075 0.028125
0 0.35390625 0.07734375 0.059375 0.025
0 0.3546875 0.0609375 0.025 0.0125
0 0.3609375 0.04140625 0.0375 0.034375
0 0.50546875 0.41015625 0.1109375 0.025
0 0.4984375 0.4234375 0.075 0.025
0 0.521875 0.4515625 0.075 0.025
0 0.5234375 0.48203125 0.075 0.025
0 0.5484375 0.53125 0.065625 0.021875
0 0.56484375 0.55546875 0.09375 0.025
0 0.55625 0.58984375 0.05 0.03125
0 0.5265625 0.59140625 0.034375 0.025
0 0.521875 0.72109375 0.0625 0.025
0 0.521875 0.74140625 0.059375 0.021875
0 0.54140625 0.77890625 0.05625 0.01875
0 0.52890625 0.784375 0.05 0.021875
0 0.63671875 0.72578125 0.04375 0.034375
0 0.73203125 0.58671875 0.04375 0.025
0 0.659375 0.79921875 0.0484375 0.021875
0 0.671875 0.81953125 0.09375 0.034375
0 0.71953125 0.915625 0.0875 0.021875
0 0.72890625 0.94140625 0.090625 0.0265625