0 0.1125 0.271875 0.0546875 0.078125
0 0.13671875 0.2359375 0.03359375 0.05546875
0 0.1609375 0.51796875 0.06875 0.5484375
0 0.2078125 0.29609375 0.053125 0.078125
0 0.2578125 0.5390625 0.103125 0.509375
0 0.26484375 0.2453125 0.053125 0.07421875
0 0.30390625 0.26796875 0.04453125 0.059375
0 0.33828125 0.26171875 0.06015625 0.10625
0 0.38046875 0.56015625 0.1265625 0.509375
0 0.37109375 0.63359375 0.11171875 0.3515625
0 0.37734375 0.271875 0.04609375 0.0671875
0 0.39921875 0.2328125 0.03359375 0.06328125
0 0.43046875 0.22109375 0.0515625 0.08203125
0 0.425 0.3984375 0.0625 0.27890625
0 0.51171875 0.39609375 0.1140625 0.2640625
0 0.56015625 0.65390625 0.13828125 0.36640625
0 0.68046875 0.6609375 0.1140625 0.340625
0 0.81875 0.6453125 0.159375 0.3796875
0 0.73671875 0.41171875 0.09453125 0.2734375
0 0.79296875 0.35234375 0.0625 0.1875
0 0.83984375 0.28828125 0.05546875 0.13359375
0 0.91640625 0.4671875 0.0921875 0.49453125
0 0.6265625 0.3875 0.08359375 0.22109375
0 0.56796875 0.30078125 0.05 0.0765625
0 0.48359375 0.24921875 0.0546875 0.05546875
0 0.52734375 0.25234375 0.04453125 0.0765625
0 0.59296875 0.2796875 0.05 0.06171875
0 0.61953125 0.25078125 0.0359375 0.059375
0 0.65703125 0.2390625 0.0390625 0.06171875
0 0.6921875 0.284375 0.0390625 0.0671875
0 0.7265625 0.240625 0.06171875 0.0765625
0 0.66171875 0.28984375 0.0375 0.08203125