0 0.48515625 0.0734375 0.4203125 0.078125
0 0.47265625 0.19921875 0.39375 0.0875
0 0.16171875 0.12421875 0.3234375 0.071875
0 0.159375 0.26875 0.26875 0.08125
0 0.42109375 0.30859375 0.3578125 0.0734375
0 0.41484375 0.3890625 0.371875 0.0796875
0 0.14921875 0.3546875 0.240625 0.0796875
0 0.21640625 0.4796875 0.4 0.0625
0 0.18828125 0.578125 0.3171875 0.08125
0 0.41484375 0.60703125 0.296875 0.0796875
0 0.4296875 0.709375 0.3234375 0.065625
0 0.4453125 0.8078125 0.321875 0.0734375
0 0.47578125 0.94296875 0.340625 0.1140625
0 0.14609375 0.903125 0.2375 0.115625
0 0.15390625 0.76953125 0.1875 0.0609375
0 0.1171875 0.6796875 0.1765625 0.109375