0 0.55390625 0.1484375 0.3015625 0.0796875
0 0.5328125 0.21171875 0.215625 0.059375
0 0.51328125 0.290625 0.221875 0.059375
0 0.646875 0.2703125 0.215625 0.071875
0 0.76875 0.2515625 0.146875 0.05625
0 0.7453125 0.33671875 0.13125 0.0484375
0 0.6171875 0.3609375 0.2234375 0.06875
0 0.55859375 0.42890625 0.225 0.0546875
0 0.6953125 0.42421875 0.1265625 0.05
0 0.79296875 0.4265625 0.15 0.075
0 0.765625 0.49609375 0.09375 0.0375
0 0.68828125 0.5078125 0.071875 0.0421875
0 0.56875 0.52265625 0.1375 0.0484375
0 0.38046875 0.49140625 0.21875 0.1
0 0.45390625 0.6234375 0.2625 0.053125
0 0.66640625 0.61875 0.16875 0.046875
0 0.746875 0.5625 0.09375 0.0359375
0 0.79140625 0.6171875 0.09375 0.04375
0 0.77734375 0.6546875 0.06875 0.034375
0 0.60390625 0.7125 0.2125 0.0546875
0 0.33203125 0.81171875 0.253125 0.05625
0 0.6078125 0.83046875 0.171875 0.0625
0 0.58359375 0.8984375 0.159375 0.04375
0 0.6 0.9765625 0.19375 0.046875
0 0.81015625 0.846875 0.159375 0.0625
0 0.71328125 0.80390625 0.15625 0.08125
0 0.80078125 0.74765625 0.1078125 0.046875