0 0.05390625 0.7796875 0.1078125 0.36484375
0 0.19296875 0.7765625 0.1296875 0.3109375
0 0.38671875 0.76484375 0.07265625 0.37578125
0 0.4875 0.75 0.06015625 0.36484375
0 0.5859375 0.75859375 0.11171875 0.4203125
0 0.71796875 0.75390625 0.11328125 0.4
0 0.87890625 0.659375 0.05859375 0.28125
0 0.96875 0.79453125 0.0625 0.36484375
0 0.96484375 0.48671875 0.0703125 0.2046875
0 0.8671875 0.465625 0.08203125 0.184375
0 0.8796875 0.340625 0.0625 0.1265625
0 0.98515625 0.35234375 0.02890625 0.1359375
0 0.75 0.31328125 0.0796875 0.19140625
0 0.64765625 0.365625 0.05 0.1578125
0 0.5421875 0.3671875 0.08515625 0.1875
0 0.4578125 0.35625 0.05859375 0.125
0 0.36796875 0.39375 0.0515625 0.128125
0 0.275 0.41640625 0.05 0.1453125
0 0.18046875 0.44375 0.06015625 0.11328125
0 0.075 0.43125 0.0515625 0.12265625
0 0.24375 0.3484375 0.0640625 0.16953125