0 0.50859375 0.0203125 0.0875 0.028125
0 0.51640625 0.04921875 0.096875 0.03125
0 0.5484375 0.0625 0.0625 0.015625
0 0.5546875 0.07890625 0.0609375 0.01875
0 0.5609375 0.109375 0.1109375 0.021875
0 0.5296875 0.09921875 0.0625 0.01875
0 0.528125 0.1203125 0.05625 0.01875
0 0.52109375 0.15078125 0.06875 0.025
0 0.459375 0.128125 0.125 0.028125
0 0.45859375 0.1140625 0.04375 0.015625
0 0.4484375 0.09140625 0.075 0.034375
0 0.4140625 0.04765625 0.05625 0.028125
0 0.421875 0.02734375 0.059375 0.021875
0 0.6359375 0.046875 0.05 0.015625
0 0.6390625 0.05859375 0.0484375 0.015625
0 0.6390625 0.0734375 0.0515625 0.015625
0 0.6640625 0.11484375 0.0875 0.025
0 0.590625 0.22734375 0.078125 0.028125
0 0.58671875 0.25078125 0.103125 0.021875
0 0.48671875 0.2171875 0.1109375 0.028125
0 0.50625 0.18203125 0.0609375 0.021875
0 0.4609375 0.15703125 0.04375 0.01875
0 0.43984375 0.17734375 0.065625 0.03125
0 0.29609375 0.14765625 0.14375 0.034375
0 0.3265625 0.1046875 0.1203125 0.025
0 0.30625 0.07890625 0.153125 0.040625
0 0.453125 0.26171875 0.10625 0.025
0 0.45 0.28046875 0.115625 0.021875
0 0.4734375 0.2984375 0.10625 0.025
0 0.4765625 0.31953125 0.0609375 0.01875
0 0.44921875 0.35703125 0.04375 0.021875
0 0.55546875 0.2953125 0.0625 0.015625
0 0.5765625 0.30859375 0.0609375 0.025
0 0.5703125 0.32578125 0.05625 0.015625
0 0.53046875 0.3734375 0.071875 0.034375
0 0.49140625 0.409375 0.09375 0.01875
0 0.490625 0.42421875 0.09375 0.021875
0 0.47578125 0.45234375 0.059375 0.015625
0 0.48046875 0.46953125 0.06875 0.01875
0 0.47578125 0.47890625 0.0515625 0.0125
0 0.45703125 0.53203125 0.05625 0.025
0 0.4484375 0.5546875 0.08125 0.025
0 0.446875 0.5859375 0.05 0.0375
0 0.478125 0.58828125 0.05625 0.021875
0 0.3 0.31796875 0.1484375 0.028125
0 0.3296875 0.53984375 0.09375 0.034375
0 0.33359375 0.55859375 0.10625 0.025
0 0.2640625 0.58671875 0.0875 0.01875
0 0.22578125 0.55078125 0.096875 0.03125
0 0.06953125 0.5453125 0.075 0.021875
0 0.0390625 0.58046875 0.065625 0.028125
0 0.06328125 0.52421875 0.125 0.021875
0 0.065625 0.503125 0.0984375 0.028125
0 0.1 0.48046875 0.0625 0.028125
0 0.07109375 0.465625 0.065625 0.03125
0 0.0296875 0.45859375 0.059375 0.028125
0 0.04375 0.43984375 0.04375 0.025
0 0.0375 0.4046875 0.075 0.034375
0 0.04453125 0.365625 0.05625 0.03125
0 0.0171875 0.3453125 0.034375 0.028125
0 0.07890625 0.33984375 0.053125 0.025
0 0.10859375 0.34609375 0.034375 0.021875
0 0.10703125 0.36171875 0.0515625 0.025
0 0.090625 0.3765625 0.034375 0.025
0 0.08515625 0.25390625 0.034375 0.034375
0 0.0484375 0.2421875 0.0515625 0.025
0 0.0359375 0.21796875 0.046875 0.034375
0 0.03125 0.1953125 0.05625 0.034375
0 0.15078125 0.24609375 0.06875 0.040625
0 0.0296875 0.0703125 0.059375 0.04375
0 0.4765625 0.71640625 0.0609375 0.021875
0 0.496875 0.7296875 0.04375 0.009375
0 0.475 0.74453125 0.053125 0.01875
0 0.45390625 0.77734375 0.059375 0.021875
0 0.47109375 0.78515625 0.053125 0.021875
0 0.340625 0.79453125 0.0625 0.0359375
0 0.33828125 0.83828125 0.09375 0.015625
0 0.28359375 0.92109375 0.0890625 0.028125
0 0.278125 0.93828125 0.065625 0.01875
0 0.259375 0.9625 0.0703125 0.0125