0 0.72109375 0.25234375 0.453125 0.125
0 0.209375 0.2453125 0.41875 0.0953125
0 0.78125 0.42578125 0.421875 0.084375
0 0.4828125 0.52890625 0.40625 0.075
0 0.3703125 0.4171875 0.4078125 0.115625
0 0.196875 0.38125 0.2140625 0.071875
0 0.15390625 0.46640625 0.209375 0.065625
0 0.178125 0.584375 0.26875 0.078125
0 0.21953125 0.64921875 0.234375 0.06875
0 0.2265625 0.725 0.2125 0.0765625
0 0.34375 0.83984375 0.2625 0.0640625
0 0.6125 0.7984375 0.209375 0.075
0 0.65546875 0.72421875 0.25 0.1015625
0 0.721875 0.65703125 0.2546875 0.103125