0 0.56015625 0.67265625 0.146875 0.5
0 0.3875 0.5546875 0.103125 0.3421875
0 0.24609375 0.653125 0.13828125 0.4390625
0 0.1171875 0.496875 0.13671875 0.42421875
0 0.2078125 0.24453125 0.13671875 0.2921875
0 0.30859375 0.38203125 0.10078125 0.25859375
0 0.41875 0.3046875 0.07265625 0.17890625
0 0.521875 0.30234375 0.09453125 0.24765625
0 0.61953125 0.37265625 0.10625 0.21796875
0 0.70234375 0.32265625 0.11015625 0.24375
0 0.74453125 0.4984375 0.090625 0.2640625
0 0.8578125 0.4984375 0.13125 0.29375