0 0.0609375 0.03046875 0.0328125 0.05625
0 0.13515625 0.02109375 0.028125 0.0390625
0 0.17421875 0.05 0.0421875 0.1
0 0.23671875 0.1296875 0.0375 0.1
0 0.25390625 0.071875 0.025 0.0515625
0 0.22421875 0.03984375 0.034375 0.04375
0 0.26015625 0.021875 0.0234375 0.04375
0 0.27734375 0.01171875 0.0125 0.0125
0 0.3453125 0.01484375 0.01875 0.0296875
0 0.36484375 0.040625 0.03125 0.065625
0 0.3390625 0.07890625 0.01875 0.03125
0 0.36328125 0.1046875 0.015625 0.025
0 0.37890625 0.08046875 0.01875 0.0390625
0 0.4046875 0.040625 0.034375 0.0625
0 0.4515625 0.01953125 0.021875 0.034375
0 0.4640625 0.06171875 0.025 0.090625
0 0.48125 0.0796875 0.01875 0.10625
0 0.52109375 0.0734375 0.025 0.0984375
0 0.546875 0.0609375 0.015625 0.096875
0 0.55390625 0.0390625 0.034375 0.059375
0 0.5578125 0.22578125 0.025 0.103125
0 0.6 0.27578125 0.021875 0.0890625
0 0.54140625 0.32890625 0.028125 0.0796875
0 0.553125 0.36953125 0.021875 0.046875
0 0.55390625 0.440625 0.015625 0.0890625
0 0.584375 0.440625 0.028125 0.0625
0 0.5953125 0.4703125 0.0125 0.034375
0 0.321875 0.2984375 0.028125 0.140625
0 0.1515625 0.28671875 0.03125 0.140625
0 0.07734375 0.30703125 0.0421875 0.14375
0 0.10703125 0.32890625 0.021875 0.1125
0 0.04609375 0.415625 0.021875 0.071875
0 0.02421875 0.4234375 0.0234375 0.05625
0 0.09453125 0.45390625 0.021875 0.078125
0 0.11171875 0.43984375 0.0203125 0.065625
0 0.12890625 0.4734375 0.01875 0.0953125
0 0.15625 0.4609375 0.021875 0.059375
0 0.1765625 0.434375 0.025 0.065625
0 0.1765625 0.509375 0.021875 0.0625
0 0.21328125 0.49375 0.03125 0.10625
0 0.26171875 0.4453125 0.021875 0.109375
0 0.28046875 0.4515625 0.01875 0.084375
0 0.29765625 0.4640625 0.021875 0.090625
0 0.31875 0.478125 0.01875 0.0703125
0 0.35703125 0.44375 0.025 0.0390625
0 0.40703125 0.4984375 0.01875 0.0890625
0 0.42265625 0.48984375 0.015625 0.084375
0 0.453125 0.4796875 0.021875 0.0625
0 0.46796875 0.475 0.0125 0.0609375
0 0.47890625 0.4796875 0.01875 0.0703125
0 0.36875 0.540625 0.021875 0.075
0 0.32890625 0.57578125 0.01875 0.0625
0 0.3046875 0.584375 0.021875 0.05
0 0.29453125 0.55859375 0.028125 0.05625
0 0.25078125 0.5859375 0.015625 0.0875
0 0.2296875 0.5890625 0.025 0.0625
0 0.14921875 0.52109375 0.025 0.0546875
0 0.1234375 0.528125 0.025 0.040625
0 0.1015625 0.5296875 0.021875 0.0515625
0 0.1125 0.584375 0.0359375 0.0609375
0 0.07734375 0.54296875 0.01875 0.0625
0 0.05859375 0.55546875 0.0265625 0.0375
0 0.06015625 0.48671875 0.0234375 0.10625
0 0.02109375 0.51796875 0.034375 0.09375
0 0.053125 0.6359375 0.0125 0.04375
0 0.06171875 0.64453125 0.015625 0.0484375
0 0.07265625 0.6390625 0.03125 0.075
0 0.11328125 0.665625 0.034375 0.0609375
0 0.53515625 0.47109375 0.01875 0.0609375
0 0.72265625 0.4734375 0.021875 0.05625
0 0.74140625 0.4703125 0.021875 0.075
0 0.7765625 0.45546875 0.01875 0.05625
0 0.78515625 0.465625 0.01875 0.06875
0 0.7953125 0.346875 0.025 0.075
0 0.815625 0.34140625 0.025 0.065625
0 0.85234375 0.31796875 0.028125 0.0984375
0 0.9359375 0.26875 0.025 0.05625
0 0.9484375 0.2890625 0.021875 0.0515625