0 0.728125 0.64453125 0.0890625 0.5
0 0.80390625 0.4984375 0.0875 0.353125
0 0.91796875 0.3625 0.0953125 0.43125
0 0.83203125 0.2640625 0.06875 0.3046875
0 0.7296875 0.2109375 0.075 0.25
0 0.66171875 0.23828125 0.0515625 0.2203125
0 0.625 0.41875 0.059375 0.184375
0 0.55859375 0.4875 0.06875 0.259375
0 0.39609375 0.46171875 0.096875 0.2109375
0 0.25546875 0.4515625 0.06875 0.228125
0 0.44296875 0.2796875 0.071875 0.20625
0 0.546875 0.25078125 0.0625 0.134375
0 0.61015625 0.21640625 0.05625 0.1765625
0 0.49765625 0.18359375 0.040625 0.128125
0 0.390625 0.16953125 0.053125 0.11875
0 0.340625 0.25 0.04375 0.1359375
0 0.27578125 0.17265625 0.06875 0.1625
0 0.23125 0.2359375 0.06875 0.11875
0 0.203125 0.28984375 0.065625 0.1625
0 0.07109375 0.240625 0.1421875 0.3609375