0 0.43203125 0.0265625 0.071875 0.025
0 0.42421875 0.04296875 0.0703125 0.034375
0 0.30078125 0.07265625 0.15 0.05625
0 0.3234375 0.10859375 0.134375 0.034375
0 0.29296875 0.14921875 0.14375 0.040625
0 0.05546875 0.1703125 0.1109375 0.046875
0 0.02734375 0.13984375 0.0546875 0.0484375
0 0.02578125 0.0625 0.0515625 0.040625
0 0.134375 0.23671875 0.0984375 0.040625
0 0.0765625 0.25 0.065625 0.0375
0 0.03359375 0.2328125 0.065625 0.03125
0 0.021875 0.2625 0.04375 0.025
0 0.01484375 0.2828125 0.0296875 0.015625
0 0.01875 0.33359375 0.0375 0.025
0 0.0359375 0.36484375 0.06875 0.034375
0 0.078125 0.3765625 0.0375 0.01875
0 0.1015625 0.36328125 0.034375 0.01875
0 0.11015625 0.3453125 0.034375 0.015625
0 0.0765625 0.33828125 0.0390625 0.01875
0 0.0453125 0.396875 0.04375 0.021875
0 0.03984375 0.41015625 0.075 0.03125
0 0.07890625 0.4625 0.05625 0.03125
0 0.075 0.48359375 0.115625 0.015625
0 0.08828125 0.5015625 0.090625 0.01875
0 0.09921875 0.51875 0.05 0.01875
0 0.0796875 0.54296875 0.0515625 0.01875
0 0.04296875 0.53515625 0.075 0.040625
0 0.22421875 0.55390625 0.10625 0.034375
0 0.29375 0.60625 0.0875 0.028125
0 0.328125 0.5421875 0.0890625 0.01875
0 0.365625 0.5515625 0.05 0.01875
0 0.29921875 0.315625 0.15 0.028125
0 0.446875 0.28359375 0.0875 0.025
0 0.45859375 0.26328125 0.071875 0.03125
0 0.4953125 0.2921875 0.05 0.01875
0 0.4734375 0.3140625 0.053125 0.01875
0 0.44296875 0.36015625 0.040625 0.021875
0 0.49375 0.40859375 0.09375 0.021875
0 0.49296875 0.42421875 0.08125 0.021875
0 0.4796875 0.45234375 0.05625 0.015625
0 0.4703125 0.4765625 0.075 0.03125
0 0.4640625 0.53515625 0.06875 0.025
0 0.4359375 0.55625 0.0875 0.021875
0 0.43828125 0.58828125 0.053125 0.040625
0 0.46484375 0.60234375 0.0484375 0.021875
0 0.4765625 0.721875 0.05 0.021875
0 0.49609375 0.73203125 0.04375 0.0125
0 0.490625 0.74921875 0.0515625 0.01875
0 0.46796875 0.74140625 0.05 0.015625
0 0.4546875 0.7765625 0.05625 0.01875
0 0.46875 0.78671875 0.05625 0.021875
0 0.35546875 0.7265625 0.059375 0.0375
0 0.33828125 0.8 0.06875 0.021875
0 0.35078125 0.81640625 0.0609375 0.028125
0 0.31171875 0.86640625 0.0875 0.03125
0 0.2640625 0.93359375 0.065625 0.015625
0 0.28125 0.9453125 0.059375 0.0125
0 0.55546875 0.37109375 0.08125 0.03125
0 0.56796875 0.328125 0.053125 0.025
0 0.5859375 0.30390625 0.046875 0.01875
0 0.5546875 0.29609375 0.0390625 0.03125
0 0.578125 0.25234375 0.1 0.028125
0 0.58828125 0.22734375 0.0609375 0.025
0 0.48671875 0.21796875 0.1109375 0.034375
0 0.50859375 0.178125 0.04375 0.021875
0 0.43828125 0.17890625 0.0609375 0.028125
0 0.45859375 0.16015625 0.053125 0.025
0 0.46953125 0.12890625 0.0984375 0.028125
0 0.453125 0.11015625 0.05 0.01875
0 0.4515625 0.09765625 0.04375 0.021875
0 0.5 0.07265625 0.0890625 0.03125
0 0.553125 0.07421875 0.04375 0.01875
0 0.54140625 0.05625 0.046875 0.021875
0 0.521875 0.01796875 0.065625 0.03125
0 0.5234375 0.1515625 0.05625 0.025
0 0.5359375 0.12421875 0.03125 0.01875
0 0.53125 0.10390625 0.0484375 0.021875
0 0.58671875 0.1109375 0.04375 0.025
0 0.559375 0.13046875 0.040625 0.01875
0 0.66640625 0.11640625 0.065625 0.03125
0 0.640625 0.071875 0.0484375 0.025
0 0.6453125 0.06171875 0.025 0.0125
0 0.6296875 0.04921875 0.0375 0.021875