0 0.0265625 0.56796875 0.025 0.071875
0 0.04296875 0.57578125 0.034375 0.0703125
0 0.07265625 0.69921875 0.0578125 0.15
0 0.10859375 0.6765625 0.0359375 0.134375
0 0.14921875 0.70703125 0.040625 0.1453125
0 0.1703125 0.94453125 0.046875 0.1109375
0 0.13984375 0.97265625 0.0484375 0.0546875
0 0.0625 0.97421875 0.0421875 0.0515625
0 0.23671875 0.865625 0.040625 0.0984375
0 0.25 0.9234375 0.0375 0.065625
0 0.2328125 0.96640625 0.03125 0.065625
0 0.2625 0.978125 0.025 0.04375
0 0.2828125 0.98515625 0.015625 0.0296875
0 0.33359375 0.98125 0.025 0.0375
0 0.36484375 0.9640625 0.034375 0.06875
0 0.3765625 0.921875 0.01875 0.0375
0 0.36328125 0.8984375 0.01875 0.034375
0 0.3453125 0.88984375 0.015625 0.034375
0 0.33828125 0.9234375 0.01875 0.0390625
0 0.396875 0.9546875 0.021875 0.04375
0 0.41015625 0.96015625 0.03125 0.075
0 0.4625 0.92109375 0.03125 0.05625
0 0.48359375 0.925 0.015625 0.115625
0 0.5015625 0.91171875 0.01875 0.090625
0 0.51875 0.90078125 0.01875 0.05
0 0.54296875 0.9203125 0.01875 0.0515625
0 0.53515625 0.95703125 0.040625 0.075
0 0.55390625 0.77578125 0.034375 0.10625
0 0.60625 0.70625 0.028125 0.0875
0 0.5421875 0.671875 0.01875 0.0890625
0 0.5515625 0.634375 0.01875 0.05
0 0.315625 0.70078125 0.0296875 0.15
0 0.28359375 0.553125 0.025 0.0875
0 0.26328125 0.54140625 0.03125 0.071875
0 0.2921875 0.5046875 0.01875 0.05
0 0.3140625 0.5265625 0.01875 0.053125
0 0.36015625 0.55703125 0.021875 0.040625
0 0.40859375 0.50625 0.021875 0.09375
0 0.42421875 0.50703125 0.021875 0.08125
0 0.45234375 0.5203125 0.015625 0.05625
0 0.4765625 0.5296875 0.03125 0.075
0 0.53515625 0.5359375 0.025 0.06875
0 0.55625 0.5640625 0.021875 0.0875
0 0.58828125 0.56171875 0.040625 0.053125
0 0.60234375 0.53515625 0.021875 0.0484375
0 0.721875 0.5234375 0.021875 0.05
0 0.73203125 0.50390625 0.0125 0.04375
0 0.74921875 0.509375 0.01875 0.0515625
0 0.74140625 0.53203125 0.015625 0.05
0 0.7765625 0.5453125 0.01875 0.05625
0 0.78671875 0.53125 0.021875 0.05625
0 0.7265625 0.64453125 0.0375 0.059375
0 0.8 0.66171875 0.021875 0.06875
0 0.81640625 0.64921875 0.028125 0.0609375
0 0.86640625 0.68828125 0.03125 0.0875
0 0.93359375 0.7359375 0.015625 0.065625
0 0.9453125 0.71875 0.0125 0.059375
0 0.37109375 0.44453125 0.03125 0.08125
0 0.328125 0.43203125 0.025 0.053125
0 0.30390625 0.4140625 0.01875 0.046875
0 0.29609375 0.4453125 0.03125 0.0390625
0 0.25234375 0.421875 0.028125 0.1
0 0.22734375 0.41171875 0.025 0.0609375
0 0.21796875 0.51328125 0.034375 0.1109375
0 0.178125 0.49140625 0.021875 0.04375
0 0.17890625 0.56171875 0.028125 0.0609375
0 0.16015625 0.54140625 0.025 0.053125
0 0.12890625 0.53046875 0.028125 0.0984375
0 0.11015625 0.546875 0.01875 0.05
0 0.09765625 0.5484375 0.021875 0.04375
0 0.07265625 0.5 0.03125 0.0890625
0 0.07421875 0.446875 0.01875 0.04375
0 0.05625 0.45859375 0.0234375 0.046875
0 0.01796875 0.478125 0.0328125 0.065625
0 0.1515625 0.4765625 0.025 0.05625
0 0.12421875 0.4640625 0.01875 0.03125
0 0.10390625 0.46875 0.0234375 0.0484375
0 0.1109375 0.41328125 0.0265625 0.04375
0 0.13046875 0.440625 0.01875 0.040625
0 0.11640625 0.33359375 0.03125 0.065625
0 0.071875 0.359375 0.025 0.0484375
0 0.06171875 0.3546875 0.0140625 0.025
0 0.04921875 0.3703125 0.0234375 0.0375