0 0.87421875 0.69765625 0.21875 0.6046875
0 0.77578125 0.5859375 0.196875 0.4765625
0 0.76953125 0.29296875 0.228125 0.28125
0 0.65625 0.40625 0.15 0.246875
0 0.56328125 0.396875 0.1484375 0.1984375
0 0.66328125 0.659375 0.1875 0.284375
0 0.534375 0.59296875 0.1125 0.20625
0 0.475 0.459375 0.13125 0.215625
0 0.3859375 0.378125 0.140625 0.2125
0 0.41328125 0.5703125 0.109375 0.2453125
0 0.3375 0.51796875 0.13125 0.284375
0 0.22421875 0.52890625 0.171875 0.215625
0 0.12265625 0.746875 0.1671875 0.50625