0 0.45546875 0.6703125 0.03125 0.08125
0 0.4515625 0.76953125 0.040625 0.1015625
0 0.38046875 0.6953125 0.040625 0.0875
0 0.43984375 0.5515625 0.01875 0.084375
0 0.4171875 0.55390625 0.01875 0.0703125
0 0.40234375 0.53828125 0.025 0.06875
0 0.46484375 0.53515625 0.021875 0.05625
0 0.52265625 0.51953125 0.03125 0.06875
0 0.54765625 0.51328125 0.021875 0.05625
0 0.57421875 0.50859375 0.021875 0.06875
0 0.58671875 0.5 0.03125 0.1
0 0.62421875 0.45859375 0.025 0.0984375
0 0.67265625 0.425 0.01875 0.075
0 0.69140625 0.4109375 0.025 0.025
0 0.7046875 0.44296875 0.0375 0.05625
0 0.74609375 0.42421875 0.028125 0.09375
0 0.77109375 0.40546875 0.01875 0.0625
0 0.6828125 0.52890625 0.025 0.05625
0 0.63828125 0.559375 0.028125 0.0375
0 0.709375 0.559375 0.015625 0.0890625
0 0.70859375 0.51015625 0.021875 0.053125
0 0.7359375 0.54453125 0.028125 0.103125
0 0.4515625 0.91796875 0.028125 0.053125
0 0.465625 0.95078125 0.034375 0.0796875
0 0.475 0.8890625 0.021875 0.04375
0 0.5125 0.91953125 0.028125 0.115625
0 0.55625 0.978125 0.025 0.04375
0 0.54140625 0.953125 0.03125 0.0390625
0 0.5453125 0.91015625 0.025 0.046875
0 0.57890625 0.965625 0.034375 0.06875
0 0.60546875 0.9609375 0.025 0.0375
0 0.62265625 0.91875 0.01875 0.0515625
0 0.63828125 0.90078125 0.01875 0.03125
0 0.65859375 0.89609375 0.01875 0.0515625
0 0.6609375 0.9234375 0.015625 0.046875
0 0.63359375 0.95859375 0.021875 0.075
0 0.6625 0.9796875 0.028125 0.034375
0 0.71484375 0.98125 0.021875 0.0375
0 0.7390625 0.9703125 0.025 0.059375
0 0.7453125 0.921875 0.028125 0.034375
0 0.77265625 0.96484375 0.040625 0.059375
0 0.7609375 0.8640625 0.040625 0.06875
0 0.83984375 0.9234375 0.046875 0.14375
0 0.8875 0.94609375 0.046875 0.10625
0 0.934375 0.978125 0.034375 0.04375
0 0.91015625 0.70703125 0.028125 0.1515625
0 0.8875 0.68046875 0.025 0.13125
0 0.85390625 0.71171875 0.034375 0.134375
0 0.821875 0.55859375 0.0375 0.071875
0 0.821875 0.49609375 0.028125 0.0703125
0 0.78515625 0.51171875 0.03125 0.1125
0 0.8734375 0.525 0.021875 0.109375
0 0.8875 0.5453125 0.021875 0.046875
0 0.91171875 0.5515625 0.021875 0.065625
0 0.83828125 0.54296875 0.025 0.059375
0 0.84921875 0.48515625 0.028125 0.075
0 0.86796875 0.44453125 0.01875 0.05625
0 0.8890625 0.428125 0.034375 0.084375
0 0.90078125 0.46953125 0.025 0.053125
0 0.9234375 0.44375 0.025 0.053125
0 0.92890625 0.5046875 0.034375 0.1125
0 0.94375 0.45859375 0.034375 0.06875
0 0.95078125 0.58125 0.034375 0.065625
0 0.9703125 0.58359375 0.025 0.0703125
0 0.953125 0.37109375 0.015625 0.0390625
0 0.940625 0.36171875 0.021875 0.0609375
0 0.92578125 0.35625 0.028125 0.06875
0 0.8828125 0.33671875 0.03125 0.0890625
0 0.9921875 0.51328125 0.009375 0.09375
0 0.67890625 0.70703125 0.034375 0.15625
0 0.2796875 0.5234375 0.01875 0.053125
0 0.26796875 0.509375 0.01875 0.059375
0 0.25625 0.53203125 0.021875 0.075
0 0.22265625 0.54453125 0.025 0.05625
0 0.2125 0.53359375 0.028125 0.059375
0 0.20234375 0.653125 0.034375 0.046875
0 0.184375 0.653125 0.01875 0.05625
0 0.26953125 0.6484375 0.05 0.059375
0 0.11484375 0.70078125 0.025 0.0984375
0 0.0578125 0.734375 0.025 0.0609375
0 0.040625 0.73125 0.021875 0.059375
0 0.290625 0.5640625 0.021875 0.04375
0 0.30859375 0.571875 0.021875 0.040625