0 0.59921875 0.14296875 0.5765625 0.109375
0 0.3078125 0.20078125 0.18125 0.0875
0 0.29296875 0.29609375 0.1453125 0.10625
0 0.29140625 0.3953125 0.1421875 0.1015625
0 0.4796875 0.44609375 0.3875 0.1171875
0 0.26640625 0.5 0.1625 0.0875
0 0.3296875 0.56484375 0.096875 0.0625
0 0.60859375 0.66328125 0.596875 0.0875
0 0.2921875 0.7296875 0.1625 0.096875
0 0.60703125 0.82578125 0.6328125 0.1203125
0 0.6125 0.740625 0.55 0.1046875
0 0.6078125 0.92890625 0.66875 0.1171875
0 0.590625 0.6 0.5140625 0.0828125
0 0.59140625 0.52109375 0.540625 0.078125
0 0.6296875 0.38515625 0.50625 0.096875
0 0.609375 0.31484375 0.48125 0.103125
0 0.62265625 0.22421875 0.559375 0.0890625