0 0.14296875 0.40078125 0.109375 0.5765625
0 0.20078125 0.6921875 0.0875 0.18125
0 0.29609375 0.70703125 0.10625 0.1453125
0 0.3953125 0.70859375 0.1015625 0.1421875
0 0.44609375 0.5203125 0.1171875 0.3875
0 0.5 0.73359375 0.0875 0.1625
0 0.56484375 0.6703125 0.0625 0.096875
0 0.66328125 0.39140625 0.0875 0.596875
0 0.7296875 0.7078125 0.096875 0.1625
0 0.82578125 0.39296875 0.1203125 0.6328125
0 0.740625 0.3875 0.1046875 0.55
0 0.92890625 0.3921875 0.1171875 0.66875
0 0.6 0.409375 0.0828125 0.5140625
0 0.52109375 0.40859375 0.078125 0.540625
0 0.38515625 0.3703125 0.096875 0.50625
0 0.31484375 0.390625 0.103125 0.48125
0 0.22421875 0.37734375 0.0890625 0.559375