0 0.18515625 0.578125 0.1546875 0.76328125
0 0.25 0.396875 0.10390625 0.246875
0 0.33203125 0.6671875 0.125 0.659375
0 0.34921875 0.28984375 0.1109375 0.19140625
0 0.43046875 0.6140625 0.1359375 0.584375
0 0.4859375 0.27265625 0.1078125 0.16953125
0 0.521875 0.640625 0.10625 0.71796875
0 0.56640625 0.315625 0.07578125 0.1765625
0 0.61171875 0.63203125 0.10625 0.7359375
0 0.66875 0.3609375 0.07890625 0.19921875
0 0.71640625 0.621875 0.1171875 0.6359375
0 0.7875 0.63046875 0.06796875 0.7390625
0 0.87890625 0.6234375 0.1296875 0.71953125