0 0.82734375 0.6390625 0.12734375 0.403125
0 0.74609375 0.5390625 0.11171875 0.22421875
0 0.6453125 0.5390625 0.11484375 0.19609375
0 0.603125 0.40078125 0.084375 0.21015625
0 0.48203125 0.4203125 0.08515625 0.20625
0 0.378125 0.49140625 0.07421875 0.22890625
0 0.26484375 0.49765625 0.11484375 0.21328125
0 0.05703125 0.33046875 0.0828125 0.22734375
0 0.18984375 0.3453125 0.06328125 0.1671875
0 0.26640625 0.31875 0.046875 0.134375
0 0.31953125 0.38359375 0.05078125 0.14140625
0 0.4 0.37109375 0.09296875 0.15