0 0.67421875 0.115625 0.0890625 0.0375
0 0.5859375 0.22734375 0.0796875 0.021875
0 0.58828125 0.25234375 0.0796875 0.03125
0 0.55390625 0.30234375 0.0703125 0.034375
0 0.5953125 0.30390625 0.046875 0.021875
0 0.56953125 0.32734375 0.0609375 0.021875
0 0.54296875 0.37421875 0.0890625 0.028125
0 0.503125 0.41171875 0.10625 0.021875
0 0.4984375 0.42578125 0.09375 0.015625
0 0.4796875 0.45390625 0.075 0.025
0 0.48515625 0.47890625 0.096875 0.03125
0 0.4609375 0.53671875 0.059375 0.021875
0 0.44140625 0.553125 0.090625 0.025
0 0.45 0.58515625 0.075 0.028125
0 0.46328125 0.60078125 0.0703125 0.021875
0 0.47890625 0.72109375 0.05625 0.015625
0 0.496875 0.73046875 0.053125 0.015625
0 0.48359375 0.74140625 0.0703125 0.021875
0 0.4546875 0.77734375 0.06875 0.025
0 0.475 0.79140625 0.071875 0.021875
0 0.353125 0.73203125 0.071875 0.046875
0 0.43515625 0.71015625 0.0625 0.025
0 0.42890625 0.69609375 0.05 0.028125
0 0.31796875 0.6296875 0.0875 0.0375
0 0.31953125 0.55078125 0.084375 0.034375
0 0.36875 0.5484375 0.0296875 0.025
0 0.234375 0.55546875 0.084375 0.03125
0 0.06484375 0.55078125 0.09375 0.0375
0 0.06953125 0.52421875 0.10625 0.03125
0 0.08359375 0.49296875 0.0890625 0.03125
0 0.08125 0.4671875 0.084375 0.034375
0 0.03515625 0.4546875 0.065625 0.040625
0 0.02265625 0.4484375 0.0453125 0.021875
0 0.0359375 0.42265625 0.071875 0.028125
0 0.0390625 0.39453125 0.05625 0.028125
0 0.0859375 0.37890625 0.053125 0.021875
0 0.03515625 0.36796875 0.065625 0.0375
0 0.1 0.36484375 0.0515625 0.021875
0 0.10859375 0.34375 0.04375 0.021875
0 0.08359375 0.33671875 0.059375 0.03125
0 0.13203125 0.23359375 0.075 0.0375
0 0.07890625 0.2515625 0.053125 0.025
0 0.034375 0.26484375 0.06875 0.025
0 0.01875 0.2890625 0.0375 0.028125
0 0.03203125 0.22578125 0.0609375 0.034375
0 0.08359375 0.13828125 0.159375 0.040625
0 0.07578125 0.07890625 0.140625 0.040625
0 0.271875 0.1515625 0.1375 0.034375
0 0.32890625 0.11953125 0.109375 0.025
0 0.275 0.08984375 0.15625 0.04375
0 0.2984375 0.31640625 0.1296875 0.034375
0 0.44453125 0.35390625 0.059375 0.025
0 0.4640625 0.3140625 0.075 0.025
0 0.43984375 0.29375 0.075 0.028125
0 0.48359375 0.29765625 0.059375 0.028125
0 0.4515625 0.26171875 0.125 0.021875
0 0.48828125 0.21484375 0.128125 0.03125
0 0.50625 0.178125 0.065625 0.028125
0 0.44296875 0.17578125 0.0890625 0.034375
0 0.45859375 0.1578125 0.053125 0.025
0 0.46953125 0.12734375 0.0984375 0.028125
0 0.45859375 0.11015625 0.053125 0.021875
0 0.44921875 0.08984375 0.0796875 0.0375
0 0.41484375 0.0515625 0.05625 0.025
0 0.428125 0.02890625 0.065625 0.028125
0 0.5015625 0.06640625 0.075 0.040625
0 0.5046875 0.01484375 0.06875 0.025
0 0.546875 0.0578125 0.05 0.025
0 0.55390625 0.0765625 0.05625 0.01875
0 0.5265625 0.10078125 0.046875 0.015625
0 0.528125 0.11953125 0.0484375 0.01875
0 0.528125 0.15078125 0.0625 0.03125
0 0.58046875 0.11328125 0.0609375 0.04375
0 0.640625 0.0765625 0.0484375 0.01875
0 0.6453125 0.05546875 0.034375 0.025
0 0.346875 0.796875 0.0609375 0.021875
0 0.35 0.81640625 0.0515625 0.025
0 0.29375 0.90390625 0.1015625 0.0328125
0 0.26484375 0.94375 0.078125 0.021875
0 0.28515625 0.9625 0.0484375 0.025