0 0.46953125 0.53359375 0.153125 0.078125
0 0.83046875 0.6609375 0.2125 0.0671875
0 0.734375 0.46015625 0.20625 0.071875
0 0.7953125 0.503125 0.1984375 0.071875
0 0.92578125 0.4953125 0.1484375 0.065625
0 0.90703125 0.2359375 0.1859375 0.103125
0 0.8390625 0.20859375 0.23125 0.1046875
0 0.68359375 0.153125 0.2125 0.1140625
0 0.59296875 0.13203125 0.209375 0.1046875
0 0.49765625 0.20234375 0.178125 0.115625
0 0.6390625 0.28125 0.1984375 0.08125
0 0.3828125 0.33359375 0.1875 0.1046875
0 0.41953125 0.12421875 0.171875 0.165625
0 0.06640625 0.53828125 0.1328125 0.0984375
0 0.37734375 0.746875 0.1703125 0.0984375
0 0.515625 0.85078125 0.159375 0.10625
0 0.359375 0.89375 0.1703125 0.1203125
0 0.2015625 0.828125 0.15625 0.128125
0 0.43515625 0.95703125 0.1546875 0.0859375