0 0.0390625 0.16640625 0.05078125 0.1484375
0 0.11953125 0.17890625 0.06640625 0.171875
0 0.38125 0.334375 0.06875 0.190625
0 0.48984375 0.3953125 0.05390625 0.1640625
0 0.25703125 0.87734375 0.07734375 0.16640625
0 0.1265625 0.90234375 0.071875 0.10859375
0 0.4015625 0.71796875 0.06640625 0.2140625
0 0.54609375 0.778125 0.07109375 0.2046875
0 0.18828125 0.490625 0.04375 0.15078125
0 0.21796875 0.5109375 0.04140625 0.16015625
0 0.2484375 0.5015625 0.03984375 0.13515625
0 0.23125 0.44140625 0.01875 0.053125
0 0.54609375 0.25390625 0.0359375 0.13203125
0 0.6515625 0.67265625 0.06953125 0.17578125
0 0.94140625 0.46640625 0.06328125 0.20234375
0 0.6640625 0.22578125 0.0703125 0.165625
0 0.5703125 0.1484375 0.04609375 0.1359375
0 0.5 0.09765625 0.040625 0.13203125
0 0.528125 0.09765625 0.02578125 0.1140625
0 0.3734375 0.0671875 0.03359375 0.09765625
0 0.596875 0.046875 0.01875 0.0671875
0 0.64140625 0.03359375 0.021875 0.0671875
0 0.6671875 0.0484375 0.0296875 0.09375
0 0.72734375 0.07578125 0.03515625 0.14296875
0 0.78125 0.0796875 0.0375 0.14921875
0 0.965625 0.1703125 0.0390625 0.13359375
0 0.9765625 0.25625 0.03515625 0.13203125
0 0.990625 0.1453125 0.01875 0.084375
0 0.98203125 0.10078125 0.02109375 0.04765625
0 0.6109375 0.034375 0.021875 0.06875
0 0.4953125 0.0296875 0.02890625 0.059375