0 0.11328125 0.31796875 0.040625 0.078125
0 0.15078125 0.31171875 0.046875 0.053125
0 0.18046875 0.3171875 0.0375 0.059375
0 0.21953125 0.28984375 0.03125 0.065625
0 0.27890625 0.3328125 0.053125 0.11875
0 0.07890625 0.665625 0.1578125 0.66875
0 0.19296875 0.68359375 0.1453125 0.6125
0 0.2609375 0.42734375 0.075 0.140625
0 0.3328125 0.6625 0.1453125 0.590625
0 0.39375 0.4 0.0796875 0.1515625
0 0.4734375 0.53046875 0.140625 0.425
0 0.53828125 0.42421875 0.096875 0.153125
0 0.6296875 0.36484375 0.075 0.1171875
0 0.59140625 0.48671875 0.084375 0.234375
0 0.6765625 0.42265625 0.103125 0.184375
0 0.7125 0.475 0.1125 0.15
0 0.82265625 0.45078125 0.121875 0.2328125
0 0.90234375 0.6828125 0.1390625 0.5828125
0 0.96171875 0.440625 0.028125 0.146875
0 0.8671875 0.4015625 0.0375 0.08125