0 0.090625 0.56796875 0.1 0.2859375
0 0.15 0.5921875 0.1078125 0.25
0 0.19765625 0.51171875 0.1296875 0.3328125
0 0.2796875 0.65390625 0.11875 0.21875
0 0.315625 0.59609375 0.0984375 0.190625
0 0.3 0.36328125 0.2 0.309375
0 0.3828125 0.58359375 0.128125 0.259375
0 0.48125 0.6484375 0.1296875 0.259375
0 0.56875 0.60390625 0.171875 0.315625
0 0.4609375 0.40234375 0.1265625 0.165625
0 0.5453125 0.296875 0.2484375 0.3296875
0 0.77109375 0.26640625 0.2078125 0.484375
0 0.6703125 0.57265625 0.159375 0.328125
0 0.7609375 0.625 0.1125 0.246875
0 0.91484375 0.52578125 0.1125 0.471875
0 0.84765625 0.5921875 0.1234375 0.3640625