0 0.75703125 0.14140625 0.04375 0.0796875
0 0.7484375 0.0703125 0.053125 0.065625
0 0.77265625 0.03046875 0.0375 0.05625
0 0.73671875 0.025 0.028125 0.05
0 0.71171875 0.0171875 0.0234375 0.034375
0 0.86953125 0.09921875 0.05625 0.171875
0 0.93125 0.028125 0.034375 0.05625
0 0.96484375 0.090625 0.053125 0.103125
0 0.8984375 0.24296875 0.04375 0.1515625
0 0.82109375 0.24921875 0.0375 0.15
0 0.85 0.31796875 0.021875 0.075
0 0.67109375 0.10390625 0.028125 0.040625
0 0.65859375 0.071875 0.021875 0.0375
0 0.63828125 0.09296875 0.03125 0.040625
0 0.62109375 0.08125 0.028125 0.040625
0 0.6078125 0.04296875 0.021875 0.059375
0 0.58046875 0.04140625 0.040625 0.071875
0 0.6375 0.04453125 0.040625 0.0625
0 0.55859375 0.025 0.025 0.0390625
0 0.54296875 0.04296875 0.0375 0.059375
0 0.53046875 0.096875 0.01875 0.090625
0 0.50703125 0.071875 0.034375 0.125
0 0.471875 0.06875 0.028125 0.121875
0 0.45234375 0.05703125 0.025 0.084375
0 0.440625 0.21484375 0.0375 0.125
0 0.45859375 0.32890625 0.021875 0.0875
0 0.45078125 0.37578125 0.028125 0.059375
0 0.43984375 0.44453125 0.01875 0.078125
0 0.40546875 0.440625 0.034375 0.078125
0 0.46796875 0.45546875 0.034375 0.059375
0 0.2796875 0.4734375 0.01875 0.053125
0 0.26953125 0.5 0.015625 0.04375
0 0.25546875 0.471875 0.01875 0.0703125
0 0.22578125 0.45859375 0.03125 0.0609375
0 0.21015625 0.46796875 0.028125 0.075
0 0.51953125 0.47578125 0.034375 0.0703125
0 0.5453125 0.4859375 0.028125 0.06875
0 0.571875 0.49296875 0.021875 0.0890625
0 0.5890625 0.49140625 0.025 0.109375
0 0.6296875 0.5484375 0.025 0.0890625
0 0.66796875 0.578125 0.034375 0.0625
0 0.70234375 0.55703125 0.028125 0.0625
0 0.68984375 0.58203125 0.025 0.06875
0 0.68125 0.46796875 0.021875 0.05
0 0.63515625 0.446875 0.028125 0.0390625
0 0.69296875 0.44375 0.03125 0.0796875
0 0.7015625 0.4859375 0.025 0.05625
0 0.73828125 0.446875 0.03125 0.109375
0 0.78046875 0.49453125 0.021875 0.11875
0 0.77578125 0.596875 0.03125 0.075
0 0.746875 0.590625 0.025 0.0703125
0 0.81875 0.503125 0.03125 0.0609375
0 0.82265625 0.4390625 0.03125 0.05625
0 0.840625 0.46015625 0.03125 0.05625
0 0.86640625 0.45625 0.028125 0.0875
0 0.84921875 0.52890625 0.0375 0.05625
0 0.87421875 0.52109375 0.021875 0.046875
0 0.90078125 0.534375 0.021875 0.05
0 0.88671875 0.59921875 0.028125 0.05625
0 0.87421875 0.56484375 0.028125 0.0375
0 0.88046875 0.6734375 0.034375 0.05
0 0.9265625 0.6484375 0.025 0.0484375
0 0.94140625 0.64921875 0.03125 0.028125
0 0.95234375 0.6296875 0.01875 0.0515625
0 0.92265625 0.553125 0.028125 0.071875
0 0.94140625 0.53671875 0.034375 0.0703125
0 0.9125 0.44296875 0.028125 0.096875
0 0.88828125 0.45390625 0.028125 0.059375
0 0.95234375 0.409375 0.046875 0.08125
0 0.9796875 0.42109375 0.03125 0.05
0 0.96171875 0.490625 0.021875 0.0703125
0 0.98828125 0.49921875 0.021875 0.06875
0 0.6875 0.26484375 0.034375 0.103125