0 0.8234375 0.8921875 0.215625 0.128125
0 0.83125 0.74921875 0.19375 0.1390625
0 0.78671875 0.653125 0.240625 0.146875
0 0.86953125 0.53359375 0.1328125 0.071875
0 0.771875 0.4859375 0.3125 0.14375
0 0.7453125 0.38125 0.340625 0.1421875
0 0.84140625 0.27734375 0.1125 0.071875
0 0.81875 0.1953125 0.175 0.1078125
0 0.71171875 0.0828125 0.371875 0.103125
0 0.4625 0.1375 0.671875 0.128125
0 0.6390625 0.2734375 0.315625 0.159375
0 0.26328125 0.32578125 0.5265625 0.2171875
0 0.28046875 0.5 0.5609375 0.1625
0 0.27421875 0.634375 0.525 0.1671875
0 0.4921875 0.73125 0.4734375 0.134375
0 0.5296875 0.84765625 0.4 0.1375