0 0.1078125 0.1765625 0.128125 0.21640625
0 0.25078125 0.16875 0.13828125 0.19375
0 0.346875 0.21328125 0.14609375 0.240625
0 0.46640625 0.13046875 0.07265625 0.1328125
0 0.5140625 0.228125 0.14375 0.31171875
0 0.61875 0.2546875 0.1421875 0.33984375
0 0.72265625 0.15859375 0.07265625 0.11328125
0 0.8046875 0.18125 0.1078125 0.17578125
0 0.9171875 0.28828125 0.10234375 0.371875
0 0.8625 0.5375 0.12890625 0.671875
0 0.7265625 0.3609375 0.16015625 0.31484375
0 0.67421875 0.73671875 0.2171875 0.5265625
0 0.5 0.71953125 0.1625 0.5609375
0 0.365625 0.72578125 0.1671875 0.525
0 0.26875 0.5078125 0.13515625 0.4734375
0 0.15234375 0.4703125 0.13671875 0.39921875