0 0.178125 0.75078125 0.04140625 0.14296875
0 0.15546875 0.675 0.0375 0.07578125
0 0.26015625 0.540625 0.03359375 0.10703125
0 0.29140625 0.51953125 0.028125 0.04296875
0 0.30390625 0.553125 0.02421875 0.071875
0 0.3203125 0.5453125 0.01953125 0.05390625
0 0.36484375 0.56015625 0.034375 0.05703125
0 0.31171875 0.73046875 0.04609375 0.1015625
0 0.23828125 0.86015625 0.04140625 0.07578125
0 0.24921875 0.91796875 0.0375 0.04296875
0 0.265625 0.97421875 0.02734375 0.0515625
0 0.228125 0.97109375 0.03515625 0.05703125
0 0.24609375 0.9515625 0.02734375 0.0515625
0 0.325 0.88359375 0.03515625 0.0515625
0 0.34140625 0.91953125 0.03046875 0.03515625
0 0.36171875 0.89140625 0.021875 0.03515625
0 0.37109375 0.91328125 0.02421875 0.0515625
0 0.38984375 0.94921875 0.028125 0.05703125
0 0.41640625 0.953125 0.028125 0.05703125
0 0.44296875 0.97421875 0.021875 0.03671875
0 0.46171875 0.946875 0.028125 0.05390625
0 0.48125 0.8796875 0.01015625 0.040625
0 0.49296875 0.8546875 0.01640625 0.05390625
0 0.496875 0.88984375 0.01640625 0.05703125
0 0.51015625 0.9234375 0.01328125 0.14296875
0 0.5234375 0.925 0.01796875 0.11328125
0 0.54140625 0.92890625 0.01640625 0.08359375
0 0.5546875 0.7796875 0.02578125 0.1
0 0.54453125 0.66875 0.021875 0.08515625
0 0.54453125 0.61953125 0.02109375 0.03515625
0 0.55546875 0.56328125 0.01953125 0.0890625
0 0.58515625 0.5546875 0.03125 0.07578125
0 0.5375 0.54609375 0.025 0.08125
0 0.47890625 0.51875 0.02890625 0.078125
0 0.45625 0.51953125 0.025 0.0796875
0 0.4109375 0.509375 0.01953125 0.10703125
0 0.425 0.50390625 0.02890625 0.08515625
0 0.37265625 0.4515625 0.03359375 0.08125
0 0.3375 0.43125 0.025 0.059375
0 0.30859375 0.428125 0.0375 0.05546875
0 0.29921875 0.4484375 0.0375 0.059375
0 0.25546875 0.42109375 0.03046875 0.090625
0 0.22734375 0.41171875 0.025 0.08671875
0 0.21953125 0.50859375 0.028125 0.128125
0 0.18359375 0.49921875 0.025 0.0609375
0 0.178125 0.5640625 0.03125 0.07578125
0 0.1625 0.5390625 0.01875 0.040625
0 0.12890625 0.54609375 0.03828125 0.09609375
0 0.10859375 0.546875 0.025 0.04296875
0 0.09609375 0.54921875 0.02890625 0.0609375
0 0.1234375 0.47890625 0.02421875 0.05390625
0 0.15 0.47578125 0.03515625 0.0515625
0 0.109375 0.415625 0.03359375 0.06484375
0 0.10546875 0.478125 0.03203125 0.0515625
0 0.07890625 0.45390625 0.021875 0.0703125
0 0.05546875 0.459375 0.025 0.06640625
0 0.05234375 0.57890625 0.04296875 0.071875
0 0.03671875 0.58515625 0.03125 0.0703125
0 0.02421875 0.51796875 0.03359375 0.05703125
0 0.0140625 0.49140625 0.02421875 0.04296875
0 0.04609375 0.36875 0.03046875 0.03671875
0 0.05859375 0.359375 0.021875 0.03671875
0 0.0734375 0.3515625 0.028125 0.04453125
0 0.11484375 0.33671875 0.03125 0.07421875
0 0.10078125 0.76171875 0.03671875 0.15390625
0 0.11171875 0.9046875 0.05 0.1796875
0 0.025 0.91796875 0.04375 0.1640625
0 0.071875 0.97734375 0.040625 0.0453125
0 0.64921875 0.675 0.03125 0.090625
0 0.725 0.53046875 0.02109375 0.0609375
0 0.725 0.51171875 0.01875 0.06484375
0 0.74453125 0.51875 0.01484375 0.059375
0 0.77578125 0.54296875 0.01484375 0.05546875
0 0.784375 0.5234375 0.02265625 0.08359375