0 0.24921875 0.178125 0.14375 0.040625
0 0.325 0.15546875 0.075 0.0375
0 0.459375 0.26015625 0.10625 0.034375
0 0.48046875 0.29140625 0.04375 0.028125
0 0.446875 0.30390625 0.071875 0.025
0 0.4546875 0.3203125 0.053125 0.01875
0 0.43984375 0.36484375 0.05625 0.034375
0 0.26953125 0.31171875 0.1015625 0.046875
0 0.13984375 0.23828125 0.075 0.040625
0 0.08203125 0.24921875 0.04375 0.0375
0 0.02578125 0.265625 0.0515625 0.028125
0 0.02890625 0.228125 0.05625 0.034375
0 0.0484375 0.24609375 0.0515625 0.028125
0 0.11640625 0.325 0.0515625 0.034375
0 0.08046875 0.34140625 0.034375 0.03125
0 0.10859375 0.36171875 0.034375 0.021875
0 0.08671875 0.37109375 0.0515625 0.025
0 0.05078125 0.38984375 0.05625 0.028125
0 0.046875 0.41640625 0.05625 0.028125
0 0.02578125 0.44296875 0.0375 0.021875
0 0.053125 0.46171875 0.053125 0.028125
0 0.1203125 0.48125 0.040625 0.009375
0 0.1453125 0.49296875 0.053125 0.015625
0 0.11015625 0.496875 0.05625 0.015625
0 0.0765625 0.51015625 0.14375 0.0125
0 0.075 0.5234375 0.1125 0.01875
0 0.07109375 0.54140625 0.084375 0.015625
0 0.2203125 0.5546875 0.1 0.025
0 0.33125 0.54453125 0.084375 0.021875
0 0.38046875 0.54453125 0.034375 0.021875
0 0.43671875 0.55546875 0.0890625 0.01875
0 0.4453125 0.58515625 0.075 0.03125
0 0.45390625 0.5375 0.08125 0.025
0 0.48125 0.47890625 0.078125 0.028125
0 0.48046875 0.45625 0.0796875 0.025
0 0.490625 0.4109375 0.10625 0.01875
0 0.49609375 0.425 0.084375 0.028125
0 0.5484375 0.37265625 0.08125 0.034375
0 0.56875 0.3375 0.059375 0.025
0 0.571875 0.30859375 0.05625 0.0375
0 0.5515625 0.29921875 0.059375 0.0375
0 0.57890625 0.25546875 0.090625 0.03125
0 0.58828125 0.22734375 0.0875 0.025
0 0.49140625 0.21953125 0.128125 0.028125
0 0.50078125 0.18359375 0.0609375 0.025
0 0.4359375 0.178125 0.075 0.03125
0 0.4609375 0.1625 0.040625 0.01875
0 0.45390625 0.12890625 0.096875 0.0375
0 0.453125 0.10859375 0.04375 0.025
0 0.45078125 0.09609375 0.0609375 0.028125
0 0.52109375 0.1234375 0.053125 0.025
0 0.52421875 0.15 0.0515625 0.034375
0 0.584375 0.109375 0.065625 0.034375
0 0.521875 0.10546875 0.0515625 0.03125
0 0.54609375 0.07890625 0.0703125 0.021875
0 0.540625 0.05546875 0.065625 0.025
0 0.42109375 0.05234375 0.071875 0.04375
0 0.41484375 0.03671875 0.0703125 0.03125
0 0.48203125 0.02421875 0.05625 0.034375
0 0.50859375 0.0140625 0.04375 0.025
0 0.63125 0.04609375 0.0375 0.03125
0 0.640625 0.05859375 0.0375 0.021875
0 0.6484375 0.0734375 0.04375 0.028125
0 0.66328125 0.11484375 0.075 0.03125
0 0.23828125 0.10078125 0.153125 0.0375
0 0.0953125 0.11171875 0.1796875 0.05
0 0.08203125 0.025 0.1640625 0.04375
0 0.02265625 0.071875 0.0453125 0.040625
0 0.325 0.64921875 0.090625 0.03125
0 0.46953125 0.725 0.0609375 0.021875
0 0.48828125 0.725 0.065625 0.01875
0 0.48125 0.74453125 0.059375 0.015625
0 0.45703125 0.77578125 0.05625 0.015625
0 0.4765625 0.784375 0.084375 0.021875