0 0.096875 0.89921875 0.05234375 0.1609375
0 0.02265625 0.89453125 0.0453125 0.1578125
0 0.10859375 0.75078125 0.04765625 0.10546875
0 0.17890625 0.76171875 0.04296875 0.15703125
0 0.15546875 0.68203125 0.02734375 0.08359375
0 0.2390625 0.87109375 0.03203125 0.0984375
0 0.22265625 0.9640625 0.03828125 0.071875
0 0.25390625 0.92109375 0.028125 0.0390625
0 0.27578125 0.975 0.03359375 0.05
0 0.06484375 0.97421875 0.04296875 0.0515625
0 0.33125 0.89140625 0.0375 0.04296875
0 0.33671875 0.93515625 0.025 0.0703125
0 0.36171875 0.91484375 0.02890625 0.0703125
0 0.378125 0.91796875 0.02890625 0.0609375
0 0.3578125 0.9546875 0.02578125 0.071875
0 0.3390625 0.975 0.02578125 0.0390625
0 0.3953125 0.94609375 0.028125 0.0515625
0 0.4203125 0.96171875 0.03046875 0.07578125
0 0.44296875 0.9765625 0.02421875 0.04609375
0 0.45390625 0.953125 0.025 0.05703125
0 0.47421875 0.91640625 0.02578125 0.12578125
0 0.49296875 0.91875 0.01953125 0.11875
0 0.51953125 0.93046875 0.02109375 0.11640625
0 0.509375 0.8515625 0.02109375 0.05546875
0 0.54140625 0.93515625 0.028125 0.08125
0 0.5546875 0.77421875 0.021875 0.10703125
0 0.54609375 0.66796875 0.021875 0.0796875
0 0.53671875 0.62109375 0.021875 0.03515625
0 0.5546875 0.55625 0.021875 0.09453125
0 0.58359375 0.5609375 0.01953125 0.078125
0 0.60859375 0.546875 0.025 0.07578125
0 0.534375 0.540625 0.03125 0.06640625
0 0.47890625 0.52109375 0.028125 0.06484375
0 0.4546875 0.51640625 0.02578125 0.05546875
0 0.4296875 0.5 0.01328125 0.07421875
0 0.41328125 0.50625 0.025 0.109375
0 0.3546875 0.55078125 0.02421875 0.03515625
0 0.375 0.446875 0.02890625 0.090625
0 0.334375 0.42890625 0.01875 0.05390625
0 0.3109375 0.42109375 0.02421875 0.05703125
0 0.29296875 0.44140625 0.03984375 0.0609375
0 0.30234375 0.55390625 0.01875 0.059375
0 0.32109375 0.5359375 0.02265625 0.05703125
0 0.296875 0.51015625 0.02734375 0.03515625
0 0.2640625 0.54375 0.03828125 0.08359375
0 0.2140625 0.50859375 0.01953125 0.10546875
0 0.22890625 0.403125 0.02578125 0.07578125
0 0.253125 0.409375 0.02734375 0.08515625
0 0.18203125 0.490625 0.021875 0.05546875
0 0.18046875 0.5609375 0.02734375 0.07421875
0 0.16171875 0.5390625 0.03046875 0.059375
0 0.13203125 0.54140625 0.028125 0.09453125
0 0.11328125 0.553125 0.025 0.05
0 0.09453125 0.53359375 0.01875 0.040625
0 0.12265625 0.46875 0.02109375 0.040625
0 0.1546875 0.4765625 0.03046875 0.05390625
0 0.128125 0.4390625 0.02109375 0.040625
0 0.0984375 0.46953125 0.021875 0.05
0 0.11171875 0.41171875 0.02109375 0.0390625
0 0.11484375 0.32890625 0.02734375 0.071875
0 0.07890625 0.3546875 0.021875 0.04296875
0 0.06328125 0.3609375 0.01796875 0.03359375
0 0.04453125 0.3796875 0.01953125 0.05546875
0 0.05859375 0.46015625 0.03203125 0.05703125
0 0.0765625 0.45390625 0.03046875 0.078125
0 0.05390625 0.58828125 0.03828125 0.06484375
0 0.02890625 0.5859375 0.021875 0.071875
0 0.015625 0.5453125 0.03125 0.13125
0 0.01328125 0.4984375 0.025 0.0703125
0 0.30859375 0.74296875 0.05078125 0.11875
0 0.653125 0.671875 0.02890625 0.09296875
0 0.721875 0.5234375 0.01484375 0.04296875
0 0.73359375 0.50390625 0.01875 0.0515625
0 0.74296875 0.53046875 0.02578125 0.0796875
0 0.77265625 0.54453125 0.025 0.06328125
0 0.79296875 0.54453125 0.025 0.07421875