0 0.596875 0.7734375 0.06875 0.034375
0 0.58984375 0.74921875 0.1125 0.034375
0 0.55390625 0.70625 0.065625 0.034375
0 0.58125 0.69375 0.0515625 0.021875
0 0.56875 0.66875 0.059375 0.040625
0 0.546875 0.62578125 0.0875 0.03125
0 0.49296875 0.5890625 0.078125 0.025
0 0.49921875 0.57265625 0.0609375 0.021875
0 0.47578125 0.54453125 0.075 0.03125
0 0.48359375 0.51953125 0.075 0.0375
0 0.45859375 0.46328125 0.071875 0.025
0 0.43828125 0.44453125 0.09375 0.028125
0 0.44609375 0.41171875 0.0625 0.03125
0 0.32109375 0.4546875 0.0984375 0.025
0 0.38203125 0.46328125 0.03125 0.03125
0 0.228125 0.44765625 0.1 0.0375
0 0.15625 0.46796875 0.05 0.0375
0 0.07421875 0.47265625 0.103125 0.03125
0 0.06796875 0.44921875 0.06875 0.01875
0 0.0796875 0.49375 0.103125 0.021875
0 0.025 0.55390625 0.034375 0.03125
0 0.07109375 0.51328125 0.109375 0.021875
0 0.115625 0.5375 0.084375 0.03125
0 0.03671875 0.54296875 0.0625 0.040625
0 0.0375 0.5875 0.075 0.034375
0 0.04296875 0.60546875 0.034375 0.0203125
0 0.07890625 0.61875 0.05 0.021875
0 0.096875 0.64296875 0.05625 0.028125
0 0.03046875 0.63359375 0.0609375 0.0375
0 0.05390625 0.65859375 0.078125 0.028125
0 0.10390625 0.66796875 0.059375 0.021875
0 0.02421875 0.72265625 0.0484375 0.028125
0 0.071875 0.73828125 0.0515625 0.028125
0 0.13125 0.75859375 0.09375 0.034375
0 0.03359375 0.7765625 0.065625 0.0484375
0 0.20546875 0.825 0.1515625 0.040625
0 0.25 0.7046875 0.10625 0.03125
0 0.31484375 0.83203125 0.078125 0.040625
0 0.19453125 0.88515625 0.178125 0.059375
0 0.13515625 0.93046875 0.1515625 0.05
0 0.02890625 0.93671875 0.05625 0.040625
0 0.10703125 0.978125 0.184375 0.0375
0 0.43984375 0.825 0.071875 0.021875
0 0.51015625 0.82109375 0.065625 0.021875
0 0.49609375 0.78359375 0.10625 0.0375
0 0.4453125 0.73515625 0.109375 0.0375
0 0.44609375 0.69765625 0.059375 0.021875
0 0.490625 0.7015625 0.01875 0.021875
0 0.45390625 0.67890625 0.0515625 0.025
0 0.44609375 0.6390625 0.0515625 0.028125
0 0.53359375 0.84453125 0.0515625 0.028125
0 0.46484375 0.865625 0.1109375 0.034375
0 0.46015625 0.8875 0.05 0.025
0 0.44375 0.90859375 0.0796875 0.0265625
0 0.534375 0.90234375 0.046875 0.01875
0 0.53515625 0.87734375 0.0703125 0.028125
0 0.60546875 0.8921875 0.0625 0.025
0 0.659375 0.88203125 0.0703125 0.0421875
0 0.646875 0.92734375 0.05 0.021875
0 0.646875 0.94296875 0.0390625 0.0328125
0 0.6390625 0.96171875 0.0484375 0.0375
0 0.534375 0.940625 0.0796875 0.025
0 0.54453125 0.9203125 0.065625 0.025
0 0.409375 0.95234375 0.0890625 0.0375
0 0.43203125 0.96796875 0.0609375 0.0265625
0 0.45859375 0.98984375 0.1203125 0.015625
0 0.34921875 0.33046875 0.09375 0.021875
0 0.46875 0.28125 0.08125 0.025
0 0.49296875 0.265625 0.059375 0.01875
0 0.4765625 0.25625 0.046875 0.015625
0 0.4484375 0.2140625 0.09375 0.040625