0 0.33984375 0.58125 0.1125 0.20625
0 0.5109375 0.5390625 0.08671875 0.184375
0 0.465625 0.27109375 0.0703125 0.21640625
0 0.284375 0.36015625 0.11171875 0.18828125
0 0.1953125 0.50625 0.1203125 0.1625
0 0.10234375 0.58203125 0.128125 0.16484375
0 0.11640625 0.39765625 0.1203125 0.18828125
0 0.13984375 0.30234375 0.13203125 0.20859375
0 0.196875 0.1828125 0.11953125 0.20625
0 0.51953125 0.18125 0.065625 0.19609375
0 0.66328125 0.153125 0.0859375 0.234375
0 0.72734375 0.62265625 0.1203125 0.221875
0 0.83671875 0.475 0.10703125 0.18046875
0 0.81015625 0.79453125 0.1609375 0.140625
0 0.8734375 0.640625 0.12578125 0.1390625