0 0.6546875 0.03828125 0.2125 0.075
0 0.36015625 0.01640625 0.1484375 0.0328125
0 0.17890625 0.03671875 0.1453125 0.046875
0 0.26015625 0.1 0.178125 0.06875
0 0.225 0.38828125 0.1828125 0.0578125
0 0.4953125 0.18671875 0.1625 0.040625
0 0.51328125 0.21640625 0.1625 0.05
0 0.509375 0.25703125 0.1375 0.0484375
0 0.4546875 0.22421875 0.0625 0.025
0 0.52890625 0.409375 0.1828125 0.053125
0 0.565625 0.50078125 0.190625 0.0625
0 0.73671875 0.58359375 0.221875 0.084375
0 0.89921875 0.67265625 0.1140625 0.059375
0 0.9078125 0.77109375 0.1 0.0625
0 0.7609375 0.8203125 0.2125 0.0640625
0 0.5984375 0.96328125 0.2265625 0.06875
0 0.11484375 0.87578125 0.1453125 0.028125
0 0.1171875 0.89921875 0.146875 0.01875
0 0.128125 0.671875 0.15625 0.0390625
0 0.17578125 0.50078125 0.13125 0.040625
0 0.1765625 0.52890625 0.13125 0.028125
0 0.16015625 0.5515625 0.125 0.028125
0 0.0609375 0.45078125 0.1140625 0.0296875
0 0.07578125 0.51484375 0.1 0.028125
0 0.0734375 0.559375 0.1125 0.0375
0 0.040625 0.50078125 0.08125 0.025
0 0.03984375 0.58671875 0.0796875 0.01875
0 0.0375 0.609375 0.075 0.0203125
0 0.03671875 0.640625 0.071875 0.025
0 0.0859375 0.73046875 0.1375 0.034375
0 0.13828125 0.97109375 0.1390625 0.0328125
0 0.1859375 0.98359375 0.1375 0.0328125
0 0.071875 0.928125 0.128125 0.028125
0 0.078125 0.9609375 0.1 0.0390625