0 0.27109375 0.790625 0.05546875 0.13359375
0 0.23203125 0.87890625 0.0375 0.11640625
0 0.259375 0.934375 0.03515625 0.05
0 0.21328125 0.97109375 0.05234375 0.05
0 0.16796875 0.98046875 0.03125 0.0390625
0 0.12890625 0.89453125 0.03984375 0.159375
0 0.11796875 0.76484375 0.028125 0.09296875
0 0.14765625 0.7234375 0.05234375 0.1609375
0 0.05390625 0.81015625 0.04609375 0.15390625
0 0.01796875 0.840625 0.03046875 0.1
0 0.025 0.934375 0.03125 0.12421875
0 0.06796875 0.98046875 0.03203125 0.0390625
0 0.26796875 0.97890625 0.04375 0.03515625
0 0.32265625 0.88828125 0.02734375 0.0609375
0 0.34140625 0.92109375 0.02734375 0.05390625
0 0.35546875 0.89609375 0.01640625 0.040625
0 0.37421875 0.91015625 0.02734375 0.0390625
0 0.36015625 0.93671875 0.03046875 0.02578125
0 0.3421875 0.978125 0.034375 0.040625
0 0.39921875 0.9640625 0.046875 0.071875
0 0.4453125 0.97890625 0.028125 0.0390625
0 0.46171875 0.96484375 0.03125 0.059375
0 0.48359375 0.91953125 0.02265625 0.1015625
0 0.50546875 0.9203125 0.015625 0.12578125
0 0.52265625 0.93515625 0.02578125 0.11875
0 0.54921875 0.93984375 0.03125 0.1015625
0 0.52734375 0.84140625 0.028125 0.0796875
0 0.534375 0.80703125 0.02109375 0.0484375
0 0.553125 0.76953125 0.03359375 0.0984375
0 0.54609375 0.671875 0.02265625 0.0890625
0 0.53046875 0.63046875 0.015625 0.05703125
0 0.55703125 0.55703125 0.01875 0.08515625
0 0.58515625 0.55546875 0.034375 0.059375
0 0.53671875 0.534375 0.02265625 0.05390625
0 0.47734375 0.51796875 0.01875 0.0609375
0 0.45390625 0.515625 0.01875 0.07578125
0 0.42578125 0.496875 0.01875 0.06484375
0 0.40546875 0.50703125 0.02890625 0.10390625
0 0.3734375 0.4484375 0.028125 0.08125
0 0.36171875 0.55078125 0.03046875 0.04296875
0 0.32734375 0.54453125 0.02578125 0.0515625
0 0.30390625 0.55546875 0.021875 0.06328125
0 0.30546875 0.51484375 0.01640625 0.04453125
0 0.2625 0.5484375 0.03359375 0.10703125
0 0.29765625 0.43671875 0.02890625 0.0515625
0 0.30625 0.4140625 0.01015625 0.05390625
0 0.33046875 0.42578125 0.03046875 0.04453125
0 0.21796875 0.51171875 0.03828125 0.1015625
0 0.25078125 0.41796875 0.021875 0.08359375
0 0.22890625 0.4046875 0.01875 0.06875
0 0.1796875 0.4953125 0.03046875 0.05390625
0 0.175 0.55546875 0.03515625 0.078125
0 0.15703125 0.53359375 0.02109375 0.04453125
0 0.13203125 0.54375 0.04140625 0.0796875
0 0.109375 0.546875 0.02734375 0.04609375
0 0.09296875 0.5390625 0.03046875 0.0484375
0 0.0484375 0.58359375 0.034375 0.078125
0 0.02890625 0.5796875 0.025 0.0515625
0 0.0078125 0.56328125 0.015625 0.11484375
0 0.0140625 0.49296875 0.02421875 0.05546875
0 0.05859375 0.45625 0.02109375 0.05703125
0 0.078125 0.44609375 0.01640625 0.05546875
0 0.10078125 0.47109375 0.02734375 0.06875
0 0.13046875 0.475 0.03125 0.04609375
0 0.14921875 0.478125 0.028125 0.05546875
0 0.1171875 0.4140625 0.034375 0.04296875
0 0.1171875 0.3359375 0.02421875 0.06875
0 0.075 0.35078125 0.02265625 0.05
0 0.0578125 0.3640625 0.021875 0.028125
0 0.70390625 0.63828125 0.02578125 0.08671875
0 0.72109375 0.525 0.01640625 0.06875
0 0.73359375 0.49921875 0.021875 0.0390625
0 0.746875 0.50703125 0.02890625 0.06640625
0 0.77734375 0.54296875 0.02890625 0.06328125
0 0.8328125 0.65625 0.02578125 0.0609375
0 0.80703125 0.6546875 0.03046875 0.05703125
0 0.94453125 0.72890625 0.03046875 0.08359375
0 0.96015625 0.709375 0.021875 0.0515625