0 0.9265625 0.0625 0.1125 0.05
0 0.89375 0.1265625 0.115625 0.0375
0 0.97578125 0.10859375 0.0484375 0.034375
0 0.97578125 0.18671875 0.0484375 0.0375
0 0.93984375 0.26171875 0.06875 0.034375
0 0.884375 0.23671875 0.13125 0.03125
0 0.85625 0.28671875 0.153125 0.053125
0 0.89140625 0.33203125 0.0609375 0.028125
0 0.89296875 0.34921875 0.04375 0.0125
0 0.90546875 0.36015625 0.04375 0.015625
0 0.915625 0.37734375 0.046875 0.021875
0 0.965625 0.39765625 0.06875 0.0375
0 0.9640625 0.3625 0.06875 0.040625
0 0.98515625 0.3484375 0.0296875 0.0375
0 0.97578125 0.44921875 0.0484375 0.034375
0 0.934375 0.47734375 0.1203125 0.028125
0 0.92109375 0.49921875 0.1390625 0.015625
0 0.94140625 0.51484375 0.1125 0.021875
0 0.95078125 0.54765625 0.0984375 0.034375
0 0.81640625 0.53671875 0.10625 0.03125
0 0.746875 0.54296875 0.0609375 0.028125
0 0.66953125 0.54140625 0.0796875 0.028125
0 0.63046875 0.53046875 0.06875 0.028125
0 0.57421875 0.5578125 0.121875 0.021875
0 0.5515625 0.540625 0.09375 0.028125
0 0.553125 0.5890625 0.06875 0.028125
0 0.546875 0.61484375 0.06875 0.025
0 0.521875 0.47890625 0.0703125 0.025
0 0.5234375 0.45703125 0.06875 0.025
0 0.509375 0.42734375 0.09375 0.01875
0 0.5 0.41171875 0.09375 0.028125
0 0.44921875 0.36953125 0.0796875 0.03125
0 0.43125 0.33046875 0.065625 0.015625
0 0.421875 0.31171875 0.078125 0.034375
0 0.44921875 0.2921875 0.05625 0.03125
0 0.56171875 0.30078125 0.0796875 0.028125
0 0.5140625 0.3015625 0.053125 0.03125
0 0.54453125 0.3234375 0.04375 0.01875
0 0.56171875 0.36484375 0.04375 0.0375
0 0.54921875 0.259375 0.0984375 0.040625
0 0.51171875 0.21640625 0.09375 0.034375
0 0.484375 0.18515625 0.075 0.021875
0 0.56328125 0.18046875 0.0625 0.03125
0 0.53984375 0.16484375 0.028125 0.028125
0 0.41015625 0.22265625 0.075 0.028125
0 0.415625 0.24765625 0.0796875 0.0375
0 0.4734375 0.14921875 0.046875 0.034375
0 0.534375 0.12734375 0.1015625 0.03125
0 0.553125 0.11328125 0.04375 0.028125
0 0.54296875 0.09140625 0.05625 0.03125
0 0.4515625 0.13125 0.05625 0.028125
0 0.41640625 0.11484375 0.04375 0.03125
0 0.475 0.10703125 0.065625 0.03125
0 0.45703125 0.07890625 0.075 0.028125
0 0.459375 0.05859375 0.0625 0.0375
0 0.5765625 0.0515625 0.075 0.03125
0 0.56953125 0.0328125 0.04375 0.01875
0 0.6140625 0.02421875 0.115625 0.03125
0 0.51015625 0.01171875 0.0796875 0.0234375
0 0.35625 0.03125 0.05625 0.01875
0 0.37109375 0.0453125 0.04375 0.01875
0 0.36484375 0.06015625 0.0625 0.021875
0 0.35078125 0.075 0.046875 0.025
0 0.3359375 0.11328125 0.0796875 0.03125
0 0.8484375 0.01796875 0.15625 0.034375
0 0.7640625 0.065625 0.128125 0.04375
0 0.78203125 0.11640625 0.090625 0.046875
0 0.75859375 0.14609375 0.125 0.046875
0 0.6453125 0.72265625 0.065625 0.03125
0 0.646875 0.74609375 0.0984375 0.025
0 0.525 0.7171875 0.075 0.028125
0 0.50390625 0.73046875 0.0625 0.021875
0 0.525 0.74296875 0.053125 0.01875
0 0.546875 0.76796875 0.0609375 0.015625
0 0.54375 0.78515625 0.06875 0.021875
0 0.659375 0.8 0.059375 0.025
0 0.65546875 0.82421875 0.0375 0.021875
0 0.721875 0.93984375 0.040625 0.015625