0 0.0734375 0.26875 0.146875 0.496875
0 0.2609375 0.27109375 0.171875 0.35859375
0 0.3515625 0.24296875 0.17734375 0.296875
0 0.459375 0.29765625 0.1453125 0.20859375
0 0.54765625 0.17109375 0.14375 0.3
0 0.64296875 0.31640625 0.14609375 0.30859375
0 0.759375 0.2015625 0.11171875 0.296875
0 0.846875 0.30546875 0.18671875 0.34140625
0 0.18046875 0.68984375 0.2578125 0.6203125
0 0.43671875 0.67265625 0.2453125 0.65390625
0 0.71328125 0.69296875 0.2296875 0.6140625
0 0.91328125 0.678125 0.1734375 0.64375