0 0.946875 0.06640625 0.05625 0.046875
0 0.82734375 0.075 0.1546875 0.046875
0 0.88671875 0.11484375 0.09375 0.0296875
0 0.80625 0.15078125 0.184375 0.040625
0 0.740625 0.1796875 0.134375 0.0484375
0 0.81875 0.20859375 0.065625 0.034375
0 0.7265625 0.23984375 0.1640625 0.0375
0 0.73828125 0.2765625 0.153125 0.0375
0 0.7734375 0.31953125 0.0625 0.0359375
0 0.7765625 0.35703125 0.0609375 0.034375
0 0.74296875 0.3890625 0.0703125 0.0328125
0 0.7609375 0.4125 0.05 0.03125
0 0.70234375 0.44765625 0.0953125 0.0375
0 0.575 0.4921875 0.2765625 0.046875
0 0.68203125 0.51953125 0.046875 0.028125
0 0.70078125 0.540625 0.059375 0.0328125
0 0.6390625 0.534375 0.06875 0.0375
0 0.6546875 0.57421875 0.06875 0.03125
0 0.578125 0.60078125 0.084375 0.059375
0 0.62734375 0.6296875 0.090625 0.046875
0 0.65546875 0.6578125 0.078125 0.0296875
0 0.65078125 0.68515625 0.053125 0.0375
0 0.6734375 0.71640625 0.0765625 0.04375
0 0.64375 0.75859375 0.0703125 0.040625
0 0.68984375 0.78515625 0.090625 0.0296875
0 0.68984375 0.8125 0.09375 0.040625
0 0.6578125 0.85390625 0.071875 0.05
0 0.59140625 0.8125 0.08125 0.0484375
0 0.54453125 0.78359375 0.08125 0.05
0 0.56875 0.73984375 0.0765625 0.0484375
0 0.56171875 0.7015625 0.059375 0.034375
0 0.496875 0.70390625 0.096875 0.065625
0 0.4890625 0.61171875 0.0625 0.0625
0 0.2296875 0.64296875 0.459375 0.0546875
0 0.2265625 0.70703125 0.425 0.103125
0 0.2421875 0.81953125 0.484375 0.1359375
0 0.27265625 0.9125 0.4890625 0.06875
0 0.5828125 0.871875 0.109375 0.059375
0 0.23125 0.54375 0.459375 0.103125
0 0.22578125 0.44921875 0.4375 0.084375
0 0.21640625 0.3625 0.421875 0.071875
0 0.27265625 0.27890625 0.44375 0.075
0 0.23515625 0.20703125 0.4703125 0.065625
0 0.2390625 0.11328125 0.46875 0.078125
0 0.4828125 0.34296875 0.0953125 0.05625
0 0.48828125 0.421875 0.071875 0.0625