0 0.175 0.103125 0.1203125 0.20625
0 0.16640625 0.18671875 0.140625 0.20625
0 0.12421875 0.31171875 0.13125 0.20625
0 0.1015625 0.3921875 0.1359375 0.153125
0 0.16875 0.51484375 0.14375 0.184375
0 0.25703125 0.3640625 0.09375 0.1921875
0 0.3484375 0.5515625 0.10625 0.21875
0 0.490625 0.53984375 0.1 0.159375
0 0.475 0.265625 0.06875 0.1984375
0 0.53046875 0.1765625 0.0875 0.2140625
0 0.68359375 0.159375 0.084375 0.253125
0 0.71953125 0.61015625 0.1 0.171875
0 0.80234375 0.48515625 0.1296875 0.15625
0 0.85078125 0.63203125 0.128125 0.18125
0 0.08515625 0.59296875 0.1328125 0.19375
0 0.92421875 0.5484375 0.103125 0.1765625
0 0.5125 0.9390625 0.06875 0.121875