0 0.07109375 0.73359375 0.10390625 0.21328125
0 0.0234375 0.4203125 0.046875 0.1703125
0 0.07890625 0.30390625 0.0546875 0.1703125
0 0.0234375 0.17578125 0.0390625 0.13515625
0 0.1875 0.4890625 0.04296875 0.17578125
0 0.21875 0.51015625 0.046875 0.16015625
0 0.25390625 0.5 0.03828125 0.1375
0 0.23125 0.43984375 0.02109375 0.04921875
0 0.41484375 0.42421875 0.059375 0.16171875
0 0.53671875 0.60234375 0.065625 0.18125
0 0.5046875 0.70625 0.0671875 0.1984375
0 0.7625 0.76875 0.0640625 0.153125
0 0.6171875 0.90234375 0.0546875 0.10859375
0 0.753125 0.89921875 0.0640625 0.1140625
0 0.8359375 0.6140625 0.05703125 0.19609375
0 0.4046875 0.15546875 0.06171875 0.1546875
0 0.50859375 0.21796875 0.03828125 0.15234375
0 0.5390625 0.21328125 0.03984375 0.1359375
0 0.53671875 0.10625 0.0234375 0.1125
0 0.5609375 0.09921875 0.025 0.109375
0 0.50546875 0.08046875 0.03046875 0.11875
0 0.68125 0.0609375 0.03359375 0.121875
0 0.64375 0.03984375 0.0234375 0.0796875
0 0.6109375 0.03515625 0.028125 0.0703125
0 0.5875 0.0359375 0.021875 0.071875
0 0.5484375 0.04140625 0.025 0.0828125
0 0.51640625 0.0328125 0.02421875 0.065625
0 0.3359375 0.03125 0.02265625 0.06171875
0 0.73515625 0.08046875 0.028125 0.12890625
0 0.81875 0.07890625 0.0359375 0.1359375
0 0.84609375 0.0640625 0.02578125 0.1234375
0 0.89375 0.0515625 0.03359375 0.103125
0 0.94765625 0.1296875 0.0328125 0.125
0 0.98203125 0.32890625 0.03515625 0.16171875
0 0.92578125 0.04453125 0.0203125 0.0890625