0 0.1953125 0.3609375 0.0890625 0.10546875
0 0.2890625 0.36953125 0.0640625 0.1015625
0 0.33671875 0.4625 0.090625 0.16484375
0 0.225 0.4484375 0.12578125 0.14453125
0 0.23359375 0.559375 0.1109375 0.17109375
0 0.1671875 0.765625 0.1921875 0.46796875
0 0.515625 0.46796875 0.07109375 0.2203125
0 0.55703125 0.49375 0.10546875 0.24375
0 0.62578125 0.4859375 0.09296875 0.17109375
0 0.6671875 0.57578125 0.115625 0.253125
0 0.74453125 0.65546875 0.1328125 0.3375
0 0.859375 0.76875 0.1734375 0.44140625