0 0.48046875 0.82890625 0.125 0.078125
0 0.4078125 0.740625 0.11875 0.0859375
0 0.4078125 0.6078125 0.0953125 0.0671875
0 0.47265625 0.65078125 0.1015625 0.0671875
0 0.50390625 0.5984375 0.1328125 0.08125
0 0.4421875 0.53671875 0.1234375 0.0625
0 0.6078125 0.546875 0.153125 0.08125
0 0.5796875 0.43046875 0.134375 0.096875
0 0.4859375 0.4703125 0.13125 0.065625
0 0.42890625 0.41875 0.115625 0.0640625
0 0.446875 0.36796875 0.128125 0.075
0 0.49921875 0.284375 0.14375 0.075
0 0.40625 0.25625 0.115625 0.0625
0 0.4328125 0.19375 0.128125 0.075
0 0.45625 0.11953125 0.1234375 0.0625