0 0.7171875 0.925 0.565625 0.15
0 0.3828125 0.87265625 0.3328125 0.1125
0 0.34765625 0.79296875 0.19375 0.084375
0 0.371875 0.6984375 0.278125 0.178125
0 0.35078125 0.5671875 0.20625 0.159375
0 0.3015625 0.41953125 0.16875 0.121875
0 0.36171875 0.209375 0.2 0.103125
0 0.61171875 0.08515625 0.7765625 0.1578125
0 0.6359375 0.23359375 0.728125 0.2546875
0 0.57578125 0.4109375 0.55 0.190625
0 0.58671875 0.62578125 0.415625 0.103125
0 0.7328125 0.73046875 0.534375 0.203125
0 0.78515625 0.55 0.4296875 0.16875