0 0.09140625 0.3921875 0.1828125 0.4
0 0.1921875 0.4109375 0.0734375 0.33125
0 0.25546875 0.50859375 0.096875 0.315625
0 0.33984375 0.521875 0.1125 0.309375
0 0.28671875 0.21953125 0.121875 0.2296875
0 0.19375 0.1703125 0.103125 0.340625
0 0.4359375 0.4375 0.159375 0.559375
0 0.5234375 0.41484375 0.11875 0.4703125
0 0.6296875 0.4234375 0.1109375 0.453125
0 0.70859375 0.4296875 0.08125 0.465625
0 0.7953125 0.54609375 0.11875 0.240625
0 0.796875 0.39921875 0.1109375 0.1875
0 0.82890625 0.17734375 0.14375 0.3546875