0 0.9453125 0.39375 0.0671875 0.103125
0 0.88828125 0.34921875 0.0671875 0.0828125
0 0.8625 0.4703125 0.0265625 0.1046875
0 0.83515625 0.4734375 0.0359375 0.06875
0 0.78984375 0.465625 0.03125 0.075
0 0.8125 0.40234375 0.0515625 0.08125
0 0.74921875 0.45859375 0.04375 0.090625
0 0.7171875 0.44453125 0.0484375 0.125
0 0.6359375 0.44921875 0.0640625 0.1
0 0.6 0.55390625 0.078125 0.1046875
0 0.56328125 0.40859375 0.0671875 0.203125
0 0.53046875 0.50859375 0.046875 0.0734375
0 0.503125 0.50859375 0.028125 0.0484375
0 0.4625 0.4671875 0.05 0.2703125
0 0.39921875 0.43984375 0.065625 0.2375
0 0.371875 0.54140625 0.05625 0.146875
0 0.29765625 0.4953125 0.0546875 0.2265625
0 0.25703125 0.57578125 0.0296875 0.1109375
0 0.18515625 0.5703125 0.0390625 0.1
0 0.15 0.4515625 0.071875 0.2984375
0 0.2265625 0.41875 0.096875 0.2453125
0 0.07890625 0.45859375 0.0625 0.35