0 0.48203125 0.89375 0.678125 0.1109375
0 0.85234375 0.85703125 0.1875 0.121875
0 0.51484375 0.80078125 0.74375 0.1421875
0 0.7953125 0.72265625 0.234375 0.1234375
0 0.89140625 0.64375 0.09375 0.0734375
0 0.8078125 0.57109375 0.153125 0.078125
0 0.51953125 0.6390625 0.7125 0.1546875
0 0.52421875 0.5140625 0.6984375 0.1609375
0 0.5453125 0.503125 0.003125 0.0203125
0 0.828125 0.4453125 0.0796875 0.071875
0 0.7703125 0.40625 0.140625 0.0765625
0 0.50546875 0.3453125 0.6875 0.165625
0 0.853125 0.29609375 0.146875 0.096875
0 0.49296875 0.2578125 0.7140625 0.1
0 0.6625 0.19453125 0.5 0.1125
0 0.528125 0.09296875 0.8125 0.15625