0 0.10625 0.51796875 0.11015625 0.67890625
0 0.14296875 0.14765625 0.12109375 0.18671875
0 0.19921875 0.48515625 0.1421875 0.74453125
0 0.27734375 0.2046875 0.1234375 0.23515625
0 0.35625 0.10859375 0.07265625 0.09453125
0 0.42890625 0.1921875 0.078125 0.153125
0 0.3609375 0.48046875 0.1546875 0.7125
0 0.4859375 0.47578125 0.1609375 0.6984375
0 0.496875 0.4546875 0.0203125 0.003125
0 0.5546875 0.171875 0.07109375 0.0796875
0 0.59375 0.2296875 0.0765625 0.14140625
0 0.6546875 0.49453125 0.16640625 0.68828125
0 0.70390625 0.146875 0.096875 0.14609375
0 0.7421875 0.50703125 0.10078125 0.7140625
0 0.80546875 0.3375 0.11171875 0.50078125
0 0.90703125 0.471875 0.15625 0.8125