0 0.759375 0.9 0.128125 0.0875
0 0.628125 0.78984375 0.1375 0.0859375
0 0.7375 0.7859375 0.1 0.059375
0 0.7734375 0.72734375 0.121875 0.0609375
0 0.6984375 0.69453125 0.1265625 0.0703125
0 0.72265625 0.62578125 0.125 0.065625
0 0.74375 0.5640625 0.115625 0.0609375
0 0.6828125 0.51171875 0.096875 0.053125
0 0.734375 0.4265625 0.1171875 0.0625
0 0.671875 0.39140625 0.10625 0.0640625
0 0.71953125 0.328125 0.103125 0.053125
0 0.7234375 0.2296875 0.128125 0.0625
0 0.73125 0.14765625 0.134375 0.0625
0 0.73828125 0.08359375 0.1171875 0.0578125
0 0.43046875 0.14140625 0.121875 0.0890625
0 0.475 0.27109375 0.159375 0.1046875
0 0.44609375 0.39375 0.16875 0.09375
0 0.41796875 0.6453125 0.14375 0.09375
0 0.578125 0.46171875 0.115625 0.0578125