0 0.9 0.240625 0.0875 0.128125
0 0.78984375 0.371875 0.0859375 0.1375
0 0.7859375 0.2625 0.059375 0.1
0 0.72734375 0.2265625 0.0609375 0.121875
0 0.69453125 0.3015625 0.0703125 0.1265625
0 0.62578125 0.27734375 0.065625 0.125
0 0.5640625 0.25625 0.0609375 0.115625
0 0.51171875 0.3171875 0.053125 0.096875
0 0.4265625 0.265625 0.0625 0.1171875
0 0.39140625 0.328125 0.0640625 0.10625
0 0.328125 0.28046875 0.053125 0.103125
0 0.2296875 0.2765625 0.0625 0.128125
0 0.14765625 0.26875 0.0625 0.134375
0 0.08359375 0.26171875 0.0578125 0.1171875
0 0.14140625 0.56953125 0.0890625 0.121875
0 0.27109375 0.525 0.1046875 0.159375
0 0.39375 0.55390625 0.09375 0.16875
0 0.6453125 0.58203125 0.09375 0.14375
0 0.46171875 0.421875 0.0578125 0.115625