0 0.1 0.240625 0.0875 0.12890625
0 0.21015625 0.371875 0.0859375 0.13671875
0 0.2140625 0.2625 0.059375 0.1
0 0.27265625 0.2265625 0.0609375 0.12265625
0 0.30546875 0.3015625 0.0703125 0.1265625
0 0.37421875 0.27734375 0.06640625 0.125
0 0.4359375 0.25625 0.0609375 0.115625
0 0.48828125 0.3171875 0.053125 0.09765625
0 0.5734375 0.265625 0.06328125 0.1171875
0 0.60859375 0.328125 0.0640625 0.10703125
0 0.671875 0.28046875 0.053125 0.103125
0 0.7703125 0.2765625 0.06171875 0.12890625
0 0.85234375 0.26875 0.0625 0.134375
0 0.91640625 0.26171875 0.0578125 0.1171875
0 0.85859375 0.56953125 0.0890625 0.12109375
0 0.72890625 0.525 0.1046875 0.16015625
0 0.60625 0.55390625 0.09453125 0.16796875
0 0.3546875 0.58203125 0.09453125 0.14296875
0 0.53828125 0.421875 0.0578125 0.11484375