0 0.05390625 0.3015625 0.0671875 0.1359375
0 0.1296875 0.32421875 0.065625 0.15625
0 0.18671875 0.27109375 0.0703125 0.146875
0 0.259375 0.371875 0.090625 0.121875
0 0.27734375 0.30390625 0.0546875 0.115625
0 0.340625 0.309375 0.059375 0.121875
0 0.4125 0.34375 0.084375 0.125
0 0.50546875 0.25859375 0.09375 0.1625
0 0.5078125 0.41171875 0.096875 0.15
0 0.6578125 0.40234375 0.090625 0.13125
0 0.64375 0.30546875 0.059375 0.096875
0 0.82265625 0.29375 0.0875 0.1484375
0 0.8375 0.48828125 0.0765625 0.16875