0 0.05390625 0.6984375 0.0671875 0.1359375
0 0.1296875 0.67578125 0.065625 0.15625
0 0.18671875 0.72890625 0.0703125 0.146875
0 0.259375 0.628125 0.090625 0.121875
0 0.27734375 0.69609375 0.0546875 0.115625
0 0.340625 0.690625 0.059375 0.121875
0 0.4125 0.65625 0.084375 0.125
0 0.50546875 0.74140625 0.09375 0.1625
0 0.5078125 0.58828125 0.096875 0.15
0 0.6578125 0.59765625 0.090625 0.13125
0 0.64375 0.69453125 0.059375 0.096875
0 0.82265625 0.70625 0.0875 0.1484375
0 0.8375 0.51171875 0.0765625 0.16875