0 0.8765625 0.7625 0.140625 0.475
0 0.76875 0.6046875 0.0875 0.10625
0 0.83984375 0.47890625 0.13125 0.2234375
0 0.73515625 0.453125 0.1640625 0.2375
0 0.69609375 0.7453125 0.09375 0.509375
0 0.646875 0.51796875 0.075 0.1625
0 0.60859375 0.4546875 0.084375 0.1
0 0.60546875 0.734375 0.1296875 0.53125
0 0.5375 0.74921875 0.1375 0.5015625
0 0.52890625 0.384375 0.08125 0.1859375
0 0.49375 0.4421875 0.0625 0.146875
0 0.4203125 0.73046875 0.14375 0.496875
0 0.4046875 0.475 0.121875 0.184375
0 0.3828125 0.39375 0.0828125 0.1875
0 0.328125 0.3671875 0.10625 0.290625
0 0.24921875 0.38046875 0.1328125 0.265625
0 0.0796875 0.68828125 0.159375 0.6125
0 0.19921875 0.69296875 0.1640625 0.6140625
0 0.35625 0.43984375 0.01875 0.040625
0 0.309375 0.68671875 0.1453125 0.496875
0 0.42109375 0.7265625 0.1515625 0.546875