0 0.38359375 0.1109375 0.159375 0.121875
0 0.703125 0.1203125 0.59375 0.109375
0 0.56171875 0.203125 0.384375 0.08125
0 0.3375 0.25234375 0.1625 0.084375
0 0.69765625 0.26875 0.6046875 0.134375
0 0.38359375 0.31953125 0.159375 0.075
0 0.36015625 0.37734375 0.146875 0.0734375
0 0.33671875 0.4484375 0.159375 0.09375
0 0.3515625 0.5171875 0.14375 0.0875
0 0.28515625 0.61015625 0.13125 0.078125
0 0.3125 0.67421875 0.121875 0.1140625
0 0.33046875 0.71875 0.10625 0.0953125
0 0.32109375 0.77109375 0.1109375 0.103125
0 0.6453125 0.5484375 0.590625 0.1140625
0 0.65 0.36875 0.51875 0.0921875
0 0.6875 0.453125 0.625 0.109375
0 0.6453125 0.6375 0.621875 0.090625
0 0.7078125 0.74453125 0.584375 0.2015625
0 0.4328125 0.75546875 0.196875 0.109375
0 0.45703125 0.88515625 0.315625 0.1484375