0 0.4 0.19453125 0.11875 0.08125
0 0.6046875 0.096875 0.1 0.078125
0 0.7046875 0.115625 0.096875 0.06875
0 0.63828125 0.18125 0.096875 0.0828125
0 0.678125 0.2515625 0.10625 0.0703125
0 0.571875 0.30390625 0.0953125 0.059375
0 0.3859375 0.290625 0.115625 0.05625
0 0.4203125 0.3578125 0.096875 0.059375
0 0.56875 0.36484375 0.0921875 0.0578125
0 0.68359375 0.36640625 0.10625 0.0609375
0 0.6109375 0.44140625 0.0953125 0.05
0 0.684375 0.46796875 0.1078125 0.0625
0 0.6078125 0.50625 0.0875 0.053125
0 0.42890625 0.4171875 0.090625 0.046875
0 0.44609375 0.46015625 0.10625 0.0640625
0 0.4453125 0.5375 0.096875 0.065625
0 0.61171875 0.57890625 0.103125 0.0578125
0 0.69375 0.55078125 0.090625 0.0625
0 0.69140625 0.6265625 0.0875 0.065625
0 0.6109375 0.63046875 0.08125 0.0515625
0 0.44375 0.59921875 0.0921875 0.05
0 0.434375 0.6484375 0.090625 0.05625
0 0.4234375 0.73125 0.090625 0.065625
0 0.59609375 0.74921875 0.096875 0.0640625
0 0.69609375 0.715625 0.1 0.0671875
0 0.69140625 0.7875 0.115625 0.075
0 0.63359375 0.82734375 0.1 0.0578125
0 0.4015625 0.86953125 0.096875 0.071875
0 0.4265625 0.7875 0.096875 0.071875