0 0.36015625 0.478125 0.08828125 0.2265625
0 0.45625 0.55625 0.09921875 0.1921875
0 0.503125 0.28046875 0.06953125 0.20859375
0 0.559375 0.184375 0.06328125 0.23046875
0 0.71015625 0.13515625 0.096875 0.221875
0 0.78203125 0.47890625 0.09609375 0.18828125
0 0.6828125 0.6 0.10859375 0.1765625
0 0.2265625 0.36015625 0.1046875 0.184375
0 0.13671875 0.11484375 0.13984375 0.2265625
0 0.11484375 0.21328125 0.140625 0.20078125
0 0.09921875 0.309375 0.1359375 0.19453125
0 0.0734375 0.4 0.1125 0.16875
0 0.13046875 0.51015625 0.1453125 0.17421875
0 0.059375 0.575 0.11875 0.1875
0 0.47265625 0.93046875 0.11484375 0.1390625
0 0.75625 0.7859375 0.1015625 0.190625
0 0.82109375 0.60625 0.1171875 0.1484375
0 0.89140625 0.5390625 0.109375 0.153125
0 0.934375 0.45703125 0.08671875 0.1484375
0 0.95625 0.31015625 0.0875 0.190625