0 0.303125 0.1546875 0.1546875 0.0921875
0 0.30625 0.2578125 0.146875 0.090625
0 0.275 0.3640625 0.1546875 0.0890625
0 0.18359375 0.40859375 0.1328125 0.071875
0 0.3078125 0.44296875 0.165625 0.096875
0 0.178125 0.5125 0.115625 0.078125
0 0.3 0.528125 0.146875 0.0890625
0 0.30546875 0.61640625 0.1578125 0.0828125
0 0.1828125 0.63515625 0.0921875 0.059375
0 0.25234375 0.675 0.13125 0.0859375
0 0.30390625 0.7359375 0.153125 0.0890625
0 0.2953125 0.88515625 0.134375 0.0796875
0 0.740625 0.39296875 0.1421875 0.1