0 0.4484375 0.90234375 0.5921875 0.134375
0 0.57578125 0.8234375 0.678125 0.1
0 0.434375 0.7640625 0.4640625 0.0796875
0 0.5515625 0.7109375 0.546875 0.065625
0 0.29453125 0.67421875 0.171875 0.096875
0 0.5484375 0.6203125 0.5625 0.159375
0 0.26328125 0.540625 0.221875 0.1
0 0.58671875 0.50703125 0.625 0.11875
0 0.2234375 0.4296875 0.15 0.090625
0 0.5875 0.38828125 0.73125 0.125
0 0.2328125 0.3390625 0.2 0.08125
0 0.52421875 0.2625 0.63125 0.109375
0 0.52265625 0.15625 0.6796875 0.0953125
0 0.534375 0.0703125 0.7203125 0.134375