0 0.0953125 0.32890625 0.14375 0.534375
0 0.2015625 0.3125 0.0875 0.5
0 0.24296875 0.55859375 0.046875 0.1046875
0 0.29296875 0.57890625 0.0625 0.09375
0 0.3015625 0.2828125 0.1203125 0.484375
0 0.37734375 0.32890625 0.075 0.509375
0 0.40390625 0.57890625 0.0484375 0.08125
0 0.4328125 0.62578125 0.0625 0.0671875
0 0.46796875 0.31484375 0.0609375 0.4765625
0 0.490625 0.59453125 0.0625 0.071875
0 0.5328125 0.31640625 0.075 0.5
0 0.590625 0.54375 0.046875 0.096875
0 0.6421875 0.334375 0.071875 0.475
0 0.715625 0.33359375 0.05625 0.4875
0 0.79296875 0.3296875 0.0765625 0.4953125
0 0.90703125 0.34375 0.1453125 0.6171875