0 0.0953125 0.67109375 0.14375 0.534375
0 0.2015625 0.6875 0.0875 0.49921875
0 0.24296875 0.44140625 0.04765625 0.1046875
0 0.29296875 0.42109375 0.06171875 0.09296875
0 0.3015625 0.7171875 0.1203125 0.484375
0 0.37734375 0.67109375 0.07421875 0.50859375
0 0.40390625 0.42109375 0.0484375 0.08203125
0 0.4328125 0.37421875 0.0625 0.0671875
0 0.46796875 0.68515625 0.06015625 0.4765625
0 0.490625 0.40546875 0.0625 0.07265625
0 0.5328125 0.68359375 0.075 0.49921875
0 0.590625 0.45625 0.04609375 0.096875
0 0.6421875 0.665625 0.07109375 0.475
0 0.715625 0.66640625 0.05546875 0.48828125
0 0.79296875 0.6703125 0.0765625 0.4953125
0 0.90703125 0.65625 0.1453125 0.61640625