0 0.1484375 0.71171875 0.08515625 0.25390625
0 0.2375 0.76015625 0.0859375 0.2703125
0 0.171875 0.4953125 0.08828125 0.246875
0 0.3015625 0.56640625 0.07578125 0.2640625
0 0.440625 0.75390625 0.1 0.22734375
0 0.6 0.74921875 0.1171875 0.29140625
0 0.78046875 0.71171875 0.07578125 0.33203125
0 0.9046875 0.68125 0.08046875 0.3265625
0 0.85234375 0.49609375 0.121875 0.22265625
0 0.7578125 0.46796875 0.11328125 0.246875
0 0.68515625 0.5671875 0.12109375 0.215625
0 0.6 0.559375 0.0703125 0.2203125
0 0.53125 0.58125 0.0671875 0.19609375
0 0.45390625 0.59140625 0.08046875 0.25390625
0 0.396875 0.6 0.07734375 0.2125
0 0.35625 0.48359375 0.1046875 0.23203125
0 0.4203125 0.44140625 0.08046875 0.2140625
0 0.49453125 0.44140625 0.10859375 0.20234375
0 0.553125 0.46328125 0.071875 0.190625
0 0.65 0.44921875 0.07578125 0.20234375
0 0.665625 0.3765625 0.065625 0.17421875
0 0.57265625 0.36015625 0.0546875 0.13203125
0 0.47578125 0.340625 0.08671875 0.159375