0 0.32734375 0.12890625 0.07890625 0.128125
0 0.4078125 0.19921875 0.0734375 0.12421875
0 0.49296875 0.1421875 0.0796875 0.128125
0 0.565625 0.1125 0.0828125 0.14609375
0 0.66328125 0.11328125 0.0875 0.1484375
0 0.7265625 0.42578125 0.103125 0.17734375
0 0.7125 0.66640625 0.1296875 0.1921875
0 0.22578125 0.634375 0.140625 0.20859375
0 0.2875 0.50234375 0.08203125 0.1328125
0 0.3703125 0.5296875 0.109375 0.21640625
0 0.45625 0.42109375 0.084375 0.13203125
0 0.53046875 0.5515625 0.10859375 0.1609375
0 0.6375 0.56328125 0.10859375 0.14765625
0 0.52421875 0.8078125 0.1640625 0.20390625