0 0.67265625 0.87109375 0.0796875 0.128125
0 0.5921875 0.80078125 0.0734375 0.125
0 0.50703125 0.8578125 0.0796875 0.128125
0 0.434375 0.8875 0.0828125 0.146875
0 0.33671875 0.88671875 0.0875 0.1484375
0 0.2734375 0.57421875 0.103125 0.178125
0 0.2875 0.33359375 0.1296875 0.1921875
0 0.77421875 0.365625 0.140625 0.209375
0 0.7125 0.49765625 0.08125 0.1328125
0 0.6296875 0.4703125 0.109375 0.215625
0 0.54375 0.57890625 0.084375 0.13125
0 0.46953125 0.4484375 0.109375 0.1609375
0 0.3625 0.43671875 0.109375 0.146875
0 0.47578125 0.1921875 0.1640625 0.203125