0 0.1578125 0.27265625 0.08125 0.13671875
0 0.07265625 0.4109375 0.07109375 0.11875
0 0.053125 0.5375 0.071875 0.09375
0 0.01640625 0.3109375 0.03125 0.15625
0 0.13984375 0.55546875 0.084375 0.08984375
0 0.228125 0.5640625 0.06640625 0.10703125
0 0.3078125 0.5734375 0.0671875 0.09765625
0 0.3890625 0.584375 0.0578125 0.1
0 0.465625 0.56484375 0.06953125 0.10703125
0 0.53984375 0.53671875 0.05390625 0.11171875
0 0.6265625 0.5640625 0.0671875 0.10703125
0 0.73828125 0.5734375 0.06875 0.11328125
0 0.8140625 0.52578125 0.05625 0.078125
0 0.84921875 0.55390625 0.06171875 0.0953125
0 0.909375 0.43125 0.075 0.1265625
0 0.9640625 0.5765625 0.07109375 0.11953125
0 0.76484375 0.44609375 0.1015625 0.1265625
0 0.77265625 0.2953125 0.075 0.1078125
0 0.60234375 0.321875 0.09453125 0.14296875
0 0.4890625 0.27265625 0.075 0.1234375