0 0.34453125 0.74296875 0.075 0.11875
0 0.24765625 0.6546875 0.090625 0.1640625
0 0.34609375 0.60234375 0.0875 0.134375
0 0.3421875 0.42890625 0.084375 0.184375
0 0.4125 0.31328125 0.06875 0.15625
0 0.44765625 0.45859375 0.0796875 0.159375
0 0.5125 0.5453125 0.0734375 0.115625
0 0.565625 0.428125 0.084375 0.1609375
0 0.63125 0.484375 0.071875 0.1515625
0 0.70390625 0.48046875 0.078125 0.140625
0 0.70234375 0.3640625 0.103125 0.15
0 0.78828125 0.4109375 0.11875 0.203125
0 0.834375 0.76953125 0.0875 0.1375
0 0.71015625 0.78125 0.109375 0.134375
0 0.59140625 0.69453125 0.071875 0.153125
0 0.5109375 0.75859375 0.0546875 0.125
0 0.46875 0.7 0.065625 0.121875
0 0.4 0.7046875 0.0765625 0.13125