0 0.2046875 0.23828125 0.078125 0.109375
0 0.14765625 0.490625 0.078125 0.10390625
0 0.30390625 0.43046875 0.05546875 0.08203125
0 0.35859375 0.396875 0.046875 0.1015625
0 0.3953125 0.478125 0.059375 0.09765625
0 0.428125 0.4375 0.05078125 0.09609375
0 0.340625 0.22265625 0.05078125 0.08828125
0 0.403125 0.21875 0.04609375 0.09140625
0 0.44296875 0.26640625 0.05546875 0.0953125
0 0.5453125 0.2203125 0.0609375 0.10546875
0 0.53203125 0.3015625 0.0671875 0.10546875
0 0.62578125 0.26171875 0.06640625 0.10703125
0 0.740625 0.26171875 0.078125 0.11953125
0 0.61171875 0.4234375 0.06953125 0.134375
0 0.80390625 0.503125 0.1203125 0.1734375