0 0.80390625 0.78828125 0.19375 0.10625
0 0.66171875 0.83671875 0.215625 0.121875
0 0.39296875 0.9484375 0.1890625 0.103125
0 0.4546875 0.2109375 0.2171875 0.115625
0 0.66953125 0.0859375 0.2890625 0.128125
0 0.7671875 0.1765625 0.221875 0.11875
0 0.83125 0.25859375 0.184375 0.096875
0 0.853125 0.32734375 0.15625 0.065625
0 0.87578125 0.37890625 0.146875 0.065625
0 0.865625 0.41953125 0.10625 0.053125
0 0.8828125 0.47421875 0.0984375 0.059375
0 0.8875 0.5484375 0.096875 0.0625
0 0.871875 0.61328125 0.1 0.0421875
0 0.85390625 0.64453125 0.115625 0.0484375
0 0.82734375 0.68671875 0.14375 0.065625
0 0.840625 0.73828125 0.140625 0.06875