0 0.2453125 0.65625 0.08359375 0.54140625
0 0.3234375 0.51953125 0.07265625 0.2078125
0 0.3921875 0.459375 0.053125 0.12578125
0 0.43828125 0.71875 0.10078125 0.37578125
0 0.4671875 0.50859375 0.04765625 0.0984375
0 0.5375 0.46796875 0.07265625 0.096875
0 0.55625 0.69921875 0.0796875 0.37109375
0 0.6265625 0.62265625 0.08125 0.403125
0 0.7171875 0.63125 0.08359375 0.453125
0 0.8109375 0.6359375 0.07421875 0.4234375
0 0.909375 0.625 0.10078125 0.40703125
0 0.12265625 0.6328125 0.153125 0.65625
0 0.1375 0.27890625 0.0375 0.0921875
0 0.2015625 0.3 0.040625 0.08359375
0 0.16796875 0.2421875 0.03515625 0.08203125
0 0.23203125 0.29453125 0.040625 0.115625
0 0.275 0.3390625 0.05 0.08984375
0 0.27109375 0.2765625 0.0296875 0.0546875
0 0.30390625 0.31171875 0.03046875 0.07734375
0 0.33203125 0.296875 0.02265625 0.0734375
0 0.3578125 0.33671875 0.040625 0.0984375
0 0.39609375 0.271875 0.0359375 0.08984375
0 0.43828125 0.334375 0.04765625 0.115625
0 0.4234375 0.2515625 0.0296875 0.0546875
0 0.48046875 0.315625 0.0234375 0.0734375
0 0.51015625 0.35546875 0.0484375 0.09453125
0 0.46640625 0.2578125 0.03203125 0.04609375
0 0.51015625 0.290625 0.03515625 0.06484375
0 0.55546875 0.321875 0.04453125 0.10703125
0 0.5890625 0.33671875 0.03515625 0.103125
0 0.61484375 0.31015625 0.040625 0.0796875
0 0.6515625 0.33359375 0.05 0.08828125
0 0.6734375 0.2671875 0.02265625 0.05625
0 0.69765625 0.29296875 0.0359375 0.06484375
0 0.73203125 0.3125 0.040625 0.1046875
0 0.76484375 0.2578125 0.0640625 0.08359375
0 0.80546875 0.3265625 0.040625 0.10703125
0 0.86171875 0.3421875 0.0515625 0.1171875
0 0.88515625 0.27890625 0.0625 0.11328125