0 0.7546875 0.65625 0.084375 0.540625
0 0.6765625 0.51953125 0.071875 0.2078125
0 0.6078125 0.459375 0.053125 0.125
0 0.56171875 0.71875 0.1015625 0.375
0 0.5328125 0.50859375 0.046875 0.0984375
0 0.4625 0.46796875 0.071875 0.096875
0 0.44375 0.69921875 0.0796875 0.371875
0 0.3734375 0.62265625 0.08125 0.403125
0 0.2828125 0.63125 0.084375 0.453125
0 0.1890625 0.6359375 0.075 0.4234375
0 0.090625 0.625 0.1015625 0.40625
0 0.87734375 0.6328125 0.153125 0.65625
0 0.8625 0.27890625 0.0375 0.0921875
0 0.7984375 0.3 0.040625 0.084375
0 0.83203125 0.2421875 0.034375 0.08125
0 0.76796875 0.29453125 0.040625 0.115625
0 0.725 0.3390625 0.05 0.090625
0 0.72890625 0.2765625 0.0296875 0.0546875
0 0.69609375 0.31171875 0.03125 0.078125
0 0.66796875 0.296875 0.021875 0.0734375
0 0.6421875 0.33671875 0.040625 0.0984375
0 0.60390625 0.271875 0.0359375 0.090625
0 0.56171875 0.334375 0.046875 0.115625
0 0.5765625 0.2515625 0.0296875 0.0546875
0 0.51953125 0.315625 0.0234375 0.0734375
0 0.48984375 0.35546875 0.0484375 0.09375
0 0.53359375 0.2578125 0.03125 0.046875
0 0.48984375 0.290625 0.034375 0.065625
0 0.44453125 0.321875 0.04375 0.10625
0 0.4109375 0.33671875 0.0359375 0.103125
0 0.38515625 0.31015625 0.040625 0.0796875
0 0.3484375 0.33359375 0.05 0.0875
0 0.3265625 0.2671875 0.021875 0.05625
0 0.30234375 0.29296875 0.0359375 0.065625
0 0.26796875 0.3125 0.040625 0.1046875
0 0.23515625 0.2578125 0.0640625 0.084375
0 0.19453125 0.3265625 0.040625 0.10625
0 0.13828125 0.3421875 0.0515625 0.1171875
0 0.11484375 0.27890625 0.0625 0.1140625