0 0.82734375 0.8 0.065625 0.096875
0 0.74453125 0.78359375 0.059375 0.096875
0 0.67578125 0.753125 0.0625 0.096875
0 0.56171875 0.815625 0.065625 0.1
0 0.43671875 0.83984375 0.0640625 0.10625
0 0.3390625 0.8234375 0.0703125 0.1125
0 0.709375 0.65234375 0.078125 0.0875
0 0.56484375 0.65 0.078125 0.115625
0 0.4265625 0.64296875 0.08125 0.140625
0 0.3171875 0.66640625 0.075 0.1171875
0 0.79921875 0.5078125 0.0828125 0.13125
0 0.678125 0.50390625 0.0875 0.146875
0 0.534375 0.5 0.0828125 0.140625
0 0.3875 0.50078125 0.071875 0.1234375
0 0.2921875 0.4828125 0.084375 0.1375
0 0.128125 0.521875 0.0796875 0.1234375