0 0.2 0.17265625 0.096875 0.065625
0 0.21640625 0.25546875 0.096875 0.059375
0 0.246875 0.32421875 0.096875 0.0625
0 0.184375 0.43828125 0.1 0.065625
0 0.16015625 0.56328125 0.10625 0.0640625
0 0.1765625 0.6609375 0.1125 0.0703125
0 0.34765625 0.290625 0.0875 0.078125
0 0.35 0.43515625 0.115625 0.078125
0 0.35703125 0.5734375 0.140625 0.08125
0 0.33359375 0.6828125 0.1171875 0.075
0 0.4921875 0.20078125 0.13125 0.0828125
0 0.49609375 0.321875 0.146875 0.0875
0 0.5 0.465625 0.140625 0.0828125
0 0.49921875 0.6125 0.1234375 0.071875
0 0.5171875 0.7078125 0.1375 0.084375
0 0.478125 0.871875 0.1234375 0.0796875