0 0.1625 0.365625 0.08125 0.159375
0 0.21640625 0.296875 0.07265625 0.1203125
0 0.31875 0.29140625 0.071875 0.10703125
0 0.32734375 0.425 0.08828125 0.13671875
0 0.3421875 0.7375 0.12109375 0.16171875
0 0.53046875 0.75625 0.12109375 0.1484375
0 0.43515625 0.43046875 0.0859375 0.146875
0 0.3921875 0.309375 0.0890625 0.12421875
0 0.49375 0.3625 0.07578125 0.13671875
0 0.5640625 0.41328125 0.084375 0.146875
0 0.5421875 0.27109375 0.08515625 0.128125
0 0.64140625 0.26640625 0.08671875 0.1296875
0 0.72265625 0.3125 0.09296875 0.1484375
0 0.846875 0.31796875 0.1 0.15546875