0 0.8375 0.634375 0.08125 0.159375
0 0.78359375 0.703125 0.071875 0.1203125
0 0.68125 0.70859375 0.071875 0.10625
0 0.67265625 0.575 0.0875 0.1375
0 0.6578125 0.2625 0.121875 0.1625
0 0.46953125 0.24375 0.121875 0.1484375
0 0.56484375 0.56953125 0.0859375 0.146875
0 0.6078125 0.690625 0.0890625 0.125
0 0.50625 0.6375 0.075 0.1375
0 0.4359375 0.58671875 0.084375 0.146875
0 0.4578125 0.72890625 0.084375 0.128125
0 0.35859375 0.73359375 0.0875 0.1296875
0 0.27734375 0.6875 0.09375 0.1484375
0 0.153125 0.68203125 0.1 0.15625