0 0.33671875 0.5921875 0.309375 0.125
0 0.28828125 0.46328125 0.325 0.134375
0 0.409375 0.378125 0.325 0.109375
0 0.41328125 0.24453125 0.3125 0.14375
0 0.55859375 0.26171875 0.303125 0.078125
0 0.56328125 0.3484375 0.228125 0.065625
0 0.59375 0.41640625 0.31875 0.0875
0 0.58203125 0.52265625 0.33125 0.075
0 0.5703125 0.47578125 0.3015625 0.0859375
0 0.56328125 0.62421875 0.4390625 0.1
0 0.51015625 0.7375 0.4375 0.1
0 0.46015625 0.1 0.4140625 0.13125
0 0.415625 0.86640625 0.325 0.0765625
0 0.43359375 0.9203125 0.31875 0.0765625
0 0.41640625 0.8046875 0.253125 0.05625