0 0.5921875 0.66328125 0.125 0.309375
0 0.46328125 0.71171875 0.13515625 0.32421875
0 0.378125 0.590625 0.11015625 0.32578125
0 0.24453125 0.58671875 0.14296875 0.31328125
0 0.26171875 0.44140625 0.07734375 0.30234375
0 0.3484375 0.43671875 0.06484375 0.228125
0 0.41640625 0.40625 0.08828125 0.31953125
0 0.52265625 0.41796875 0.07421875 0.33125
0 0.47578125 0.4296875 0.0859375 0.3015625
0 0.62421875 0.43671875 0.09921875 0.4390625
0 0.7375 0.48984375 0.1 0.43671875
0 0.1 0.53984375 0.13203125 0.4140625
0 0.86640625 0.584375 0.07578125 0.325
0 0.9203125 0.56640625 0.0765625 0.31875
0 0.8046875 0.58359375 0.05625 0.25390625