0 0.6640625 0.090625 0.16875 0.084375
0 0.65859375 0.20078125 0.134375 0.071875
0 0.61328125 0.25625 0.15 0.096875
0 0.45703125 0.234375 0.16875 0.115625
0 0.45859375 0.4078125 0.165625 0.1
0 0.5734375 0.3765625 0.1203125 0.084375
0 0.68828125 0.3609375 0.140625 0.08125
0 0.69453125 0.48984375 0.134375 0.1
0 0.57578125 0.48203125 0.128125 0.125
0 0.46875 0.53828125 0.16875 0.103125
0 0.66328125 0.603125 0.1203125 0.075
0 0.6265625 0.659375 0.13125 0.090625
0 0.64609375 0.72734375 0.134375 0.071875
0 0.61328125 0.790625 0.15 0.0890625
0 0.478125 0.69765625 0.1875 0.1046875
0 0.47421875 0.89296875 0.19375 0.125