0 0.3921875 0.93359375 0.15625 0.103125
0 0.396875 0.76328125 0.1265625 0.0875
0 0.57109375 0.76484375 0.16875 0.115625
0 0.5703125 0.59765625 0.15 0.096875
0 0.40546875 0.628125 0.15 0.084375
0 0.36953125 0.5484375 0.128125 0.0625
0 0.334375 0.4609375 0.1359375 0.084375
0 0.5 0.415625 0.165625 0.09375
0 0.4890625 0.33671875 0.140625 0.0859375
0 0.35078125 0.35859375 0.134375 0.071875
0 0.39765625 0.22421875 0.140625 0.09375
0 0.51015625 0.2421875 0.1453125 0.084375
0 0.51328125 0.1578125 0.175 0.1140625
0 0.39609375 0.0765625 0.1625 0.103125