0 0.8515625 0.459375 0.0859375 0.128125
0 0.9109375 0.5859375 0.125 0.1484375
0 0.76875 0.5265625 0.096875 0.11875
0 0.78203125 0.3578125 0.06875 0.134375
0 0.69765625 0.25625 0.078125 0.165625
0 0.6359375 0.3421875 0.0875 0.128125
0 0.5828125 0.28125 0.059375 0.134375
0 0.4765625 0.2859375 0.0640625 0.115625
0 0.44296875 0.40078125 0.0984375 0.13125
0 0.55234375 0.525 0.071875 0.1234375
0 0.44140625 0.5234375 0.0953125 0.13125
0 0.3734375 0.32265625 0.053125 0.115625
0 0.325 0.3296875 0.06875 0.128125
0 0.22578125 0.290625 0.075 0.1171875
0 0.2171875 0.36796875 0.075 0.1234375
0 0.209375 0.5390625 0.0859375 0.11875
0 0.1203125 0.309375 0.071875 0.1109375