0 0.25625 0.51015625 0.125 0.1875
0 0.29453125 0.39765625 0.07890625 0.15703125
0 0.36953125 0.41015625 0.06484375 0.14609375
0 0.42265625 0.35703125 0.07578125 0.13671875
0 0.49765625 0.3609375 0.07890625 0.128125
0 0.44453125 0.509375 0.08359375 0.14765625
0 0.509375 0.51953125 0.0546875 0.13671875
0 0.55625 0.5328125 0.06953125 0.1453125
0 0.55546875 0.39375 0.04609375 0.10078125
0 0.5984375 0.40859375 0.0671875 0.128125
0 0.66484375 0.4078125 0.0640625 0.13203125
0 0.75 0.375 0.06875 0.1171875
0 0.7578125 0.528125 0.08046875 0.125