0 0.28125 0.29140625 0.11171875 0.21796875
0 0.38359375 0.37265625 0.065625 0.19609375
0 0.4625 0.3375 0.0796875 0.1859375
0 0.55546875 0.303125 0.0890625 0.1859375
0 0.6703125 0.28046875 0.0796875 0.2125
0 0.31171875 0.509375 0.09765625 0.1703125
0 0.42109375 0.52421875 0.071875 0.18046875
0 0.5328125 0.4953125 0.08125 0.15
0 0.64140625 0.496875 0.08828125 0.171875
0 0.2796875 0.77109375 0.13046875 0.3203125
0 0.40703125 0.76171875 0.08515625 0.2984375
0 0.53125 0.74296875 0.0921875 0.328125
0 0.665625 0.75703125 0.15859375 0.3125