0 0.25625 0.89140625 0.325 0.1296875
0 0.184375 0.8234375 0.15 0.075
0 0.2875 0.7703125 0.353125 0.13125
0 0.2609375 0.690625 0.25 0.1125
0 0.328125 0.609375 0.371875 0.10625
0 0.434375 0.67734375 0.2125 0.1
0 0.221875 0.5546875 0.15 0.071875
0 0.325 0.49296875 0.38125 0.115625
0 0.28515625 0.41796875 0.240625 0.13125
0 0.31328125 0.31328125 0.3078125 0.090625
0 0.34609375 0.25234375 0.271875 0.096875
0 0.19609375 0.18046875 0.178125 0.1125
0 0.25 0.08125 0.30625 0.1421875
0 0.53671875 0.14375 0.675 0.215625
0 0.6296875 0.290625 0.5140625 0.175
0 0.63046875 0.45859375 0.490625 0.140625
0 0.68359375 0.57578125 0.4578125 0.1125
0 0.68515625 0.64140625 0.303125 0.1125
0 0.4765625 0.6671875 0.3 0.125
0 0.62890625 0.778125 0.45 0.128125
0 0.628125 0.903125 0.575 0.1296875