0 0.27890625 0.48125 0.196875 0.0671875
0 0.1765625 0.42421875 0.2140625 0.075
0 0.13671875 0.26953125 0.23125 0.078125
0 0.33046875 0.06015625 0.1734375 0.1203125
0 0.4703125 0.2390625 0.1828125 0.1140625
0 0.5984375 0.328125 0.16875 0.1
0 0.603125 0.19921875 0.1703125 0.10625
0 0.5296875 0.12421875 0.159375 0.096875
0 0.459375 0.07890625 0.1484375 0.0890625
0 0.7859375 0.26875 0.1546875 0.1453125
0 0.5546875 0.56171875 0.165625 0.096875
0 0.44375 0.6203125 0.228125 0.0875
0 0.93359375 0.56015625 0.1328125 0.0890625
0 0.51015625 0.87421875 0.19375 0.14375
0 0.359375 0.80390625 0.1828125 0.115625
0 0.128125 0.89375 0.228125 0.121875
0 0.209375 0.9109375 0.1921875 0.1328125
0 0.31875 0.91328125 0.1875 0.1359375
0 0.38125 0.9453125 0.18125 0.109375
0 0.54765625 0.940625 0.2125 0.11875
0 0.73828125 0.95625 0.0953125 0.0671875