0 0.59453125 0.57265625 0.06484375 0.37109375
0 0.8453125 0.6296875 0.05234375 0.37109375
0 0.8171875 0.48671875 0.05 0.29921875
0 0.9703125 0.228125 0.059375 0.30546875
0 0.8828125 0.30546875 0.05390625 0.3171875
0 0.82890625 0.17890625 0.04765625 0.14296875
0 0.840625 0.3046875 0.059375 0.2359375
0 0.6484375 0.4 0.06484375 0.3671875
0 0.621875 0.48125 0.0515625 0.30390625
0 0.5859375 0.3296875 0.0625 0.234375
0 0.57109375 0.23515625 0.04453125 0.14453125
0 0.59140625 0.14609375 0.04921875 0.1921875
0 0.47734375 0.246875 0.0625 0.315625
0 0.546875 0.23203125 0.04453125 0.25
0 0.52734375 0.07109375 0.04765625 0.13515625
0 0.3984375 0.13984375 0.04921875 0.27578125
0 0.36328125 0.44453125 0.0703125 0.36484375
0 0.34921875 0.23984375 0.0578125 0.21015625
0 0.32265625 0.184375 0.0515625 0.26953125
0 0.215625 0.203125 0.0578125 0.19609375
0 0.1015625 0.41484375 0.06953125 0.3453125
0 0.11328125 0.2359375 0.05 0.12734375
0 0.121875 0.15546875 0.04765625 0.153125
0 0.17734375 0.12265625 0.0515625 0.2453125
0 0.1046875 0.05546875 0.04140625 0.1109375