0 0.10078125 0.61953125 0.1421875 0.37890625
0 0.1828125 0.48671875 0.16875 0.31640625
0 0.246875 0.6921875 0.1890625 0.40390625
0 0.33203125 0.38671875 0.13359375 0.290625
0 0.44921875 0.1984375 0.15234375 0.17265625
0 0.428125 0.38828125 0.0859375 0.23515625
0 0.49765625 0.37265625 0.14296875 0.246875
0 0.5984375 0.39296875 0.1125 0.31484375
0 0.6765625 0.34765625 0.1125 0.19296875
0 0.79375 0.7046875 0.178125 0.38359375
0 0.8109375 0.40234375 0.12109375 0.3984375
0 0.75703125 0.253125 0.10703125 0.20859375
0 0.409375 0.6828125 0.1234375 0.4046875
0 0.5328125 0.69609375 0.13515625 0.4734375
0 0.659375 0.69453125 0.13984375 0.40859375