0 0.89921875 0.38046875 0.1421875 0.3796875
0 0.8171875 0.51328125 0.16875 0.3171875
0 0.753125 0.3078125 0.1890625 0.403125
0 0.66796875 0.61328125 0.134375 0.290625
0 0.55078125 0.8015625 0.153125 0.171875
0 0.571875 0.61171875 0.0859375 0.234375
0 0.50234375 0.62734375 0.14375 0.246875
0 0.4015625 0.60703125 0.1125 0.315625
0 0.3234375 0.65234375 0.1125 0.19375
0 0.20625 0.2953125 0.178125 0.384375
0 0.1890625 0.59765625 0.121875 0.3984375
0 0.24296875 0.746875 0.1078125 0.209375
0 0.590625 0.3171875 0.1234375 0.4046875
0 0.4671875 0.30390625 0.1359375 0.4734375
0 0.340625 0.30546875 0.140625 0.409375