0 0.196875 0.75078125 0.12265625 0.4984375
0 0.290625 0.5640625 0.1046875 0.196875
0 0.35234375 0.78125 0.065625 0.09453125
0 0.32421875 0.66328125 0.08203125 0.14296875
0 0.31015625 0.91796875 0.05703125 0.128125
0 0.35625 0.865625 0.0515625 0.06953125
0 0.40234375 0.86875 0.065625 0.16328125
0 0.428125 0.6921875 0.0640625 0.1890625
0 0.4171875 0.5703125 0.05859375 0.121875
0 0.45078125 0.5234375 0.05 0.1109375
0 0.46484375 0.596875 0.0359375 0.103125
0 0.5046875 0.5359375 0.05 0.06484375
0 0.5 0.59921875 0.0484375 0.08984375
0 0.51640625 0.68515625 0.04765625 0.08984375
0 0.546875 0.5625 0.053125 0.134375
0 0.56328125 0.6890625 0.040625 0.10703125
0 0.51015625 0.78046875 0.06875 0.109375
0 0.46484375 0.82578125 0.05 0.0984375
0 0.58359375 0.83515625 0.06015625 0.134375
0 0.61796875 0.77265625 0.0671875 0.10703125
0 0.60546875 0.68359375 0.0421875 0.10078125
0 0.61015625 0.5671875 0.06015625 0.1234375
0 0.64765625 0.48125 0.07421875 0.103125
0 0.68046875 0.5453125 0.05546875 0.12578125
0 0.66484375 0.65625 0.08515625 0.109375
0 0.72578125 0.59296875 0.053125 0.14921875
0 0.7546875 0.52265625 0.04453125 0.1171875
0 0.8 0.4890625 0.065625 0.1296875
0 0.85703125 0.5 0.07421875 0.128125
0 0.83515625 0.5828125 0.0796875 0.13828125
0 0.79140625 0.61015625 0.06875 0.109375