0 0.3078125 0.1359375 0.21328125 0.2359375
0 0.30078125 0.409375 0.1828125 0.45
0 0.3453125 0.6046875 0.11328125 0.22890625
0 0.4671875 0.60078125 0.12421875 0.190625
0 0.43359375 0.44296875 0.1296875 0.26875
0 0.51875 0.43046875 0.1078125 0.23046875
0 0.61875 0.50703125 0.1859375 0.4453125
0 0.78359375 0.41875 0.16015625 0.6375
0 0.65703125 0.2875 0.09453125 0.36328125
0 0.61015625 0.24609375 0.11171875 0.2625
0 0.56328125 0.23515625 0.075 0.203125
0 0.503125 0.24453125 0.071875 0.1921875
0 0.43515625 0.23125 0.12421875 0.23203125