0 0.24921875 0.196875 0.4984375 0.121875
0 0.4359375 0.290625 0.196875 0.1046875
0 0.21875 0.35234375 0.09375 0.065625
0 0.33671875 0.32421875 0.14375 0.08125
0 0.08203125 0.31015625 0.128125 0.05625
0 0.134375 0.35625 0.06875 0.0515625
0 0.13125 0.40234375 0.1625 0.065625
0 0.3078125 0.428125 0.1890625 0.0640625
0 0.4296875 0.4171875 0.121875 0.059375
0 0.4765625 0.45078125 0.1109375 0.05
0 0.403125 0.46484375 0.103125 0.0359375
0 0.4640625 0.5046875 0.065625 0.05
0 0.40078125 0.5 0.090625 0.0484375
0 0.31484375 0.51640625 0.090625 0.046875
0 0.4375 0.546875 0.134375 0.053125
0 0.3109375 0.56328125 0.10625 0.040625
0 0.21953125 0.51015625 0.109375 0.06875
0 0.17421875 0.46484375 0.0984375 0.05
0 0.16484375 0.58359375 0.134375 0.059375
0 0.22734375 0.61796875 0.10625 0.0671875
0 0.31640625 0.60546875 0.1 0.0421875
0 0.4328125 0.61015625 0.1234375 0.059375
0 0.51875 0.64765625 0.103125 0.075
0 0.4546875 0.68046875 0.125 0.05625
0 0.34375 0.66484375 0.109375 0.084375
0 0.40703125 0.72578125 0.15 0.053125
0 0.47734375 0.7546875 0.1171875 0.04375
0 0.5109375 0.8 0.1296875 0.065625
0 0.5 0.85703125 0.128125 0.075
0 0.4171875 0.83515625 0.1375 0.0796875
0 0.38984375 0.79140625 0.109375 0.06875