0 0.1296875 0.30625 0.18359375 0.478125
0 0.26640625 0.18515625 0.1625 0.290625
0 0.39375 0.25859375 0.18515625 0.32734375
0 0.47578125 0.1265625 0.10859375 0.16875
0 0.5625 0.27578125 0.17265625 0.30703125
0 0.64140625 0.10390625 0.13125 0.12890625
0 0.7453125 0.18671875 0.21015625 0.3453125
0 0.88984375 0.27578125 0.165625 0.41796875
0 0.80078125 0.37734375 0.15625 0.2890625
0 0.64765625 0.61796875 0.15 0.609375
0 0.815625 0.7421875 0.2359375 0.5
0 0.503125 0.634375 0.1578125 0.6203125
0 0.29765625 0.62265625 0.24765625 0.6328125
0 0.21953125 0.39453125 0.17578125 0.32421875