0 0.1234375 0.69609375 0.225 0.6078125
0 0.284375 0.709375 0.2265625 0.58125
0 0.45390625 0.69765625 0.190625 0.6046875
0 0.57109375 0.53984375 0.171875 0.49375
0 0.65234375 0.346875 0.121875 0.19375
0 0.7875 0.30625 0.121875 0.134375
0 0.81328125 0.69453125 0.2375 0.6109375
0 0.71875 0.4546875 0.115625 0.3125
0 0.30078125 0.37421875 0.096875 0.1609375
0 0.3421875 0.2203125 0.140625 0.2921875
0 0.4875 0.2234375 0.109375 0.1421875
0 0.578125 0.184375 0.121875 0.2375
0 0.6921875 0.18828125 0.1015625 0.2234375
0 0.79609375 0.1953125 0.14375 0.1859375