0 0.52265625 0.78125 0.60625 0.1609375
0 0.3515625 0.6875 0.24375 0.115625
0 0.36875 0.584375 0.325 0.1375
0 0.28046875 0.5296875 0.1515625 0.059375
0 0.35234375 0.47578125 0.2328125 0.1296875
0 0.646875 0.69609375 0.496875 0.125
0 0.6546875 0.575 0.446875 0.11875
0 0.6625 0.46640625 0.5125 0.121875
0 0.6390625 0.35390625 0.525 0.1375
0 0.3703125 0.3734375 0.2375 0.0953125
0 0.29453125 0.32421875 0.18125 0.09375
0 0.296875 0.25859375 0.184375 0.1078125
0 0.3046875 0.18515625 0.2171875 0.08125
0 0.56875 0.13828125 0.675 0.10625
0 0.625 0.2515625 0.5375 0.115625