0 0.13359375 0.63203125 0.26328125 0.7359375
0 0.0890625 0.12890625 0.096875 0.2015625
0 0.24140625 0.24765625 0.0734375 0.2015625
0 0.14609375 0.221875 0.18515625 0.43828125
0 0.33828125 0.21953125 0.18359375 0.2078125
0 0.31171875 0.6140625 0.21875 0.73203125
0 0.446875 0.325 0.13984375 0.37265625
0 0.5765625 0.20859375 0.15859375 0.340625
0 0.64453125 0.471875 0.1828125 0.4859375
0 0.49453125 0.61640625 0.2078125 0.296875
0 0.4734375 0.8453125 0.18125 0.309375
0 0.84921875 0.75390625 0.253125 0.4921875
0 0.909375 0.51875 0.17734375 0.61328125
0 0.7703125 0.4109375 0.11484375 0.3125