0 0.26875 0.69296875 0.1390625 0.3890625
0 0.415625 0.7046875 0.0953125 0.409375
0 0.5859375 0.68359375 0.0890625 0.4625
0 0.73671875 0.6953125 0.0953125 0.40625
0 0.12578125 0.40625 0.1734375 0.534375
0 0.15703125 0.12578125 0.09375 0.221875
0 0.26875 0.2890625 0.0796875 0.346875
0 0.2859375 0.06953125 0.078125 0.1359375
0 0.3828125 0.271875 0.0625 0.409375
0 0.3515625 0.17421875 0.0984375 0.1578125
0 0.47578125 0.2890625 0.08125 0.296875
0 0.49296875 0.13515625 0.0859375 0.221875
0 0.55 0.26328125 0.109375 0.284375
0 0.625 0.20546875 0.084375 0.209375
0 0.590625 0.08125 0.0609375 0.1546875
0 0.67890625 0.1546875 0.0875 0.159375
0 0.7125 0.23359375 0.065625 0.1125
0 0.77265625 0.3046875 0.0890625 0.390625
0 0.89609375 0.30078125 0.115625 0.515625
0 0.82109375 0.1015625 0.0515625 0.203125
0 0.73046875 0.09296875 0.0765625 0.18125