0 0.30703125 0.26875 0.3890625 0.1375
0 0.2953125 0.415625 0.409375 0.09375
0 0.31640625 0.5859375 0.4625 0.0890625
0 0.3046875 0.73671875 0.40625 0.0953125
0 0.59375 0.12578125 0.534375 0.171875
0 0.87421875 0.15703125 0.221875 0.09375
0 0.7109375 0.26875 0.346875 0.0796875
0 0.93046875 0.2859375 0.1359375 0.078125
0 0.728125 0.3828125 0.409375 0.0625
0 0.82578125 0.3515625 0.1578125 0.096875
0 0.7109375 0.47578125 0.296875 0.08125
0 0.86484375 0.49296875 0.221875 0.084375
0 0.73671875 0.55 0.284375 0.109375
0 0.79453125 0.625 0.209375 0.084375
0 0.91875 0.590625 0.1546875 0.059375
0 0.8453125 0.67890625 0.159375 0.0875
0 0.76640625 0.7125 0.1125 0.065625
0 0.6953125 0.77265625 0.390625 0.0890625
0 0.69921875 0.89609375 0.515625 0.115625
0 0.8984375 0.82109375 0.203125 0.0515625
0 0.90703125 0.73046875 0.18125 0.0765625