0 0.6703125 0.528125 0.1375 0.5375
0 0.80859375 0.4765625 0.134375 0.496875
0 0.828125 0.1609375 0.09375 0.3109375
0 0.7171875 0.13515625 0.08125 0.2484375
0 0.68203125 0.26015625 0.0796875 0.203125
0 0.521875 0.546875 0.08125 0.359375
0 0.5453125 0.2734375 0.1015625 0.215625
0 0.49921875 0.37421875 0.065625 0.103125
0 0.40234375 0.4328125 0.1015625 0.36875
0 0.3125 0.50390625 0.075 0.34375
0 0.22109375 0.465625 0.125 0.309375
0 0.2859375 0.32578125 0.0828125 0.1375
0 0.1359375 0.34609375 0.14375 0.265625
0 0.24296875 0.24453125 0.08125 0.19375
0 0.23125 0.08359375 0.0765625 0.1390625
0 0.31328125 0.1640625 0.09375 0.221875
0 0.37109375 0.18515625 0.090625 0.25
0 0.428125 0.12109375 0.0875 0.16875
0 0.46875 0.14453125 0.0640625 0.153125
0 0.54609375 0.14296875 0.06875 0.146875
0 0.6 0.13125 0.0890625 0.178125