0 0.69609375 0.7109375 0.10234375 0.41875
0 0.56875 0.63515625 0.08515625 0.26796875
0 0.4703125 0.615625 0.07578125 0.2515625
0 0.35546875 0.61015625 0.0875 0.23359375
0 0.17578125 0.678125 0.1171875 0.31328125
0 0.24921875 0.54296875 0.09765625 0.30234375
0 0.11015625 0.4703125 0.07421875 0.28828125
0 0.18828125 0.42890625 0.0796875 0.1953125
0 0.2453125 0.3875 0.0953125 0.16953125
0 0.303125 0.42890625 0.08203125 0.1296875
0 0.3734375 0.42890625 0.0734375 0.19140625
0 0.44375 0.44453125 0.12109375 0.26640625
0 0.53359375 0.42109375 0.08515625 0.20078125
0 0.596875 0.4265625 0.1 0.16796875
0 0.659375 0.415625 0.07109375 0.16796875
0 0.73515625 0.4015625 0.065625 0.271875
0 0.8703125 0.62578125 0.121875 0.63203125