0 0.2890625 0.30390625 0.41875 0.103125
0 0.36484375 0.43125 0.26875 0.084375
0 0.384375 0.5296875 0.2515625 0.075
0 0.38984375 0.64453125 0.234375 0.0875
0 0.321875 0.82421875 0.3125 0.1171875
0 0.45703125 0.75078125 0.303125 0.096875
0 0.5296875 0.88984375 0.2875 0.075
0 0.57109375 0.81171875 0.1953125 0.0796875
0 0.6125 0.7546875 0.16875 0.0953125
0 0.57109375 0.696875 0.1296875 0.08125
0 0.57109375 0.6265625 0.190625 0.0734375
0 0.55546875 0.55625 0.265625 0.121875
0 0.57890625 0.46640625 0.2 0.084375
0 0.5734375 0.403125 0.16875 0.1
0 0.584375 0.340625 0.16875 0.071875
0 0.5984375 0.26484375 0.271875 0.065625
0 0.37421875 0.1296875 0.63125 0.121875