0 0.7015625 0.91875 0.596875 0.1625
0 0.57109375 0.809375 0.6328125 0.2046875
0 0.425 0.725 0.4296875 0.1828125
0 0.4640625 0.2421875 0.396875 0.178125
0 0.52890625 0.14765625 0.3625 0.15
0 0.72421875 0.0875 0.5515625 0.175
0 0.271875 0.56015625 0.315625 0.1
0 0.2796875 0.83046875 0.24375 0.1140625
0 0.1953125 0.690625 0.1640625 0.0921875
0 0.2640625 0.4171875 0.2640625 0.125
0 0.34375 0.309375 0.2421875 0.1328125
0 0.21328125 0.259375 0.15 0.08125
0 0.23984375 0.128125 0.25625 0.084375
0 0.26796875 0.03828125 0.2125 0.0765625