0 0.86875 0.75 0.17578125 0.39453125
0 0.70390625 0.75390625 0.11015625 0.36640625
0 0.6203125 0.77734375 0.11015625 0.33125
0 0.5046875 0.7953125 0.090625 0.26953125
0 0.384375 0.7734375 0.06875 0.29765625
0 0.1828125 0.7625 0.14765625 0.44296875
0 0.209375 0.48828125 0.078125 0.3109375
0 0.35546875 0.52265625 0.1171875 0.271875
0 0.4859375 0.590625 0.0796875 0.1765625
0 0.46171875 0.4921875 0.08125 0.1765625
0 0.55390625 0.53828125 0.10078125 0.203125
0 0.69140625 0.54375 0.1265625 0.20625
0 0.84375 0.51640625 0.12578125 0.25859375