0 0.13125 0.75 0.175 0.39375
0 0.29609375 0.75390625 0.109375 0.365625
0 0.3796875 0.77734375 0.109375 0.33125
0 0.4953125 0.7953125 0.090625 0.26875
0 0.615625 0.7734375 0.06875 0.296875
0 0.8171875 0.7625 0.146875 0.44375
0 0.790625 0.48828125 0.078125 0.3109375
0 0.64453125 0.52265625 0.1171875 0.271875
0 0.5140625 0.590625 0.0796875 0.1765625
0 0.53828125 0.4921875 0.08125 0.1765625
0 0.44609375 0.53828125 0.1 0.203125
0 0.30859375 0.54375 0.1265625 0.20625
0 0.15625 0.51640625 0.125 0.259375