0 0.2640625 0.67265625 0.1140625 0.503125
0 0.11640625 0.46015625 0.1015625 0.475
0 0.2703125 0.31875 0.11875 0.2625
0 0.35234375 0.29921875 0.1140625 0.19375
0 0.38671875 0.52890625 0.0875 0.21875
0 0.5171875 0.55078125 0.1125 0.2453125
0 0.4734375 0.29609375 0.1265625 0.25625
0 0.57578125 0.26875 0.071875 0.25
0 0.64609375 0.2703125 0.09375 0.1765625
0 0.6265625 0.51171875 0.15625 0.234375
0 0.72578125 0.51875 0.1 0.1671875
0 0.74140625 0.32265625 0.121875 0.18125
0 0.8234375 0.29453125 0.1375 0.221875
0 0.85390625 0.228125 0.1234375 0.24375