0 0.5765625 0.65546875 0.3046875 0.10625
0 0.55546875 0.54765625 0.346875 0.14375
0 0.5390625 0.390625 0.315625 0.125
0 0.61875 0.246875 0.340625 0.1671875
0 0.3453125 0.24140625 0.296875 0.103125
0 0.1984375 0.14609375 0.259375 0.140625
0 0.1703125 0.2546875 0.2140625 0.109375
0 0.22578125 0.37421875 0.2546875 0.1046875
0 0.3140625 0.4328125 0.1453125 0.0890625
0 0.340625 0.52109375 0.171875 0.09375
0 0.21015625 0.52421875 0.175 0.090625
0 0.321875 0.6046875 0.2046875 0.0796875
0 0.303125 0.69765625 0.18125 0.05625
0 0.20703125 0.73203125 0.2625 0.1109375
0 0.3046875 0.82734375 0.215625 0.1
0 0.5421875 0.77578125 0.35625 0.240625