0 0.50703125 0.27265625 0.40625 0.1375
0 0.50390625 0.125 0.3171875 0.1125
0 0.50625 0.4375 0.378125 0.1296875
0 0.521875 0.58984375 0.440625 0.15625
0 0.43984375 0.7265625 0.4015625 0.15625
0 0.19375 0.740625 0.3 0.1234375
0 0.221875 0.8421875 0.365625 0.0765625
0 0.2125 0.66953125 0.225 0.065625
0 0.2328125 0.56171875 0.20625 0.08125
0 0.26015625 0.4828125 0.2125 0.071875
0 0.26953125 0.3828125 0.271875 0.08125
0 0.23828125 0.28828125 0.1875 0.09375
0 0.19453125 0.20078125 0.296875 0.075
0 0.309375 0.15 0.2171875 0.0765625