0 0.2734375 0.76484375 0.2015625 0.46875
0 0.55390625 0.70703125 0.14375 0.5078125
0 0.434375 0.52421875 0.0875 0.2671875
0 0.48046875 0.40625 0.125 0.2234375
0 0.61171875 0.3671875 0.1265625 0.340625
0 0.721875 0.3890625 0.146875 0.384375
0 0.81953125 0.46953125 0.1859375 0.50625
0 0.83046875 0.1953125 0.1015625 0.209375
0 0.7125 0.15546875 0.1125 0.23125
0 0.5890625 0.165625 0.0828125 0.2265625
0 0.41640625 0.24921875 0.096875 0.3734375
0 0.26484375 0.20390625 0.1125 0.209375
0 0.10390625 0.18203125 0.1265625 0.21875
0 0.31015625 0.39453125 0.1328125 0.33125
0 0.1703125 0.409375 0.121875 0.315625