0 0.3390625 0.634375 0.103125 0.275
0 0.146875 0.590625 0.15625 0.4296875
0 0.12734375 0.3046875 0.1265625 0.275
0 0.26328125 0.371875 0.0765625 0.234375
0 0.3546875 0.41875 0.0796875 0.17109375
0 0.4015625 0.628125 0.08125 0.4484375
0 0.45234375 0.45078125 0.08203125 0.1578125
0 0.503125 0.53359375 0.08203125 0.38671875
0 0.5625 0.38046875 0.075 0.20625
0 0.609375 0.59921875 0.09765625 0.38671875
0 0.8015625 0.36484375 0.090625 0.409375
0 0.9140625 0.51796875 0.103125 0.64921875
0 0.73125 0.31171875 0.10078125 0.32578125
0 0.68046875 0.253125 0.09765625 0.24921875
0 0.58203125 0.24453125 0.1140625 0.2328125
0 0.453125 0.2140625 0.15625 0.3234375
0 0.3421875 0.3078125 0.13828125 0.1875
0 0.2859375 0.2765625 0.1171875 0.125