0 0.415625 0.6171875 0.2046875 0.075
0 0.5703125 0.58203125 0.14375 0.09375
0 0.27109375 0.465625 0.2 0.0734375
0 0.1703125 0.409375 0.21875 0.075
0 0.13125 0.24921875 0.246875 0.084375
0 0.46796875 0.25703125 0.1828125 0.10625
0 0.5921875 0.33671875 0.165625 0.084375
0 0.60625 0.2203125 0.171875 0.1125
0 0.5453125 0.14453125 0.175 0.09375
0 0.4671875 0.1140625 0.10625 0.10625
0 0.32421875 0.06484375 0.171875 0.11875
0 0.39296875 0.02578125 0.15 0.0515625
0 0.7828125 0.28515625 0.1609375 0.1125
0 0.9390625 0.57421875 0.121875 0.0921875
0 0.515625 0.89296875 0.19375 0.1125
0 0.36875 0.82109375 0.190625 0.1171875
0 0.1390625 0.89921875 0.21875 0.16875
0 0.2234375 0.93515625 0.1875 0.125
0 0.32421875 0.93515625 0.1765625 0.1203125
0 0.403125 0.94921875 0.146875 0.1
0 0.565625 0.95390625 0.209375 0.0921875
0 0.0953125 0.5484375 0.190625 0.05625