0 0.11953125 0.76171875 0.1796875 0.465625
0 0.846875 0.73984375 0.221875 0.5203125
0 0.86328125 0.38828125 0.134375 0.3015625
0 0.72578125 0.36484375 0.121875 0.334375
0 0.64140625 0.22578125 0.1078125 0.309375
0 0.2265625 0.48359375 0.1234375 0.30625
0 0.27265625 0.3140625 0.0734375 0.25
0 0.3578125 0.25859375 0.115625 0.25
0 0.3375 0.13046875 0.1171875 0.246875
0 0.4078125 0.134375 0.0625 0.190625
0 0.4953125 0.17421875 0.084375 0.284375
0 0.64609375 0.08984375 0.0765625 0.134375
0 0.58359375 0.15546875 0.084375 0.121875
0 0.16640625 0.21484375 0.1171875 0.3125