0 0.88046875 0.76171875 0.1796875 0.46640625
0 0.153125 0.73984375 0.22109375 0.5203125
0 0.13671875 0.38828125 0.134375 0.30078125
0 0.27421875 0.36484375 0.12109375 0.334375
0 0.35859375 0.22578125 0.10703125 0.309375
0 0.7734375 0.48359375 0.12265625 0.30546875
0 0.72734375 0.3140625 0.0734375 0.25078125
0 0.6421875 0.25859375 0.115625 0.25078125
0 0.6625 0.13046875 0.1171875 0.246875
0 0.5921875 0.134375 0.06171875 0.18984375
0 0.5046875 0.17421875 0.084375 0.284375
0 0.35390625 0.08984375 0.07578125 0.13359375
0 0.41640625 0.15546875 0.084375 0.12265625
0 0.83359375 0.21484375 0.1171875 0.3125