0 0.66796875 0.1109375 0.471875 0.0875
0 0.625 0.23671875 0.44375 0.084375
0 0.625 0.39375 0.471875 0.1296875
0 0.6546875 0.5484375 0.484375 0.109375
0 0.63671875 0.7171875 0.45625 0.0875
0 0.58515625 0.86171875 0.51875 0.15625
0 0.41796875 0.6953125 0.2734375 0.096875
0 0.43359375 0.5546875 0.271875 0.0671875
0 0.41484375 0.41953125 0.2421875 0.096875
0 0.4203125 0.2609375 0.196875 0.0625
0 0.4015625 0.13828125 0.215625 0.0546875
0 0.2484375 0.1484375 0.296875 0.0515625
0 0.26796875 0.28125 0.3421875 0.078125
0 0.240625 0.40546875 0.38125 0.053125
0 0.21796875 0.5328125 0.371875 0.1125
0 0.23984375 0.678125 0.3828125 0.0734375