0 0.4984375 0.38125 0.1171875 0.721875
0 0.68203125 0.4203125 0.1734375 0.625
0 0.8265625 0.471875 0.15 0.6703125
0 0.33671875 0.3875 0.190625 0.6890625
0 0.20859375 0.49375 0.15625 0.6328125
0 0.14765625 0.79296875 0.1609375 0.278125
0 0.28671875 0.84453125 0.1328125 0.2015625
0 0.4390625 0.753125 0.14375 0.2046875
0 0.615625 0.78515625 0.109375 0.1796875
0 0.7734375 0.8265625 0.121875 0.2625
0 0.67890625 0.88203125 0.10625 0.228125
0 0.55703125 0.91328125 0.09375 0.1703125
0 0.4984375 0.85078125 0.0875 0.1
0 0.3859375 0.9125 0.08125 0.121875