0 0.61875 0.4984375 0.721875 0.1171875
0 0.5796875 0.68203125 0.625 0.1734375
0 0.528125 0.8265625 0.6703125 0.15
0 0.6125 0.33671875 0.6890625 0.190625
0 0.50625 0.20859375 0.6328125 0.15625
0 0.20703125 0.14765625 0.278125 0.1609375
0 0.15546875 0.28671875 0.2015625 0.1328125
0 0.246875 0.4390625 0.2046875 0.14375
0 0.21484375 0.615625 0.1796875 0.109375
0 0.1734375 0.7734375 0.2625 0.1234375
0 0.11796875 0.67890625 0.228125 0.1078125
0 0.08671875 0.55703125 0.1703125 0.09375
0 0.14921875 0.4984375 0.1 0.0875
0 0.0875 0.3859375 0.121875 0.08125