0 0.859375 0.44921875 0.128125 0.3375
0 0.7515625 0.4640625 0.1125 0.3125
0 0.68515625 0.496875 0.096875 0.2875
0 0.625 0.5546875 0.10625 0.328125
0 0.58203125 0.63046875 0.04375 0.128125
0 0.52578125 0.5765625 0.10625 0.2625
0 0.4703125 0.62109375 0.0671875 0.1171875
0 0.4515625 0.42265625 0.1265625 0.328125
0 0.290625 0.45625 0.08125 0.221875
0 0.2265625 0.446875 0.1015625 0.3375
0 0.1234375 0.35078125 0.1375 0.4875
0 0.303125 0.59296875 0.09375 0.3015625
0 0.38828125 0.59609375 0.115625 0.21875
0 0.62578125 0.7375 0.1078125 0.2421875
0 0.79375 0.74609375 0.121875 0.321875
0 0.85 0.74296875 0.1375 0.2828125