0 0.55078125 0.859375 0.3375 0.128125
0 0.5359375 0.7515625 0.3125 0.1125
0 0.503125 0.68515625 0.2875 0.096875
0 0.4453125 0.625 0.328125 0.10625
0 0.36953125 0.58203125 0.128125 0.04375
0 0.4234375 0.52578125 0.2625 0.10625
0 0.37890625 0.4703125 0.1171875 0.0671875
0 0.57734375 0.4515625 0.328125 0.1265625
0 0.54375 0.290625 0.221875 0.08125
0 0.553125 0.2265625 0.3375 0.1015625
0 0.64921875 0.1234375 0.4875 0.1375
0 0.40703125 0.303125 0.3015625 0.09375
0 0.40390625 0.38828125 0.21875 0.115625
0 0.2625 0.62578125 0.2421875 0.1078125
0 0.25390625 0.79375 0.321875 0.1234375
0 0.25703125 0.85 0.2828125 0.1375