0 0.62109375 0.77890625 0.134375 0.4421875
0 0.5109375 0.74375 0.10625 0.484375
0 0.39296875 0.79140625 0.15 0.3859375
0 0.20859375 0.79609375 0.1359375 0.4078125
0 0.10859375 0.76484375 0.1421875 0.4703125
0 0.78359375 0.721875 0.1453125 0.55625
0 0.54375 0.46953125 0.11875 0.3125
0 0.39765625 0.49296875 0.084375 0.325
0 0.26171875 0.45390625 0.121875 0.271875
0 0.11484375 0.46015625 0.146875 0.30625
0 0.15546875 0.290625 0.1234375 0.34375
0 0.3015625 0.3515625 0.0859375 0.34375
0 0.43359375 0.30859375 0.084375 0.33125
0 0.55390625 0.27265625 0.1390625 0.3328125
0 0.66640625 0.30234375 0.1078125 0.2453125
0 0.8140625 0.321875 0.09375 0.259375
0 0.821875 0.5234375 0.165625 0.3953125