0 0.359375 0.58515625 0.3453125 0.1890625
0 0.29140625 0.403125 0.353125 0.228125
0 0.35234375 0.81484375 0.1828125 0.109375
0 0.3953125 0.921875 0.19375 0.1109375
0 0.3953125 0.14296875 0.19375 0.08125
0 0.12890625 0.17734375 0.084375 0.040625
0 0.1328125 0.2734375 0.0484375 0.03125
0 0.0625 0.29609375 0.040625 0.0265625
0 0.06640625 0.36328125 0.0484375 0.0359375
0 0.1125 0.8171875 0.059375 0.0265625
0 0.16640625 0.88671875 0.084375 0.059375
0 0.14140625 0.034375 0.08125 0.0359375
0 0.19296875 0.0796875 0.084375 0.0453125
0 0.10859375 0.09140625 0.0640625 0.03125
0 0.08359375 0.1375 0.059375 0.040625