0 0.63125 0.5453125 0.6484375 0.26875
0 0.2828125 0.66171875 0.3125 0.146875
0 0.24375 0.46953125 0.21875 0.13125
0 0.25390625 0.32265625 0.2625 0.134375
0 0.24375 0.8703125 0.1671875 0.109375
0 0.20390625 0.94453125 0.165625 0.06875
0 0.1125 0.6640625 0.103125 0.075
0 0.06015625 0.43203125 0.090625 0.0890625
0 0.0765625 0.0890625 0.078125 0.084375
0 0.165625 0.24453125 0.115625 0.1125
0 0.0859375 0.83203125 0.053125 0.0375
0 0.05234375 0.74140625 0.053125 0.040625
0 0.02265625 0.6203125 0.04375 0.040625