0 0.4546875 0.63125 0.26796875 0.6484375
0 0.33828125 0.2828125 0.146875 0.3125
0 0.53046875 0.24375 0.13125 0.21953125
0 0.67734375 0.25390625 0.13515625 0.2625
0 0.1296875 0.24375 0.10859375 0.1671875
0 0.05546875 0.20390625 0.06875 0.165625
0 0.3359375 0.1125 0.075 0.10234375
0 0.56796875 0.06015625 0.0890625 0.09140625
0 0.9109375 0.0765625 0.08359375 0.078125
0 0.75546875 0.165625 0.11328125 0.115625
0 0.16796875 0.0859375 0.0375 0.05234375
0 0.25859375 0.05234375 0.040625 0.05234375
0 0.3796875 0.02265625 0.03984375 0.04453125