0 0.1125 0.58203125 0.115625 0.60234375
0 0.20625 0.51171875 0.10078125 0.62890625
0 0.29609375 0.565625 0.12109375 0.62109375
0 0.3625 0.35 0.09765625 0.39453125
0 0.43203125 0.37109375 0.115625 0.2328125
0 0.478125 0.475 0.15234375 0.41484375
0 0.5703125 0.484375 0.0921875 0.67890625
0 0.7046875 0.5109375 0.06953125 0.55234375
0 0.78046875 0.4640625 0.09921875 0.5375
0 0.88203125 0.4890625 0.13125 0.509375
0 0.86640625 0.19453125 0.128125 0.22109375
0 0.70234375 0.1875 0.11875 0.215625
0 0.075 0.33046875 0.08203125 0.184375