0 0.4375 0.34296875 0.171875 0.084375
0 0.7390625 0.40625 0.2359375 0.084375
0 0.721875 0.58671875 0.178125 0.071875
0 0.8359375 0.6484375 0.2046875 0.0671875
0 0.89765625 0.79765625 0.2046875 0.0921875
0 0.6875 0.86953125 0.16875 0.0984375
0 0.6140625 0.91796875 0.16875 0.0953125
0 0.55859375 0.83359375 0.1171875 0.071875
0 0.4890625 0.7890625 0.125 0.103125
0 0.41640625 0.72421875 0.175 0.1359375
0 0.56328125 0.684375 0.178125 0.096875
0 0.4328125 0.61015625 0.1828125 0.084375
0 0.23828125 0.64921875 0.1875 0.096875
0 0.1296875 0.92265625 0.1765625 0.125
0 0.459375 0.95234375 0.171875 0.0953125
0 0.0421875 0.93828125 0.084375 0.1203125
0 0.31953125 0.13203125 0.059375 0.06875
0 0.2625 0.04765625 0.19375 0.0953125
0 0.48671875 0.0515625 0.1859375 0.103125
0 0.62734375 0.12109375 0.1984375 0.128125
0 0.90390625 0.06171875 0.1921875 0.11875