0 0.23359375 0.43203125 0.2953125 0.1015625
0 0.5515625 0.31640625 0.19375 0.1125
0 0.6 0.171875 0.0921875 0.0515625
0 0.66875 0.0625 0.178125 0.084375
0 0.3625 0.0828125 0.1734375 0.1125
0 0.5171875 0.04921875 0.1328125 0.0984375
0 0.0625 0.33125 0.125 0.090625
0 0.07265625 0.10078125 0.1453125 0.1125
0 0.15390625 0.0453125 0.16875 0.090625
0 0.08515625 0.63515625 0.1703125 0.078125
0 0.1296875 0.67734375 0.134375 0.1078125
0 0.26796875 0.61875 0.190625 0.08125
0 0.40390625 0.6546875 0.159375 0.10625
0 0.571875 0.5765625 0.190625 0.0875
0 0.7328125 0.61328125 0.1671875 0.14375
0 0.85625 0.87734375 0.1921875 0.1390625
0 0.53359375 0.9375 0.178125 0.103125
0 0.3796875 0.89609375 0.215625 0.1109375
0 0.2859375 0.84609375 0.203125 0.0765625
0 0.0984375 0.8328125 0.196875 0.1171875
0 0.409375 0.809375 0.103125 0.05625
0 0.50390625 0.7703125 0.1296875 0.0828125
0 0.51328125 0.7 0.228125 0.078125