0 0.76640625 0.43203125 0.2953125 0.1015625
0 0.4484375 0.31640625 0.19375 0.1125
0 0.4 0.171875 0.0921875 0.0515625
0 0.33125 0.0625 0.178125 0.084375
0 0.6375 0.0828125 0.1734375 0.1125
0 0.4828125 0.04921875 0.1328125 0.0984375
0 0.9375 0.33125 0.125 0.090625
0 0.92734375 0.10078125 0.1453125 0.1125
0 0.84609375 0.0453125 0.16875 0.090625
0 0.91484375 0.63515625 0.1703125 0.078125
0 0.8703125 0.67734375 0.134375 0.1078125
0 0.73203125 0.61875 0.190625 0.08125
0 0.59609375 0.6546875 0.159375 0.10625
0 0.428125 0.5765625 0.190625 0.0875
0 0.2671875 0.61328125 0.1671875 0.14375
0 0.14375 0.87734375 0.1921875 0.1390625
0 0.46640625 0.9375 0.178125 0.103125
0 0.6203125 0.89609375 0.215625 0.1109375
0 0.7140625 0.84609375 0.203125 0.0765625
0 0.9015625 0.8328125 0.196875 0.1171875
0 0.590625 0.809375 0.103125 0.05625
0 0.49609375 0.7703125 0.1296875 0.0828125
0 0.48671875 0.7 0.228125 0.078125