0 0.43203125 0.23359375 0.1015625 0.2953125
0 0.31640625 0.5515625 0.1125 0.19296875
0 0.171875 0.6 0.0515625 0.0921875
0 0.0625 0.66875 0.08359375 0.17734375
0 0.0828125 0.3625 0.11171875 0.1734375
0 0.04921875 0.5171875 0.0984375 0.1328125
0 0.33125 0.0625 0.08984375 0.125
0 0.10078125 0.07265625 0.11328125 0.1453125
0 0.0453125 0.15390625 0.090625 0.16875
0 0.63515625 0.08515625 0.078125 0.1703125
0 0.67734375 0.1296875 0.1078125 0.13515625
0 0.61875 0.26796875 0.08125 0.190625
0 0.6546875 0.40390625 0.10625 0.16015625
0 0.5765625 0.571875 0.0875 0.190625
0 0.61328125 0.7328125 0.14453125 0.1671875
0 0.87734375 0.85625 0.1390625 0.1921875
0 0.9375 0.53359375 0.10390625 0.17734375
0 0.89609375 0.3796875 0.11015625 0.215625
0 0.84609375 0.2859375 0.07578125 0.20234375
0 0.8328125 0.0984375 0.11640625 0.196875
0 0.809375 0.409375 0.05625 0.103125
0 0.7703125 0.50390625 0.0828125 0.1296875
0 0.7 0.51328125 0.07890625 0.228125