0 0.3125 0.584375 0.0828125 0.15
0 0.43359375 0.18828125 0.078125 0.234375
0 0.565625 0.578125 0.06953125 0.16953125
0 0.5953125 0.73828125 0.07890625 0.165625
0 0.665625 0.553125 0.0984375 0.178125
0 0.63203125 0.41171875 0.0859375 0.1875
0 0.6375 0.26796875 0.08203125 0.171875
0 0.7 0.15703125 0.07578125 0.20546875
0 0.63671875 0.0875 0.0671875 0.175
0 0.83359375 0.10390625 0.1015625 0.2078125
0 0.834375 0.32734375 0.0828125 0.17109375
0 0.859375 0.390625 0.12265625 0.16640625
0 0.778125 0.43515625 0.08359375 0.14609375
0 0.74609375 0.51875 0.084375 0.165625
0 0.9046875 0.53671875 0.14453125 0.1734375
0 0.86015625 0.890625 0.1125 0.15703125
0 0.0984375 0.64765625 0.1078125 0.190625
0 0.19453125 0.56171875 0.0890625 0.0765625
0 0.0765625 0.375 0.12109375 0.19140625
0 0.05 0.13046875 0.1 0.203125