0 0.309375 0.60390625 0.10078125 0.17265625
0 0.4375 0.16953125 0.06953125 0.25234375
0 0.54375 0.56875 0.0859375 0.18828125
0 0.59765625 0.74375 0.090625 0.1703125
0 0.83515625 0.909375 0.1453125 0.13671875
0 0.64765625 0.54375 0.09921875 0.19453125
0 0.89375 0.528125 0.14921875 0.1625
0 0.7234375 0.50703125 0.0859375 0.16875
0 0.76875 0.45078125 0.059375 0.1703125
0 0.6171875 0.39375 0.09140625 0.1484375
0 0.66640625 0.26328125 0.0578125 0.19609375
0 0.7171875 0.14765625 0.08125 0.19609375
0 0.809375 0.31015625 0.10703125 0.1609375
0 0.0703125 0.37890625 0.12734375 0.15859375
0 0.1078125 0.6203125 0.09453125 0.22421875