0 0.690625 0.39609375 0.1 0.171875
0 0.5625 0.83046875 0.0703125 0.253125
0 0.45625 0.43125 0.0859375 0.1875
0 0.40234375 0.25625 0.090625 0.1703125
0 0.16484375 0.090625 0.1453125 0.1375
0 0.35234375 0.45625 0.1 0.19375
0 0.10625 0.471875 0.15 0.1625
0 0.2765625 0.49296875 0.0859375 0.16875
0 0.23125 0.54921875 0.059375 0.1703125
0 0.3828125 0.60625 0.090625 0.1484375
0 0.33359375 0.73671875 0.0578125 0.196875
0 0.2828125 0.85234375 0.08125 0.196875
0 0.190625 0.68984375 0.1078125 0.1609375
0 0.9296875 0.62109375 0.128125 0.159375
0 0.8921875 0.3796875 0.09375 0.225