0 0.54765625 0.68671875 0.034375 0.0765625
0 0.5203125 0.73203125 0.03046875 0.06796875
0 0.4578125 0.6796875 0.0296875 0.0734375
0 0.48046875 0.63359375 0.028125 0.0703125
0 0.49296875 0.57109375 0.025 0.0796875
0 0.4484375 0.55 0.03203125 0.07578125
0 0.4234375 0.5734375 0.03359375 0.0828125
0 0.403125 0.70703125 0.03203125 0.08046875
0 0.66015625 0.4265625 0.03359375 0.07578125
0 0.74453125 0.484375 0.0359375 0.0765625
0 0.51171875 0.24609375 0.02578125 0.0734375
0 0.484375 0.125 0.02265625 0.09140625
0 0.34921875 0.13046875 0.0203125 0.0734375
0 0.3390625 0.19921875 0.025 0.065625
0 0.34609375 0.25390625 0.0265625 0.0671875
0 0.35234375 0.315625 0.025 0.0609375
0 0.39453125 0.43984375 0.028125 0.06953125
0 0.3984375 0.515625 0.028125 0.0671875
0 0.29140625 0.5546875 0.0265625 0.0703125
0 0.33046875 0.43984375 0.02890625 0.071875
0 0.32890625 0.35546875 0.0234375 0.0640625
0 0.296875 0.32265625 0.028125 0.078125
0 0.32265625 0.3015625 0.025 0.0703125