0 0.38828125 0.41796875 0.1 0.171875
0 0.453125 0.5625 0.096875 0.18125
0 0.55390625 0.64765625 0.08125 0.15625
0 0.45546875 0.79453125 0.06875 0.209375
0 0.50234375 0.90234375 0.0609375 0.1953125
0 0.55 0.91796875 0.0625 0.1640625
0 0.7859375 0.5046875 0.10625 0.2046875
0 0.9390625 0.33125 0.121875 0.146875
0 0.3 0.565625 0.084375 0.175
0 0.3234375 0.64453125 0.071875 0.178125
0 0.32734375 0.78984375 0.0703125 0.1625
0 0.2703125 0.72421875 0.0625 0.1625
0 0.1984375 0.50625 0.1140625 0.13125
0 0.1828125 0.5921875 0.1 0.10625
0 0.05625 0.7609375 0.1125 0.165625
0 0.096875 0.1015625 0.1625 0.1390625