0 0.38828125 0.58203125 0.10078125 0.17265625
0 0.453125 0.4375 0.09609375 0.18046875
0 0.55390625 0.35234375 0.08046875 0.15703125
0 0.45546875 0.20546875 0.06953125 0.20859375
0 0.50234375 0.09765625 0.0609375 0.1953125
0 0.55 0.08203125 0.0625 0.1640625
0 0.7859375 0.4953125 0.10703125 0.2046875
0 0.9390625 0.66875 0.121875 0.146875
0 0.3 0.434375 0.08515625 0.17421875
0 0.3234375 0.35546875 0.07265625 0.17890625
0 0.32734375 0.21015625 0.0703125 0.1625
0 0.2703125 0.27578125 0.06328125 0.1625
0 0.1984375 0.49375 0.1140625 0.13125
0 0.1828125 0.4078125 0.10078125 0.10546875
0 0.05625 0.2390625 0.1125 0.16640625
0 0.096875 0.8984375 0.16328125 0.1390625