0 0.203125 0.503125 0.09765625 0.1890625
0 0.2515625 0.60859375 0.1140625 0.1640625
0 0.30078125 0.43984375 0.1 0.1015625
0 0.47578125 0.57421875 0.0984375 0.190625
0 0.5265625 0.709375 0.0796875 0.18046875
0 0.5578125 0.3734375 0.06171875 0.1890625
0 0.59375 0.49140625 0.071875 0.20859375
0 0.66953125 0.50390625 0.078125 0.1859375
0 0.70859375 0.4390625 0.0640625 0.15859375
0 0.71875 0.2703125 0.07578125 0.20390625
0 0.6796875 0.1421875 0.0828125 0.24609375
0 0.77421875 0.140625 0.071875 0.19140625
0 0.7703125 0.33046875 0.065625 0.18046875
0 0.8078125 0.38984375 0.09609375 0.15703125
0 0.8234375 0.5109375 0.10625 0.16953125
0 0.76015625 0.934375 0.115625 0.13046875
0 0.11328125 0.08984375 0.125 0.17890625
0 0.2734375 0.09609375 0.09609375 0.19140625
0 0.45546875 0.10390625 0.0796875 0.2078125
0 0.05625 0.9171875 0.1125 0.11875