0 0.503125 0.796875 0.1890625 0.096875
0 0.60859375 0.7484375 0.1640625 0.1140625
0 0.43984375 0.69921875 0.1015625 0.1
0 0.57421875 0.52421875 0.190625 0.0984375
0 0.709375 0.4734375 0.18125 0.0796875
0 0.3734375 0.4421875 0.1890625 0.0625
0 0.49140625 0.40625 0.209375 0.071875
0 0.50390625 0.33046875 0.1859375 0.078125
0 0.4390625 0.29140625 0.159375 0.0640625
0 0.2703125 0.28125 0.203125 0.075
0 0.1421875 0.3203125 0.246875 0.0828125
0 0.140625 0.22578125 0.190625 0.071875
0 0.33046875 0.2296875 0.18125 0.065625
0 0.38984375 0.1921875 0.15625 0.096875
0 0.5109375 0.1765625 0.16875 0.10625
0 0.934375 0.23984375 0.13125 0.115625
0 0.08984375 0.88671875 0.178125 0.125
0 0.09609375 0.7265625 0.190625 0.096875
0 0.10390625 0.54453125 0.2078125 0.0796875
0 0.9171875 0.94375 0.11875 0.1125