0 0.0859375 0.89453125 0.04921875 0.0890625
0 0.05390625 0.846875 0.03515625 0.0796875
0 0.12109375 0.82890625 0.05078125 0.0796875
0 0.121875 0.76171875 0.04375 0.05703125
0 0.10546875 0.6890625 0.034375 0.06640625
0 0.05859375 0.65 0.02890625 0.0515625
0 0.08046875 0.5734375 0.04453125 0.0796875
0 0.1453125 0.596875 0.046875 0.16484375
0 0.13046875 0.4734375 0.02890625 0.06875
0 0.1265625 0.41328125 0.021875 0.04453125
0 0.084375 0.44453125 0.03515625 0.13359375
0 0.02890625 0.57421875 0.03359375 0.13359375
0 0.03359375 0.4734375 0.02421875 0.05
0 0.02265625 0.403125 0.02578125 0.071875
0 0.0609375 0.36953125 0.01953125 0.03515625
0 0.0609375 0.41953125 0.021875 0.04296875
0 0.078125 0.36640625 0.02265625 0.06328125
0 0.09609375 0.325 0.02890625 0.08671875
0 0.20078125 0.48515625 0.03828125 0.14453125
0 0.2171875 0.37578125 0.01953125 0.05546875
0 0.23828125 0.428125 0.02421875 0.09296875
0 0.26875 0.43984375 0.025 0.08359375
0 0.25 0.52890625 0.03125 0.08359375
0 0.22421875 0.60390625 0.02734375 0.140625
0 0.2609375 0.5984375 0.03203125 0.078125
0 0.2859375 0.63984375 0.04453125 0.09453125
0 0.20703125 0.81796875 0.06171875 0.3390625
0 0.28203125 0.709375 0.028125 0.04453125
0 0.28671875 0.8 0.05703125 0.1296875
0 0.28984375 0.93515625 0.05625 0.10703125
0 0.39921875 0.815625 0.06015625 0.190625
0 0.40078125 0.96015625 0.06328125 0.0796875
0 0.37890625 0.6515625 0.0625 0.1296875
0 0.39140625 0.56484375 0.04609375 0.0515625
0 0.39375 0.51171875 0.03125 0.04609375
0 0.38828125 0.4546875 0.01953125 0.04296875
0 0.33359375 0.51171875 0.03984375 0.2015625
0 0.34140625 0.41171875 0.02734375 0.05390625
0 0.36640625 0.38125 0.028125 0.11484375
0 0.34296875 0.33046875 0.03046875 0.0609375
0 0.41171875 0.39921875 0.03359375 0.11328125
0 0.44609375 0.47578125 0.02890625 0.05546875
0 0.46640625 0.53984375 0.03046875 0.1015625
0 0.4828125 0.64296875 0.040625 0.0703125
0 0.4671875 0.8015625 0.03828125 0.33359375
0 0.56484375 0.91875 0.075 0.159375
0 0.57109375 0.71796875 0.08046875 0.23125
0 0.5828125 0.55 0.040625 0.11484375
0 0.51640625 0.53203125 0.03828125 0.15
0 0.5578125 0.45703125 0.04296875 0.06640625
0 0.54296875 0.390625 0.03671875 0.0703125
0 0.46796875 0.4234375 0.03125 0.06875
0 0.49453125 0.384375 0.03203125 0.1015625
0 0.5171875 0.34375 0.02421875 0.09453125
0 0.440625 0.315625 0.02890625 0.1203125
0 0.46796875 0.28984375 0.01953125 0.0796875
0 0.48984375 0.284375 0.03203125 0.0796875
0 0.39609375 0.31328125 0.01875 0.05546875
0 0.39765625 0.265625 0.01953125 0.03515625
0 0.41875 0.25625 0.02265625 0.04609375
0 0.38984375 0.21640625 0.021875 0.0515625
0 0.42421875 0.2140625 0.01796875 0.03515625
0 0.45 0.24296875 0.01640625 0.0515625
0 0.6765625 0.78046875 0.05703125 0.34609375
0 0.86796875 0.8796875 0.1 0.240625
0 0.90859375 0.68359375 0.04609375 0.19296875
0 0.8734375 0.56640625 0.04296875 0.09609375
0 0.81953125 0.63984375 0.05625 0.25703125
0 0.75390625 0.59140625 0.046875 0.23515625
0 0.71640625 0.63828125 0.04296875 0.13515625
0 0.70703125 0.53515625 0.05234375 0.08125
0 0.6625 0.50859375 0.04765625 0.2015625
0 0.64609375 0.3703125 0.02421875 0.059375
0 0.61796875 0.425 0.03359375 0.16875
0 0.61015625 0.325 0.02578125 0.05703125
0 0.57109375 0.3609375 0.02890625 0.13359375
0 0.60703125 0.28046875 0.01953125 0.0390625
0 0.58984375 0.26640625 0.01484375 0.02578125
0 0.57265625 0.271875 0.01953125 0.03671875
0 0.54140625 0.2765625 0.025 0.090625
0 0.53359375 0.196875 0.02734375 0.03125
0 0.5609375 0.209375 0.02421875 0.05546875
0 0.59921875 0.234375 0.02265625 0.03515625
0 0.60078125 0.19921875 0.02109375 0.04609375
0 0.98203125 0.56484375 0.03515625 0.23671875
0 0.92734375 0.49921875 0.03125 0.109375
0 0.86953125 0.48671875 0.03515625 0.0703125
0 0.859375 0.446875 0.01875 0.03515625
0 0.84453125 0.409375 0.025 0.059375
0 0.803125 0.4453125 0.0375 0.11328125
0 0.78828125 0.34453125 0.03125 0.0515625
0 0.8125 0.3203125 0.02734375 0.0484375
0 0.721875 0.40625 0.04140625 0.08671875
0 0.71875 0.34375 0.02734375 0.06484375
0 0.7484375 0.32890625 0.03203125 0.06484375
0 0.77734375 0.2734375 0.025 0.0609375
0 0.66484375 0.3359375 0.02421875 0.04609375
0 0.67734375 0.31015625 0.02890625 0.0390625
0 0.640625 0.2703125 0.03359375 0.0515625
0 0.64765625 0.234375 0.01796875 0.03515625
0 0.63671875 0.2 0.02265625 0.04453125
0 0.65859375 0.20703125 0.02265625 0.0515625
0 0.67578125 0.259375 0.01875 0.040625
0 0.6796875 0.22421875 0.01796875 0.02578125
0 0.7125 0.29453125 0.01875 0.03671875
0 0.71171875 0.240625 0.01953125 0.03671875
0 0.7453125 0.25546875 0.02421875 0.0515625
0 0.70234375 0.19453125 0.02109375 0.0484375
0 0.746875 0.20703125 0.02265625 0.0484375
0 0.77421875 0.228125 0.02109375 0.040625
0 0.80703125 0.25859375 0.02421875 0.0390625
0 0.78828125 0.215625 0.01875 0.04296875
0 0.75625 0.16171875 0.02109375 0.04609375
0 0.79453125 0.175 0.01796875 0.03515625
0 0.79609375 0.121875 0.01953125 0.08125
0 0.8078125 0.09296875 0.015625 0.05546875
0 0.81953125 0.159375 0.01484375 0.04453125
0 0.81953125 0.2046875 0.015625 0.05
0 0.83125 0.16953125 0.0125 0.04296875
0 0.84453125 0.18828125 0.021875 0.05703125
0 0.87421875 0.253125 0.02578125 0.1015625
0 0.83828125 0.22890625 0.01484375 0.05703125
0 0.89296875 0.253125 0.01484375 0.05390625
0 0.90546875 0.23203125 0.01953125 0.05390625
0 0.93203125 0.22109375 0.021875 0.03515625
0 0.97265625 0.28203125 0.025 0.06484375
0 0.92578125 0.28515625 0.015625 0.06328125
0 0.959375 0.3265625 0.02265625 0.04296875
0 0.921875 0.33828125 0.01875 0.090625
0 0.8796875 0.33125 0.03671875 0.06328125
0 0.90078125 0.3953125 0.03046875 0.06484375
0 0.9375 0.40625 0.03125 0.04609375
0 0.94609375 0.26484375 0.01875 0.0484375
0 0.98203125 0.23125 0.015625 0.04453125