0 0.1328125 0.08125 0.1375 0.1625
0 0.265625 0.09609375 0.0921875 0.19140625
0 0.45625 0.0734375 0.078125 0.146875
0 0.684375 0.153125 0.08828125 0.2359375
0 0.728125 0.259375 0.08984375 0.2140625
0 0.7875 0.14296875 0.078125 0.20546875
0 0.753125 0.33828125 0.08359375 0.18203125
0 0.7953125 0.3984375 0.09140625 0.1890625
0 0.8125 0.5046875 0.10390625 0.15703125
0 0.696875 0.4484375 0.04921875 0.175
0 0.65625 0.4953125 0.07578125 0.1484375
0 0.575 0.47265625 0.06640625 0.1875
0 0.5453125 0.36796875 0.08671875 0.171875
0 0.465625 0.57578125 0.0765625 0.159375
0 0.50078125 0.69453125 0.09375 0.16640625
0 0.228125 0.48046875 0.1109375 0.16640625
0 0.24609375 0.6 0.1296875 0.146875
0 0.7453125 0.9390625 0.10625 0.121875
0 0.075 0.90625 0.11953125 0.1015625
0 0.0703125 0.7234375 0.08515625 0.1