0 0.49140625 0.48515625 0.059375 0.35625
0 0.7609375 0.40078125 0.0578125 0.35625
0 0.83671875 0.4296875 0.0703125 0.3390625
0 0.95625 0.7640625 0.053125 0.2421875
0 0.89140625 0.81640625 0.053125 0.284375
0 0.9625 0.65 0.05625 0.153125
0 0.8234375 0.74296875 0.0421875 0.3
0 0.78828125 0.7125 0.0515625 0.28125
0 0.70859375 0.54921875 0.059375 0.290625
0 0.68203125 0.65390625 0.05 0.2875
0 0.72734375 0.7890625 0.0375 0.240625
0 0.6609375 0.8296875 0.040625 0.178125
0 0.6265625 0.7203125 0.046875 0.296875
0 0.559375 0.66953125 0.05625 0.3515625
0 0.4921875 0.73515625 0.053125 0.16875
0 0.42109375 0.671875 0.059375 0.3125
0 0.25625 0.59921875 0.0734375 0.340625
0 0.2234375 0.71328125 0.05625 0.184375
0 0.19140625 0.55546875 0.075 0.3453125
0 0.32421875 0.7703125 0.0421875 0.19375
0 0.2890625 0.85234375 0.034375 0.271875
0 0.4046875 0.8390625 0.0421875 0.18125
0 0.44921875 0.86953125 0.0421875 0.25625
0 0.48515625 0.88046875 0.0421875 0.2359375
0 0.6 0.89375 0.04375 0.171875
0 0.14609375 0.746875 0.0453125 0.2796875
0 0.21640625 0.8265625 0.040625 0.153125
0 0.17265625 0.8578125 0.0390625 0.284375
0 0.025 0.5421875 0.05 0.34375
0 0.11640625 0.77421875 0.0359375 0.290625