0 0.8671875 0.08125 0.1375 0.1625
0 0.734375 0.09609375 0.0921875 0.190625
0 0.54375 0.0734375 0.078125 0.146875
0 0.315625 0.153125 0.0875 0.2359375
0 0.271875 0.259375 0.090625 0.2140625
0 0.2125 0.14296875 0.078125 0.20625
0 0.246875 0.33828125 0.084375 0.18125
0 0.2046875 0.3984375 0.090625 0.1890625
0 0.1875 0.5046875 0.103125 0.15625
0 0.303125 0.4484375 0.05 0.175
0 0.34375 0.4953125 0.075 0.1484375
0 0.425 0.47265625 0.065625 0.1875
0 0.4546875 0.36796875 0.0875 0.171875
0 0.534375 0.57578125 0.0765625 0.159375
0 0.49921875 0.69453125 0.09375 0.165625
0 0.771875 0.48046875 0.1109375 0.165625
0 0.75390625 0.6 0.1296875 0.146875
0 0.2546875 0.9390625 0.10625 0.121875
0 0.925 0.90625 0.11875 0.1015625
0 0.9296875 0.7234375 0.084375 0.1