0 0.53984375 0.2453125 0.190625 0.084375
0 0.39296875 0.22734375 0.146875 0.109375
0 0.4109375 0.45 0.190625 0.0546875
0 0.3046875 0.4921875 0.18125 0.075
0 0.62421875 0.53046875 0.16875 0.06875
0 0.521875 0.55546875 0.1828125 0.078125
0 0.51015625 0.6359375 0.1703125 0.075
0 0.55859375 0.684375 0.209375 0.059375
0 0.659375 0.7546875 0.1875 0.059375
0 0.5921875 0.77109375 0.1765625 0.1140625
0 0.49140625 0.7890625 0.14375 0.103125
0 0.05234375 0.7328125 0.103125 0.10625
0 0.10625 0.07421875 0.121875 0.134375
0 0.89296875 0.253125 0.2140625 0.103125
0 0.8421875 0.68125 0.24375 0.075
0 0.76796875 0.753125 0.19375 0.0734375
0 0.85234375 0.803125 0.196875 0.065625