0 0.3078125 0.628125 0.090625 0.1984375
0 0.4828125 0.61640625 0.0671875 0.16875
0 0.509375 0.5234375 0.08125 0.171875
0 0.60625 0.51328125 0.075 0.16875
0 0.640625 0.571875 0.06875 0.165625
0 0.7484375 0.50078125 0.115625 0.1765625
0 0.73203125 0.596875 0.10625 0.153125
0 0.7140625 0.69296875 0.071875 0.184375
0 0.7171875 0.81640625 0.0796875 0.2109375
0 0.7890625 0.76953125 0.078125 0.2
0 0.84375 0.8453125 0.078125 0.1984375
0 0.6515625 0.9125 0.0765625 0.175
0 0.221875 0.88671875 0.09375 0.20625
0 0.0546875 0.81640625 0.103125 0.15
0 0.19765625 0.384375 0.128125 0.1515625
0 0.396875 0.4109375 0.075 0.175
0 0.44453125 0.30625 0.08125 0.1625
0 0.0921875 0.20625 0.109375 0.1765625
0 0.04375 0.29609375 0.0875 0.1609375