0 0.35 0.20703125 0.0890625 0.196875
0 0.49296875 0.11015625 0.075 0.209375
0 0.4828125 0.19453125 0.0859375 0.2
0 0.5359375 0.35859375 0.07734375 0.1859375
0 0.4375 0.46015625 0.0921875 0.20390625
0 0.3703125 0.5828125 0.10859375 0.15390625
0 0.2875 0.284375 0.07578125 0.20546875
0 0.325 0.3515625 0.09609375 0.203125
0 0.2875 0.43203125 0.08984375 0.1890625
0 0.1828125 0.4328125 0.11640625 0.14609375
0 0.1796875 0.496875 0.11953125 0.153125
0 0.76484375 0.51328125 0.0953125 0.1625
0 0.9171875 0.6734375 0.13984375 0.18046875
0 0.115625 0.89140625 0.14296875 0.13046875