0 0.35 0.20703125 0.0890625 0.196875
0 0.49296875 0.11015625 0.075 0.209375
0 0.4828125 0.19453125 0.0859375 0.2
0 0.5359375 0.35859375 0.078125 0.1859375
0 0.4375 0.46015625 0.0921875 0.203125
0 0.3703125 0.5828125 0.109375 0.153125
0 0.2875 0.284375 0.0765625 0.20625
0 0.325 0.3515625 0.096875 0.203125
0 0.2875 0.43203125 0.090625 0.1890625
0 0.1828125 0.4328125 0.1171875 0.146875
0 0.1796875 0.496875 0.11875 0.153125
0 0.76484375 0.51328125 0.0953125 0.1625
0 0.9171875 0.6734375 0.140625 0.18125
0 0.115625 0.89140625 0.14375 0.13125