0 0.79609375 0.86640625 0.0828125 0.2125
0 0.66875 0.703125 0.0671875 0.215625
0 0.5515625 0.62421875 0.053125 0.171875
0 0.509375 0.52578125 0.078125 0.190625
0 0.41875 0.50625 0.06875 0.15
0 0.5875 0.31640625 0.08125 0.171875
0 0.6421875 0.4015625 0.0625 0.165625
0 0.26640625 0.50390625 0.075 0.165625
0 0.384375 0.56875 0.046875 0.171875
0 0.278125 0.62890625 0.05625 0.14375
0 0.31171875 0.69140625 0.0625 0.16875
0 0.2578125 0.79921875 0.06875 0.159375
0 0.18125 0.8046875 0.09375 0.171875
0 0.1140625 0.8515625 0.0578125 0.178125
0 0.9078125 0.828125 0.0859375 0.1734375
0 0.94453125 0.9375 0.078125 0.1125
0 0.32421875 0.903125 0.0703125 0.19375
0 0.89140625 0.27265625 0.096875 0.109375
0 0.953125 0.36328125 0.075 0.1625