0 0.51875 0.44140625 0.346875 0.075
0 0.5625 0.64921875 0.3078125 0.065625
0 0.42578125 0.721875 0.334375 0.075
0 0.62109375 0.90234375 0.253125 0.0578125
0 0.56171875 0.9765625 0.2578125 0.046875
0 0.73984375 0.984375 0.0875 0.03125
0 0.834375 0.971875 0.1125 0.04375
0 0.83359375 0.91484375 0.15 0.0453125
0 0.8265625 0.8546875 0.290625 0.05
0 0.76328125 0.7921875 0.290625 0.0484375
0 0.725 0.76171875 0.26875 0.053125
0 0.69375 0.7265625 0.1609375 0.04375
0 0.80390625 0.6609375 0.090625 0.046875
0 0.85703125 0.69765625 0.115625 0.0453125
0 0.7171875 0.58359375 0.284375 0.05625
0 0.6828125 0.528125 0.38125 0.059375
0 0.753125 0.46015625 0.109375 0.05
0 0.86328125 0.44453125 0.10625 0.04375
0 0.903125 0.47890625 0.1828125 0.0359375
0 0.93828125 0.5140625 0.11875 0.040625
0 0.96328125 0.65234375 0.065625 0.03125
0 0.91875 0.63359375 0.10625 0.034375
0 0.52265625 0.234375 0.378125 0.0734375
0 0.64296875 0.27890625 0.3015625 0.05
0 0.7640625 0.384375 0.1984375 0.04375
0 0.93515625 0.3984375 0.0625 0.01875
0 0.92734375 0.35703125 0.084375 0.025
0 0.9765625 0.36875 0.046875 0.028125
0 0.84296875 0.25703125 0.0953125 0.034375
0 0.621875 0.1828125 0.3 0.0703125
0 0.55859375 0.1046875 0.290625 0.034375
0 0.55234375 0.0734375 0.2796875 0.040625
0 0.81015625 0.115625 0.2 0.04375
0 0.82109375 0.18046875 0.10625 0.040625
0 0.92890625 0.19921875 0.1390625 0.03125
0 0.8640625 0.30703125 0.246875 0.034375