0 0.72890625 0.6625 0.240625 0.078125
0 0.61640625 0.5640625 0.178125 0.071875
0 0.515625 0.53359375 0.190625 0.065625
0 0.515625 0.43359375 0.16875 0.0640625
0 0.578125 0.3984375 0.2234375 0.065625
0 0.6796875 0.334375 0.1734375 0.071875
0 0.61484375 0.3046875 0.171875 0.0703125
0 0.4953125 0.2859375 0.153125 0.08125
0 0.7515625 0.253125 0.215625 0.0828125
0 0.89765625 0.3171875 0.196875 0.0625
0 0.78671875 0.175 0.2375 0.08125
0 0.82265625 0.1171875 0.23125 0.0953125
0 0.40546875 0.9234375 0.15 0.1046875
0 0.30859375 0.8921875 0.146875 0.109375
0 0.36171875 0.83359375 0.165625 0.1171875
0 0.3953125 0.6609375 0.171875 0.096875
0 0.31875 0.60625 0.16875 0.1015625
0 0.85234375 0.7953125 0.209375 0.1046875
0 0.85546875 0.8953125 0.14375 0.078125
0 0.9171875 0.92109375 0.153125 0.0984375