0 0.39140625 0.684375 0.090625 0.175
0 0.3265625 0.6140625 0.0703125 0.15625
0 0.45234375 0.48984375 0.059375 0.165625
0 0.5515625 0.50234375 0.05625 0.15
0 0.58671875 0.41875 0.0515625 0.178125
0 0.7 0.503125 0.09375 0.1484375
0 0.696875 0.353125 0.09375 0.121875
0 0.6578125 0.31015625 0.059375 0.171875
0 0.76484375 0.2609375 0.0625 0.209375
0 0.846875 0.21796875 0.06875 0.20625
0 0.921875 0.16640625 0.05 0.1703125
0 0.7109375 0.09921875 0.065625 0.1984375
0 0.34765625 0.24296875 0.06875 0.2640625
0 0.190625 0.1296875 0.0890625 0.16875
0 0.1125 0.12421875 0.0703125 0.1328125
0 0.0890625 0.05234375 0.084375 0.1015625
0 0.16328125 0.63671875 0.1171875 0.1109375
0 0.09140625 0.62265625 0.0578125 0.103125
0 0.0765625 0.546875 0.0796875 0.1171875