0 0.36796875 0.696875 0.05625 0.2125
0 0.05390625 0.834375 0.084375 0.23046875
0 0.14609375 0.478125 0.06640625 0.18828125
0 0.06328125 0.175 0.03984375 0.12890625
0 0.12109375 0.09609375 0.04296875 0.1421875
0 0.31953125 0.321875 0.05546875 0.1453125
0 0.30546875 0.2265625 0.04765625 0.09765625
0 0.3890625 0.29375 0.0421875 0.14609375
0 0.40859375 0.49609375 0.04921875 0.17265625
0 0.6125 0.5375 0.04765625 0.1671875
0 0.7671875 0.73515625 0.07734375 0.1859375
0 0.7828125 0.51484375 0.05390625 0.1625
0 0.77109375 0.36484375 0.0734375 0.175
0 0.5015625 0.2234375 0.0375 0.14609375
0 0.3890625 0.05390625 0.03046875 0.0921875
0 0.19765625 0.0828125 0.0375 0.11328125
0 0.42890625 0.13203125 0.0296875 0.13203125
0 0.5296875 0.1625 0.034375 0.134375
0 0.58203125 0.090625 0.0296875 0.1109375
0 0.47734375 0.13515625 0.02109375 0.1171875
0 0.61796875 0.20078125 0.025 0.13203125
0 0.6421875 0.19296875 0.02890625 0.1515625
0 0.89609375 0.2015625 0.04921875 0.134375
0 0.95625 0.19453125 0.04609375 0.14375
0 0.8359375 0.0640625 0.021875 0.10390625
0 0.8546875 0.0625 0.02265625 0.10703125
0 0.7359375 0.115625 0.02734375 0.13828125
0 0.8875 0.06796875 0.02734375 0.1328125