0 0.9203125 0.64453125 0.159375 0.70625
0 0.8640625 0.47265625 0.090625 0.2265625
0 0.7828125 0.67890625 0.134375 0.6421875
0 0.66328125 0.73671875 0.21875 0.5265625
0 0.590625 0.55703125 0.0921875 0.3
0 0.48671875 0.703125 0.1890625 0.59375
0 0.55859375 0.4515625 0.090625 0.2625
0 0.459375 0.4375 0.10625 0.3
0 0.66015625 0.3703125 0.08125 0.25625
0 0.74296875 0.33046875 0.071875 0.2453125
0 0.68984375 0.25625 0.071875 0.165625
0 0.58828125 0.28828125 0.06875 0.190625
0 0.51953125 0.32109375 0.090625 0.2125
0 0.4734375 0.2640625 0.053125 0.121875
0 0.38984375 0.378125 0.071875 0.35
0 0.2984375 0.6484375 0.234375 0.703125
0 0.11171875 0.684375 0.1890625 0.63125
0 0.33515625 0.44296875 0.1078125 0.225
0 0.34453125 0.28359375 0.04375 0.171875
0 0.3046875 0.27109375 0.0625 0.2125
0 0.61875 0.190625 0.059375 0.153125
0 0.32734375 0.1640625 0.046875 0.146875
0 0.29375 0.1640625 0.05 0.140625
0 0.23125 0.30625 0.0734375 0.14375
0 0.12421875 0.346875 0.0953125 0.20625
0 0.1859375 0.29375 0.0578125 0.2078125
0 0.24609375 0.234375 0.0375 0.1
0 0.225 0.2203125 0.0375 0.109375