0 0.3953125 0.70703125 0.21171875 0.5859375
0 0.5703125 0.74296875 0.153125 0.5140625
0 0.75078125 0.7703125 0.18515625 0.459375
0 0.75546875 0.50859375 0.1125 0.225
0 0.65234375 0.45 0.1234375 0.2953125
0 0.52109375 0.45390625 0.09375 0.21171875
0 0.4640625 0.5046875 0.09375 0.2546875
0 0.2984375 0.33671875 0.09609375 0.19453125
0 0.24765625 0.41171875 0.08984375 0.20625
0 0.30390625 0.475 0.12578125 0.2046875
0 0.37890625 0.36796875 0.08515625 0.16796875
0 0.421875 0.32421875 0.0578125 0.14921875
0 0.5671875 0.39140625 0.0765625 0.16796875
0 0.70390625 0.375 0.0625 0.17109375
0 0.771875 0.36171875 0.08203125 0.253125
0 0.8265625 0.5125 0.07890625 0.159375
0 0.92109375 0.38125 0.08046875 0.21171875
0 0.96015625 0.453125 0.07734375 0.2953125
0 0.615625 0.2484375 0.05 0.11953125
0 0.55 0.26953125 0.07421875 0.19140625
0 0.50078125 0.309375 0.05234375 0.12109375
0 0.46328125 0.30703125 0.046875 0.096875
0 0.17109375 0.36640625 0.06875 0.16796875
0 0.26328125 0.2546875 0.06328125 0.15234375
0 0.35234375 0.2734375 0.0609375 0.13125
0 0.47734375 0.23125 0.06328125 0.1375
0 0.67421875 0.24609375 0.05234375 0.13046875
0 0.72265625 0.24453125 0.0625 0.153125
0 0.87109375 0.3859375 0.0640625 0.31015625