0 0.40078125 0.59375 0.1234375 0.7671875
0 0.5125 0.56015625 0.0875 0.834375
0 0.64453125 0.52734375 0.1453125 0.8390625
0 0.7640625 0.546875 0.1625 0.90625
0 0.97578125 0.3984375 0.046875 0.546875
0 0.92578125 0.2796875 0.065625 0.28125
0 0.3078125 0.28671875 0.028125 0.159375
0 0.3375 0.27421875 0.0484375 0.1171875
0 0.365625 0.2375 0.04375 0.08125
0 0.128125 0.334375 0.05625 0.303125
0 0.1703125 0.3125 0.04375 0.196875
0 0.253125 0.2703125 0.0421875 0.078125
0 0.021875 0.41796875 0.04375 0.384375
0 0.0734375 0.39609375 0.0796875 0.384375