0 0.45390625 0.3859375 0.1984375 0.771875
0 0.27265625 0.34765625 0.1890625 0.6953125
0 0.69140625 0.35390625 0.3421875 0.7078125
0 0.8890625 0.3703125 0.221875 0.734375
0 0.92265625 0.69375 0.1359375 0.3078125
0 0.95 0.83046875 0.1 0.221875
0 0.87109375 0.8265625 0.1046875 0.2203125
0 0.825 0.7578125 0.1 0.203125
0 0.78671875 0.6046875 0.0875 0.271875
0 0.56640625 0.7984375 0.165625 0.346875
0 0.2875 0.69765625 0.2109375 0.390625
0 0.04140625 0.7984375 0.0828125 0.2171875
0 0.18125 0.765625 0.1203125 0.3
0 0.36796875 0.81640625 0.1 0.325
0 0.4375 0.828125 0.1046875 0.2375