0 0.15234375 0.9265625 0.14609375 0.146875
0 0.41328125 0.78359375 0.159375 0.20625
0 0.6015625 0.70859375 0.10703125 0.17890625
0 0.596875 0.5578125 0.05703125 0.21796875
0 0.67421875 0.45625 0.06484375 0.265625
0 0.53359375 0.36796875 0.0984375 0.2203125
0 0.41328125 0.415625 0.10625 0.1484375
0 0.41328125 0.56015625 0.13046875 0.17265625
0 0.30234375 0.30625 0.08515625 0.228125
0 0.3078125 0.184375 0.07578125 0.14296875
0 0.53515625 0.0875 0.10390625 0.17421875
0 0.95390625 0.6203125 0.09140625 0.19609375