0 0.18046875 0.5265625 0.34375 0.165625
0 0.1609375 0.20703125 0.315625 0.1484375
0 0.06875 0.72578125 0.1375 0.109375
0 0.05625 0.32421875 0.1125 0.0984375
0 0.296875 0.63125 0.303125 0.1515625
0 0.48359375 0.5921875 0.30625 0.13125
0 0.36953125 0.31640625 0.471875 0.1609375
0 0.2859375 0.04375 0.29375 0.0875
0 0.45390625 0.08046875 0.246875 0.11875
0 0.65 0.09921875 0.1734375 0.1046875
0 0.68359375 0.1984375 0.29375 0.115625
0 0.64921875 0.3078125 0.23125 0.11875
0 0.7015625 0.39140625 0.34375 0.1
0 0.7015625 0.59375 0.353125 0.1359375
0 0.6234375 0.7671875 0.3734375 0.1328125
0 0.71015625 0.87265625 0.3375 0.1171875
0 0.81484375 0.953125 0.25 0.078125
0 0.83984375 0.67109375 0.240625 0.1125
0 0.81484375 0.50234375 0.3609375 0.11875
0 0.86015625 0.27265625 0.275 0.1109375
0 0.8203125 0.11953125 0.246875 0.11875
0 0.3140625 0.83671875 0.4 0.1875
0 0.19140625 0.91328125 0.3828125 0.1515625