0 0.87734375 0.4328125 0.2453125 0.5328125
0 0.6328125 0.5203125 0.3546875 0.515625
0 0.35390625 0.49375 0.2296875 0.55
0 0.10390625 0.43125 0.2078125 0.51875
0 0.1171875 0.7390625 0.09375 0.153125
0 0.2984375 0.7953125 0.05625 0.121875
0 0.44375 0.80546875 0.075 0.10625
0 0.57421875 0.82421875 0.096875 0.315625
0 0.82890625 0.78203125 0.0515625 0.11875
0 0.88203125 0.83671875 0.046875 0.1890625
0 0.78515625 0.82421875 0.040625 0.103125
0 0.69375 0.81796875 0.0625 0.0890625
0 0.3328125 0.88828125 0.05625 0.1046875
0 0.17109375 0.8234375 0.04375 0.096875