0 0.12265625 0.5671875 0.2453125 0.53203125
0 0.3671875 0.4796875 0.3546875 0.51640625
0 0.64609375 0.50625 0.22890625 0.55078125
0 0.89609375 0.56875 0.2078125 0.51875
0 0.8828125 0.2609375 0.09296875 0.153125
0 0.7015625 0.2046875 0.05546875 0.12265625
0 0.55625 0.19453125 0.07421875 0.10546875
0 0.42578125 0.17578125 0.096875 0.31640625
0 0.17109375 0.21796875 0.0515625 0.11796875
0 0.11796875 0.16328125 0.04765625 0.18828125
0 0.21484375 0.17578125 0.04140625 0.10390625
0 0.30625 0.18203125 0.06171875 0.0890625
0 0.6671875 0.11171875 0.05625 0.1046875
0 0.82890625 0.1765625 0.04296875 0.096875