0 0.6109375 0.92734375 0.09375 0.1453125
0 0.14296875 0.92109375 0.1125 0.1578125
0 0.065625 0.825 0.0703125 0.2125
0 0.19296875 0.696875 0.13203125 0.21015625
0 0.28984375 0.79375 0.10625 0.3078125
0 0.39765625 0.7359375 0.103125 0.29375
0 0.49296875 0.815625 0.1125 0.30703125
0 0.703125 0.8140625 0.090625 0.3015625
0 0.85859375 0.7796875 0.1140625 0.29765625
0 0.72890625 0.64140625 0.103125 0.1703125
0 0.5 0.6140625 0.07109375 0.18984375
0 0.5890625 0.6765625 0.10625 0.33984375
0 0.01953125 0.703125 0.03828125 0.2171875
0 0.11328125 0.56796875 0.1203125 0.265625
0 0.3421875 0.63359375 0.0734375 0.184375
0 0.31640625 0.5625 0.07578125 0.20703125
0 0.27265625 0.521875 0.06796875 0.2265625
0 0.4359375 0.56953125 0.08828125 0.175
0 0.38671875 0.51015625 0.0578125 0.17890625
0 0.471875 0.48828125 0.09765625 0.175
0 0.33828125 0.4546875 0.0625 0.1703125
0 0.4125 0.4234375 0.06953125 0.1984375
0 0.159375 0.38203125 0.07734375 0.184375
0 0.26640625 0.38671875 0.07890625 0.1890625
0 0.33671875 0.33046875 0.08125 0.21171875
0 0.2515625 0.275 0.07578125 0.1734375
0 0.1421875 0.2734375 0.0625 0.16484375
0 0.0890625 0.33984375 0.05859375 0.26171875
0 0.0328125 0.3015625 0.04375 0.27578125
0 0.50703125 0.35625 0.05 0.146875
0 0.6171875 0.3390625 0.04609375 0.14296875
0 0.62734375 0.396875 0.07578125 0.140625
0 0.5421875 0.4296875 0.053125 0.140625
0 0.60390625 0.471875 0.06171875 0.16328125
0 0.6875 0.3734375 0.0796875 0.16484375
0 0.7296875 0.33984375 0.06171875 0.1328125
0 0.7046875 0.46171875 0.07265625 0.13984375
0 0.809375 0.32421875 0.0796875 0.13046875
0 0.79140625 0.48203125 0.0703125 0.159375
0 0.86875 0.4734375 0.07890625 0.16015625
0 0.8203125 0.60078125 0.09921875 0.175
0 0.8890625 0.5953125 0.0703125 0.15390625
0 0.9515625 0.41328125 0.0625 0.13359375
0 0.965625 0.534375 0.06796875 0.090625
0 0.65078125 0.3046875 0.040625 0.1078125
0 0.98359375 0.4546875 0.02734375 0.16015625