0 0.6109375 0.92734375 0.09375 0.1453125
0 0.14296875 0.92109375 0.1125 0.1578125
0 0.065625 0.825 0.0703125 0.2125
0 0.19296875 0.696875 0.1328125 0.209375
0 0.28984375 0.79375 0.10625 0.3078125
0 0.39765625 0.7359375 0.103125 0.29375
0 0.49296875 0.815625 0.1125 0.30625
0 0.703125 0.8140625 0.090625 0.3015625
0 0.85859375 0.7796875 0.1140625 0.2984375
0 0.72890625 0.64140625 0.103125 0.1703125
0 0.5 0.6140625 0.071875 0.190625
0 0.5890625 0.6765625 0.10625 0.340625
0 0.01953125 0.703125 0.0390625 0.2171875
0 0.11328125 0.56796875 0.1203125 0.265625
0 0.3421875 0.63359375 0.0734375 0.184375
0 0.31640625 0.5625 0.075 0.20625
0 0.27265625 0.521875 0.06875 0.2265625
0 0.4359375 0.56953125 0.0875 0.175
0 0.38671875 0.51015625 0.0578125 0.178125
0 0.471875 0.48828125 0.096875 0.175
0 0.33828125 0.4546875 0.0625 0.1703125
0 0.4125 0.4234375 0.06875 0.1984375
0 0.159375 0.38203125 0.078125 0.184375
0 0.26640625 0.38671875 0.0796875 0.1890625
0 0.33671875 0.33046875 0.08125 0.2125
0 0.2515625 0.275 0.0765625 0.1734375
0 0.1421875 0.2734375 0.0625 0.165625
0 0.0890625 0.33984375 0.059375 0.2625
0 0.0328125 0.3015625 0.04375 0.275
0 0.50703125 0.35625 0.05 0.146875
0 0.6171875 0.3390625 0.046875 0.14375
0 0.62734375 0.396875 0.075 0.140625
0 0.5421875 0.4296875 0.053125 0.140625
0 0.60390625 0.471875 0.0625 0.1625
0 0.6875 0.3734375 0.0796875 0.165625
0 0.7296875 0.33984375 0.0625 0.1328125
0 0.7046875 0.46171875 0.071875 0.140625
0 0.809375 0.32421875 0.0796875 0.13125
0 0.79140625 0.48203125 0.0703125 0.159375
0 0.86875 0.4734375 0.078125 0.1609375
0 0.8203125 0.60078125 0.1 0.175
0 0.8890625 0.5953125 0.0703125 0.1546875
0 0.9515625 0.41328125 0.0625 0.134375
0 0.965625 0.534375 0.06875 0.090625
0 0.65078125 0.3046875 0.040625 0.1078125
0 0.98359375 0.4546875 0.028125 0.159375