0 0.06953125 0.8265625 0.1390625 0.346875
0 0.26640625 0.803125 0.11328125 0.39375
0 0.5015625 0.553125 0.096875 0.4203125
0 0.57890625 0.7484375 0.13203125 0.40859375
0 0.07265625 0.4984375 0.1390625 0.41171875
0 0.22734375 0.39296875 0.11171875 0.30625
0 0.11640625 0.3578125 0.0765625 0.28359375
0 0.334375 0.23046875 0.078125 0.28671875
0 0.34375 0.55625 0.096875 0.41171875
0 0.78203125 0.4640625 0.14453125 0.41875
0 0.809375 0.828125 0.10703125 0.34375
0 0.690625 0.8828125 0.1171875 0.23359375
0 0.95546875 0.553125 0.0890625 0.36796875
0 0.88828125 0.75703125 0.103125 0.4
0 0.8421875 0.365625 0.0921875 0.375
0 0.54765625 0.29609375 0.09453125 0.36015625
0 0.4609375 0.31015625 0.07421875 0.253125
0 0.39765625 0.39765625 0.10703125 0.38359375
0 0.675 0.2296875 0.0890625 0.33828125