0 0.8265625 0.93046875 0.346875 0.1390625
0 0.803125 0.73359375 0.39375 0.1140625
0 0.553125 0.4984375 0.4203125 0.096875
0 0.7484375 0.42109375 0.409375 0.13125
0 0.4984375 0.92734375 0.4125 0.1390625
0 0.39296875 0.77265625 0.30625 0.1125
0 0.3578125 0.88359375 0.284375 0.0765625
0 0.23046875 0.665625 0.2875 0.078125
0 0.55625 0.65625 0.4125 0.096875
0 0.4640625 0.21796875 0.41875 0.14375
0 0.828125 0.190625 0.34375 0.10625
0 0.8828125 0.309375 0.234375 0.1171875
0 0.553125 0.04453125 0.36875 0.0890625
0 0.75703125 0.11171875 0.4 0.103125
0 0.365625 0.1578125 0.375 0.0921875
0 0.29609375 0.45234375 0.359375 0.09375
0 0.31015625 0.5390625 0.253125 0.075
0 0.39765625 0.60234375 0.384375 0.10625
0 0.2296875 0.325 0.3375 0.0890625