0 0.175 0.3109375 0.2 0.621875
0 0.29609375 0.334375 0.1734375 0.66875
0 0.37890625 0.5859375 0.1125 0.225
0 0.42890625 0.33359375 0.196875 0.6140625
0 0.54609375 0.325 0.209375 0.6328125
0 0.65859375 0.29453125 0.1609375 0.5890625
0 0.70625 0.4609375 0.059375 0.1796875
0 0.7359375 0.459375 0.04375 0.1578125
0 0.775 0.46484375 0.046875 0.178125
0 0.83203125 0.5171875 0.0375 0.103125
0 0.88125 0.51015625 0.03125 0.10625
0 0.94921875 0.51015625 0.046875 0.121875
0 0.97890625 0.4921875 0.0390625 0.1328125