0 0.64453125 0.809375 0.7109375 0.35625
0 0.44765625 0.70234375 0.365625 0.228125
0 0.30546875 0.66484375 0.228125 0.146875
0 0.2546875 0.5875 0.18125 0.09375
0 0.23828125 0.51953125 0.1625 0.0875
0 0.184375 0.35859375 0.2125 0.0734375
0 0.3390625 0.41171875 0.265625 0.13125
0 0.37109375 0.3 0.3140625 0.159375
0 0.4640625 0.190625 0.3484375 0.15
0 0.56484375 0.125 0.4734375 0.25
0 0.146875 0.66796875 0.0875 0.040625
0 0.23515625 0.84765625 0.140625 0.0625
0 0.23359375 0.91953125 0.1125 0.0671875
0 0.2859375 0.9703125 0.2 0.059375
0 0.20546875 0.109375 0.2125 0.053125
0 0.19609375 0.20546875 0.140625 0.05625
0 0.175 0.28203125 0.1625 0.040625
0 0.1796875 0.36484375 0.196875 0.0390625
0 0.2203125 0.0171875 0.1796875 0.034375