0 0.88984375 0.9546875 0.21953125 0.090625
0 0.821875 0.83828125 0.20390625 0.275
0 0.93984375 0.765625 0.1203125 0.28984375
0 0.59296875 0.95546875 0.14921875 0.0890625
0 0.5796875 0.91328125 0.24296875 0.16015625
0 0.603125 0.75546875 0.23125 0.16015625
0 0.175 0.93828125 0.228125 0.1234375
0 0.04375 0.890625 0.0875 0.21875
0 0.15625 0.79921875 0.21015625 0.18359375
0 0.3109375 0.7921875 0.1609375 0.30546875
0 0.42421875 0.72890625 0.178125 0.30859375
0 0.8296875 0.59609375 0.1375 0.22265625
0 0.9515625 0.5609375 0.09609375 0.1875
0 0.634375 0.5921875 0.12109375 0.20546875
0 0.509375 0.6125 0.13125 0.21640625
0 0.20546875 0.66796875 0.140625 0.13203125
0 0.065625 0.69453125 0.13046875 0.13125
0 0.07890625 0.59765625 0.153125 0.14453125
0 0.23984375 0.59375 0.14296875 0.09140625
0 0.5359375 0.46796875 0.1265625 0.078125
0 0.72578125 0.53125 0.13046875 0.228125
0 0.81484375 0.44140625 0.10703125 0.1
0 0.3484375 0.4625 0.11875 0.171875
0 0.2578125 0.4546875 0.0890625 0.12109375
0 0.03984375 0.475 0.078125 0.1078125
0 0.16171875 0.4828125 0.12109375 0.10546875
0 0.4859375 0.3859375 0.08046875 0.13828125
0 0.63984375 0.378125 0.08359375 0.11640625
0 0.7171875 0.37578125 0.084375 0.1
0 0.39921875 0.32421875 0.121875 0.140625
0 0.2109375 0.36796875 0.121875 0.07890625
0 0.04296875 0.37265625 0.0859375 0.08828125
0 0.075 0.31171875 0.07109375 0.09375
0 0.315625 0.28203125 0.08046875 0.1671875
0 0.21328125 0.2890625 0.0890625 0.0875
0 0.14296875 0.28125 0.075 0.15234375
0 0.06484375 0.20234375 0.084375 0.0875
0 0.51640625 0.2578125 0.1 0.06640625
0 0.94140625 0.25 0.09921875 0.109375
0 0.74296875 0.20546875 0.08359375 0.115625
0 0.65390625 0.171875 0.1046875 0.0640625
0 0.56640625 0.19296875 0.08203125 0.1171875
0 0.4171875 0.19140625 0.08515625 0.08828125
0 0.79375 0.13671875 0.0859375 0.0953125
0 0.56875 0.1109375 0.07421875 0.0625
0 0.6296875 0.13359375 0.07890625 0.0984375
0 0.14921875 0.1671875 0.07578125 0.084375
0 0.20859375 0.11640625 0.06484375 0.10234375
0 0.40625 0.103125 0.05546875 0.1015625
0 0.45703125 0.10546875 0.078125 0.10703125
0 0.26953125 0.084375 0.06796875 0.07578125