0 0.11015625 0.9546875 0.21875 0.090625
0 0.178125 0.83828125 0.203125 0.275
0 0.06015625 0.765625 0.1203125 0.2890625
0 0.40703125 0.95546875 0.15 0.0890625
0 0.4203125 0.91328125 0.24375 0.159375
0 0.396875 0.75546875 0.23125 0.159375
0 0.825 0.93828125 0.228125 0.1234375
0 0.95625 0.890625 0.0875 0.21875
0 0.84375 0.79921875 0.209375 0.184375
0 0.6890625 0.7921875 0.1609375 0.30625
0 0.57578125 0.72890625 0.178125 0.309375
0 0.1703125 0.59609375 0.1375 0.2234375
0 0.0484375 0.5609375 0.096875 0.1875
0 0.365625 0.5921875 0.121875 0.20625
0 0.490625 0.6125 0.13125 0.215625
0 0.79453125 0.66796875 0.140625 0.1328125
0 0.934375 0.69453125 0.13125 0.13125
0 0.92109375 0.59765625 0.153125 0.1453125
0 0.76015625 0.59375 0.14375 0.090625
0 0.4640625 0.46796875 0.1265625 0.078125
0 0.27421875 0.53125 0.13125 0.228125
0 0.18515625 0.44140625 0.1078125 0.1
0 0.6515625 0.4625 0.11875 0.171875
0 0.7421875 0.4546875 0.0890625 0.121875
0 0.96015625 0.475 0.078125 0.1078125
0 0.83828125 0.4828125 0.121875 0.10625
0 0.5140625 0.3859375 0.08125 0.1375
0 0.36015625 0.378125 0.084375 0.115625
0 0.2828125 0.37578125 0.084375 0.1
0 0.60078125 0.32421875 0.121875 0.140625
0 0.7890625 0.36796875 0.121875 0.078125
0 0.95703125 0.37265625 0.0859375 0.0875
0 0.925 0.31171875 0.071875 0.09375
0 0.684375 0.28203125 0.08125 0.1671875
0 0.78671875 0.2890625 0.0890625 0.0875
0 0.85703125 0.28125 0.075 0.153125
0 0.93515625 0.20234375 0.084375 0.0875
0 0.48359375 0.2578125 0.1 0.065625
0 0.05859375 0.25 0.1 0.109375
0 0.25703125 0.20546875 0.084375 0.115625
0 0.34609375 0.171875 0.1046875 0.0640625
0 0.43359375 0.19296875 0.0828125 0.1171875
0 0.5828125 0.19140625 0.084375 0.0875
0 0.20625 0.13671875 0.0859375 0.0953125
0 0.43125 0.1109375 0.075 0.0625
0 0.3703125 0.13359375 0.0796875 0.0984375
0 0.85078125 0.1671875 0.075 0.084375
0 0.79140625 0.11640625 0.065625 0.103125
0 0.59375 0.103125 0.05625 0.1015625
0 0.54296875 0.10546875 0.078125 0.10625
0 0.73046875 0.084375 0.06875 0.075