0 0.50390625 0.53515625 0.025 0.084375
0 0.5421875 0.53203125 0.021875 0.1203125
0 0.55 0.4640625 0.015625 0.065625
0 0.58046875 0.49453125 0.021875 0.075
0 0.57734375 0.54296875 0.0203125 0.040625
0 0.63046875 0.52421875 0.025 0.0671875
0 0.6625 0.5359375 0.021875 0.059375
0 0.68359375 0.515625 0.021875 0.078125
0 0.78203125 0.440625 0.01875 0.084375
0 0.946875 0.86484375 0.025 0.1875
0 0.9640625 0.8453125 0.01875 0.128125
0 0.98828125 0.7484375 0.0234375 0.1734375
0 0.98046875 0.65234375 0.021875 0.0625
0 0.9015625 0.62578125 0.0171875 0.13125
0 0.88125 0.63359375 0.0265625 0.159375
0 0.94609375 0.5125 0.021875 0.1125
0 0.91796875 0.5109375 0.01875 0.1
0 0.9078125 0.48046875 0.01875 0.071875
0 0.13359375 0.55078125 0.028125 0.109375
0 0.1609375 0.5234375 0.01875 0.0984375
0 0.1875 0.5203125 0.0203125 0.1046875
0 0.35703125 0.52734375 0.025 0.078125
0 0.35078125 0.4375 0.0171875 0.08125
0 0.30390625 0.43359375 0.021875 0.078125