0 0.46484375 0.49609375 0.084375 0.025
0 0.46796875 0.4578125 0.1203125 0.021875
0 0.5359375 0.45 0.065625 0.015625
0 0.50546875 0.41953125 0.075 0.021875
0 0.45703125 0.42265625 0.040625 0.0203125
0 0.47578125 0.36953125 0.0671875 0.025
0 0.4640625 0.3375 0.059375 0.021875
0 0.484375 0.31640625 0.078125 0.021875
0 0.559375 0.21796875 0.084375 0.01875
0 0.13515625 0.053125 0.1875 0.025
0 0.1546875 0.0359375 0.128125 0.01875
0 0.2515625 0.01171875 0.1734375 0.0234375
0 0.34765625 0.01953125 0.0625 0.021875
0 0.37421875 0.0984375 0.13125 0.0171875
0 0.36640625 0.11875 0.159375 0.0265625
0 0.4875 0.05390625 0.1125 0.021875
0 0.4890625 0.08203125 0.1 0.01875
0 0.51953125 0.0921875 0.071875 0.01875
0 0.44921875 0.86640625 0.109375 0.028125
0 0.4765625 0.8390625 0.0984375 0.01875
0 0.4796875 0.8125 0.1046875 0.0203125
0 0.47265625 0.64296875 0.078125 0.025
0 0.5625 0.64921875 0.08125 0.0171875
0 0.56640625 0.69609375 0.078125 0.021875