0 0.42578125 0.4890625 0.10234375 0.15546875
0 0.56171875 0.503125 0.09765625 0.15
0 0.70859375 0.50859375 0.0875 0.178125
0 0.8375 0.5109375 0.12578125 0.16796875
0 0.39296875 0.3921875 0.084375 0.0796875
0 0.5 0.3703125 0.0875 0.09296875
0 0.6625 0.38046875 0.12734375 0.10078125
0 0.81796875 0.41484375 0.11015625 0.12421875
0 0.371875 0.31953125 0.11328125 0.10078125
0 0.48828125 0.30859375 0.078125 0.04921875
0 0.61875 0.3234375 0.09375 0.1234375
0 0.74296875 0.31875 0.09296875 0.103125
0 0.3328125 0.25078125 0.065625 0.09453125
0 0.46171875 0.26015625 0.08671875 0.08515625
0 0.58203125 0.2640625 0.06796875 0.10625
0 0.6984375 0.259375 0.09296875 0.09375
0 0.28984375 0.20625 0.07265625 0.078125
0 0.41953125 0.2109375 0.0578125 0.04609375
0 0.53984375 0.22421875 0.0890625 0.05703125
0 0.26640625 0.16015625 0.07890625 0.065625
0 0.50390625 0.18125 0.06171875 0.0578125
0 0.61640625 0.18359375 0.0515625 0.06953125
0 0.59453125 0.14140625 0.09296875 0.06015625
0 0.46953125 0.13203125 0.0765625 0.04765625
0 0.3609375 0.134375 0.09140625 0.053125
0 0.24921875 0.11484375 0.09140625 0.0546875
0 0.54609375 0.1296875 0.084375 0.07109375
0 0.21171875 0.10078125 0.09765625 0.05078125