0 0.92890625 0.459375 0.1421875 0.1921875
0 0.91328125 0.75546875 0.1734375 0.24375
0 0.84296875 0.1671875 0.3125 0.2078125
0 0.68984375 0.8734375 0.2734375 0.1453125
0 0.74375 0.4203125 0.221875 0.1890625
0 0.77265625 0.56484375 0.146875 0.20625
0 0.75546875 0.72421875 0.125 0.15
0 0.39453125 0.0578125 0.225 0.115625
0 0.240625 0.53046875 0.1765625 0.125
0 0.47109375 0.42578125 0.090625 0.115625
0 0.4609375 0.759375 0.140625 0.1125
0 0.61796875 0.21484375 0.146875 0.18125
0 0.615625 0.56640625 0.103125 0.171875
0 0.596875 0.46953125 0.078125 0.134375
0 0.61015625 0.74296875 0.0890625 0.1
0 0.37109375 0.640625 0.11875 0.1046875
0 0.3078125 0.34296875 0.1015625 0.14375
0 0.396875 0.18203125 0.1546875 0.140625
0 0.49921875 0.61171875 0.1171875 0.1375
0 0.53046875 0.31328125 0.1375 0.103125
0 0.52265625 0.18671875 0.090625 0.125