0 0.89375 0.09453125 0.2125 0.1890625
0 0.88671875 0.290625 0.2265625 0.20625
0 0.703125 0.2109375 0.2234375 0.20625
0 0.48515625 0.19296875 0.1859375 0.2359375
0 0.20234375 0.303125 0.1671875 0.2125
0 0.3671875 0.26484375 0.2234375 0.1875
0 0.1953125 0.521875 0.175 0.196875
0 0.18984375 0.69765625 0.2 0.1609375
0 0.6140625 0.390625 0.1796875 0.1796875
0 0.88359375 0.5 0.2171875 0.1921875
0 0.37265625 0.51640625 0.18125 0.196875
0 0.4453125 0.85 0.1578125 0.178125
0 0.821875 0.79921875 0.190625 0.1890625
0 0.5984375 0.82734375 0.1484375 0.146875
0 0.6546875 0.7328125 0.121875 0.16875
0 0.57421875 0.553125 0.1234375 0.128125