0 0.89375 0.90546875 0.21171875 0.18828125
0 0.88671875 0.709375 0.2265625 0.20625
0 0.703125 0.7890625 0.22265625 0.20625
0 0.48515625 0.80703125 0.1859375 0.2359375
0 0.20234375 0.696875 0.16640625 0.2125
0 0.3671875 0.73515625 0.2234375 0.18671875
0 0.1953125 0.478125 0.17578125 0.19609375
0 0.18984375 0.30234375 0.19921875 0.1609375
0 0.6140625 0.609375 0.1796875 0.1796875
0 0.88359375 0.5 0.2171875 0.19140625
0 0.37265625 0.48359375 0.18125 0.19609375
0 0.4453125 0.15 0.15703125 0.17890625
0 0.821875 0.20078125 0.19140625 0.1890625
0 0.5984375 0.17265625 0.1484375 0.14609375
0 0.6546875 0.2671875 0.121875 0.16953125
0 0.57421875 0.446875 0.1234375 0.12734375