0 0.1421875 0.03046875 0.0875 0.046875
0 0.08359375 0.19296875 0.075 0.0375
0 0.10859375 0.28828125 0.071875 0.0375
0 0.028125 0.384375 0.05 0.03125
0 0.0203125 0.52421875 0.040625 0.03125
0 0.09609375 0.38828125 0.08125 0.040625
0 0.13359375 0.409375 0.0890625 0.053125
0 0.2140625 0.3328125 0.0890625 0.04375
0 0.2140625 0.21484375 0.0796875 0.05
0 0.19296875 0.4234375 0.08125 0.040625
0 0.29921875 0.31640625 0.090625 0.0375
0 0.07265625 0.5890625 0.075 0.0359375
0 0.25546875 0.490625 0.096875 0.040625
0 0.121875 0.66328125 0.0875 0.040625
0 0.165625 0.68515625 0.0875 0.04375
0 0.03046875 0.91640625 0.0609375 0.034375
0 0.07578125 0.89921875 0.090625 0.040625
0 0.12421875 0.92890625 0.084375 0.0375
0 0.31796875 0.55078125 0.090625 0.0421875
0 0.315625 0.63828125 0.0890625 0.040625
0 0.23046875 0.8890625 0.084375 0.040625
0 0.2828125 0.884375 0.075 0.0484375
0 0.353125 0.13515625 0.075 0.0375
0 0.4265625 0.14765625 0.078125 0.05625
0 0.4921875 0.0515625 0.065625 0.04375
0 0.41640625 0.25859375 0.0734375 0.034375
0 0.48671875 0.18125 0.075 0.0375
0 0.53046875 0.14296875 0.06875 0.040625
0 0.4703125 0.28984375 0.071875 0.034375
0 0.41328125 0.353125 0.075 0.034375
0 0.38671875 0.48828125 0.0796875 0.046875
0 0.43984375 0.41953125 0.071875 0.040625
0 0.453125 0.51015625 0.065625 0.0375
0 0.48671875 0.46953125 0.0625 0.0375
0 0.55234375 0.44453125 0.053125 0.0375
0 0.5609375 0.36875 0.065625 0.040625
0 0.48515625 0.36640625 0.071875 0.040625
0 0.54375 0.29921875 0.0796875 0.040625
0 0.5703125 0.22421875 0.075 0.04375
0 0.6265625 0.15703125 0.06875 0.046875
0 0.35390625 0.69765625 0.0796875 0.0375
0 0.36875 0.6640625 0.071875 0.03125
0 0.43984375 0.64921875 0.084375 0.0375
0 0.33203125 0.8359375 0.0890625 0.05
0 0.3546875 0.9078125 0.071875 0.040625
0 0.428125 0.7953125 0.078125 0.040625
0 0.39609375 0.8859375 0.075 0.040625
0 0.475 0.88125 0.08125 0.0421875
0 0.509375 0.8015625 0.071875 0.034375
0 0.55 0.7109375 0.071875 0.0421875
0 0.54140625 0.58515625 0.075 0.028125
0 0.58828125 0.54765625 0.075 0.034375
0 0.5890625 0.44921875 0.0515625 0.028125
0 0.63515625 0.45390625 0.059375 0.034375
0 0.63203125 0.32890625 0.06875 0.040625
0 0.68515625 0.3125 0.06875 0.040625
0 0.6859375 0.13671875 0.071875 0.0453125
0 0.62890625 0.05625 0.084375 0.0375
0 0.66953125 0.07734375 0.0796875 0.040625
0 0.70859375 0.0359375 0.0625 0.03125
0 0.74453125 0.0515625 0.0625 0.0375
0 0.79140625 0.1703125 0.065625 0.034375
0 0.771875 0.22890625 0.0703125 0.034375
0 0.8625 0.19140625 0.071875 0.040625
0 0.825 0.3203125 0.0640625 0.03125
0 0.796875 0.4078125 0.0734375 0.0375
0 0.75859375 0.3640625 0.059375 0.04375
0 0.74140625 0.2984375 0.065625 0.03125
0 0.70390625 0.403125 0.071875 0.034375
0 0.721875 0.47421875 0.0796875 0.03125
0 0.68203125 0.5609375 0.065625 0.034375
0 0.65 0.61953125 0.0625 0.0375
0 0.69296875 0.61875 0.0625 0.028125
0 0.7234375 0.59296875 0.059375 0.034375
0 0.78359375 0.6703125 0.075 0.0375
0 0.68046875 0.69375 0.0703125 0.03125
0 0.6109375 0.66796875 0.0625 0.03125
0 0.78984375 0.8140625 0.08125 0.0359375
0 0.771875 0.92734375 0.084375 0.0421875
0 0.8640625 0.86015625 0.090625 0.034375
0 0.85234375 0.7296875 0.0875 0.059375
0 0.64140625 0.88984375 0.078125 0.0390625
0 0.64296875 0.803125 0.078125 0.0453125
0 0.57734375 0.80390625 0.071875 0.0421875
0 0.7109375 0.8484375 0.078125 0.0359375
0 0.7546875 0.86015625 0.0546875 0.034375
0 0.846875 0.34921875 0.0640625 0.040625
0 0.89765625 0.30546875 0.059375 0.03125
0 0.91640625 0.090625 0.05625 0.0375
0 0.95234375 0.31171875 0.040625 0.025
0 0.9421875 0.40625 0.053125 0.028125
0 0.8796875 0.40625 0.0734375 0.04375
0 0.8609375 0.559375 0.0671875 0.0421875
0 0.94921875 0.63359375 0.065625 0.0453125
0 0.91171875 0.50078125 0.06875 0.034375
0 0.93984375 0.4703125 0.0625 0.03125
0 0.9671875 0.428125 0.05625 0.0375
0 0.9796875 0.32109375 0.040625 0.0375
0 0.96328125 0.87734375 0.06875 0.0375
0 0.96328125 0.2234375 0.0625 0.03125
0 0.97421875 0.14140625 0.0515625 0.034375
0 0.44453125 0.9640625 0.0828125 0.0375