0 0.30078125 0.840625 0.525 0.165625
0 0.315625 0.64375 0.4796875 0.140625
0 0.23125 0.45 0.4625 0.190625
0 0.2265625 0.20625 0.453125 0.16875
0 0.50546875 0.44140625 0.184375 0.128125
0 0.49140625 0.29921875 0.2140625 0.125
0 0.58203125 0.60546875 0.2296875 0.078125
0 0.58359375 0.54765625 0.2265625 0.0875
0 0.54296875 0.50390625 0.2375 0.1125
0 0.40703125 0.73515625 0.428125 0.103125
0 0.63828125 0.6796875 0.1953125 0.0875
0 0.65 0.45625 0.165625 0.071875
0 0.446875 0.09921875 0.2046875 0.090625
0 0.2984375 0.06328125 0.44375 0.1234375
0 0.5921875 0.83359375 0.2296875 0.1
0 0.6984375 0.7875 0.1359375 0.071875
0 0.6296875 0.88984375 0.178125 0.0765625
0 0.69453125 0.72109375 0.1515625 0.04375
0 0.58671875 0.27421875 0.2046875 0.125