0 0.159375 0.69921875 0.16484375 0.52578125
0 0.35625 0.684375 0.13984375 0.4796875
0 0.55 0.76875 0.18984375 0.4625
0 0.79375 0.7734375 0.16875 0.45234375
0 0.55859375 0.49453125 0.128125 0.18359375
0 0.70078125 0.50859375 0.12421875 0.2140625
0 0.39453125 0.41796875 0.07734375 0.2296875
0 0.45234375 0.41640625 0.08671875 0.2265625
0 0.49609375 0.45703125 0.1125 0.23828125
0 0.26484375 0.59296875 0.10390625 0.42890625
0 0.3203125 0.36171875 0.08671875 0.1953125
0 0.54375 0.35 0.07265625 0.16640625
0 0.90078125 0.553125 0.09140625 0.2046875
0 0.93671875 0.7015625 0.1234375 0.44453125
0 0.16640625 0.4078125 0.09921875 0.2296875
0 0.2125 0.3015625 0.07109375 0.1359375
0 0.11015625 0.3703125 0.07578125 0.17734375
0 0.27890625 0.30546875 0.04375 0.1515625
0 0.72578125 0.41328125 0.125 0.2046875