0 0.90703125 0.33359375 0.184375 0.0625
0 0.74609375 0.0796875 0.2125 0.0625
0 0.55859375 0.175 0.1703125 0.053125
0 0.378125 0.1390625 0.1625 0.046875
0 0.27890625 0.08828125 0.128125 0.034375
0 0.39453125 0.21328125 0.178125 0.040625
0 0.22578125 0.2296875 0.15625 0.040625
0 0.28828125 0.30234375 0.159375 0.0328125
0 0.3109375 0.38828125 0.159375 0.046875
0 0.2703125 0.33359375 0.1578125 0.0375
0 0.140625 0.29609375 0.140625 0.040625
0 0.11796875 0.25703125 0.125 0.0359375
0 0.29609375 0.46796875 0.128125 0.04375
0 0.46015625 0.43046875 0.1359375 0.05
0 0.66640625 0.43046875 0.2125 0.059375
0 0.7015625 0.525 0.221875 0.034375
0 0.6953125 0.6390625 0.1734375 0.0390625
0 0.66640625 0.5921875 0.178125 0.028125
0 0.73671875 0.76796875 0.2 0.05
0 0.93046875 0.7046875 0.115625 0.0421875
0 0.928125 0.78125 0.134375 0.0359375
0 0.8765625 0.8234375 0.178125 0.040625
0 0.884375 0.86328125 0.1875 0.04375
0 0.39375 0.62109375 0.15 0.0453125
0 0.61875 0.65625 0.18125 0.0375
0 0.5453125 0.6640625 0.134375 0.028125
0 0.525 0.61875 0.11875 0.0390625
0 0.2859375 0.7546875 0.171875 0.034375
0 0.13671875 0.73671875 0.1640625 0.034375
0 0.12890625 0.6046875 0.15625 0.0484375
0 0.0609375 0.4359375 0.1 0.0375
0 0.065625 0.5296875 0.1109375 0.021875
0 0.10703125 0.80234375 0.125 0.0390625
0 0.60859375 0.92890625 0.2078125 0.0421875
0 0.690625 0.959375 0.19375 0.046875
0 0.2484375 0.934375 0.175 0.0421875
0 0.1625 0.98125 0.15 0.0375
0 0.05859375 0.95 0.1171875 0.040625