0 0.2796875 0.33515625 0.0875 0.3296875
0 0.10703125 0.34453125 0.0546875 0.259375
0 0.0859375 0.4359375 0.040625 0.1375
0 0.06328125 0.425 0.040625 0.1046875
0 0.025 0.440625 0.04375 0.09375
0 0.35 0.37578125 0.071875 0.30625
0 0.43828125 0.34296875 0.08125 0.33125
0 0.5140625 0.30546875 0.06875 0.36875
0 0.5859375 0.32890625 0.078125 0.34375
0 0.6875 0.34296875 0.08125 0.325
0 0.53515625 0.48984375 0.040625 0.10625
0 0.4734375 0.46953125 0.04375 0.1125
0 0.6234375 0.4609375 0.053125 0.159375
0 0.74375 0.384375 0.0546875 0.3390625
0 0.83203125 0.33359375 0.078125 0.371875
0 0.90859375 0.37265625 0.078125 0.309375
0 0.76953125 0.46171875 0.034375 0.115625
0 0.8796875 0.5 0.040625 0.06875
0 0.95546875 0.39140625 0.053125 0.228125
0 0.98828125 0.36484375 0.0234375 0.2125