0 0.1421875 0.79296875 0.228125 0.3875
0 0.3921875 0.82890625 0.271875 0.328125
0 0.659375 0.8546875 0.246875 0.290625
0 0.9109375 0.8203125 0.178125 0.359375
0 0.175 0.56171875 0.1703125 0.15625
0 0.4078125 0.58203125 0.215625 0.165625
0 0.66015625 0.61328125 0.19375 0.18125
0 0.90390625 0.43828125 0.1921875 0.2328125
0 0.70859375 0.39609375 0.190625 0.2453125
0 0.115625 0.37265625 0.2203125 0.21875
0 0.3265625 0.3828125 0.1859375 0.1953125
0 0.525 0.38515625 0.1671875 0.2390625
0 0.8546875 0.2171875 0.2171875 0.190625
0 0.6 0.1859375 0.2359375 0.175
0 0.36875 0.196875 0.1765625 0.165625
0 0.159375 0.184375 0.18125 0.1640625