0 0.63046875 0.2015625 0.0703125 0.271875
0 0.58984375 0.24375 0.0640625 0.184375
0 0.65 0.29609375 0.059375 0.1375
0 0.3625 0.21875 0.0625 0.171875
0 0.91484375 0.21484375 0.0390625 0.209375
0 0.790625 0.2484375 0.034375 0.1296875
0 0.85390625 0.2625 0.03125 0.1234375
0 0.80859375 0.25078125 0.028125 0.1296875
0 0.81875 0.28125 0.028125 0.0625
0 0.875 0.27421875 0.028125 0.1171875
0 0.9453125 0.26953125 0.03125 0.128125
0 0.934375 0.29609375 0.0296875 0.075
0 0.23125 0.23359375 0.034375 0.103125
0 0.1171875 0.25234375 0.034375 0.1140625
0 0.1671875 0.2609375 0.034375 0.0984375
0 0.05 0.25 0.03125 0.1390625
0 0.01328125 0.25234375 0.0265625 0.153125
0 0.08359375 0.24375 0.0265625 0.134375
0 0.43984375 0.2703125 0.021875 0.0765625
0 0.4265625 0.26328125 0.025 0.0734375
0 0.509375 0.271875 0.021875 0.071875
0 0.4890625 0.2734375 0.01875 0.065625
0 0.49609375 0.26796875 0.021875 0.059375
0 0.40703125 0.27265625 0.015625 0.0796875
0 0.14921875 0.26015625 0.01875 0.08125
0 0.27421875 0.2625 0.0234375 0.0765625
0 0.75234375 0.27421875 0.025 0.1