0 0.153125 0.1875 0.240625 0.109375
0 0.23828125 0.0953125 0.21875 0.071875
0 0.18671875 0.315625 0.2578125 0.1109375
0 0.134375 0.46953125 0.228125 0.1078125
0 0.07265625 0.725 0.1453125 0.08125
0 0.09921875 0.66640625 0.16875 0.0671875
0 0.0953125 0.89453125 0.190625 0.1
0 0.07890625 0.98125 0.1578125 0.034375
0 0.17734375 0.91640625 0.15625 0.0765625
0 0.24375 0.58125 0.19375 0.084375
0 0.284375 0.3765625 0.171875 0.103125
0 0.29765625 0.21796875 0.2125 0.115625
0 0.35234375 0.48046875 0.1921875 0.109375
0 0.4296875 0.2359375 0.1671875 0.090625
0 0.45625 0.16796875 0.15625 0.0828125
0 0.4859375 0.06484375 0.140625 0.065625
0 0.5890625 0.22578125 0.134375 0.06875
0 0.60703125 0.11640625 0.15625 0.078125
0 0.490625 0.42578125 0.153125 0.0765625
0 0.46171875 0.5796875 0.1875 0.078125
0 0.52578125 0.503125 0.15625 0.075
0 0.5859375 0.54765625 0.1515625 0.084375
0 0.59140625 0.45234375 0.15625 0.065625
0 0.553125 0.69453125 0.1078125 0.053125
0 0.54921875 0.765625 0.1375 0.0515625
0 0.42890625 0.7140625 0.11875 0.040625
0 0.41796875 0.77578125 0.15625 0.0625
0 0.30625 0.66484375 0.2 0.06875
0 0.24453125 0.76484375 0.15625 0.06875
0 0.31328125 0.88984375 0.1375 0.08125
0 0.3625 0.940625 0.159375 0.065625
0 0.48515625 0.925 0.159375 0.09375
0 0.525 0.853125 0.14375 0.075
0 0.63125 0.2859375 0.1484375 0.0890625
0 0.66484375 0.18828125 0.13125 0.065625
0 0.68828125 0.0515625 0.1328125 0.0625
0 0.55703125 0.0390625 0.115625 0.0609375
0 0.6734375 0.63671875 0.1609375 0.0515625
0 0.64375 0.73125 0.084375 0.059375
0 0.6 0.896875 0.1109375 0.075
0 0.72265625 0.94296875 0.159375 0.06875
0 0.6625 0.853125 0.0375 0.134375
0 0.7171875 0.72265625 0.1109375 0.0546875
0 0.71953125 0.4484375 0.084375 0.0625
0 0.6734375 0.3703125 0.1265625 0.06875
0 0.7359375 0.4859375 0.10625 0.0421875
0 0.7234375 0.54765625 0.115625 0.040625
0 0.7796875 0.51875 0.109375 0.046875
0 0.83515625 0.6109375 0.13125 0.0546875
0 0.80625 0.6734375 0.103125 0.0484375
0 0.77578125 0.79375 0.128125 0.0484375
0 0.8140625 0.753125 0.109375 0.0625
0 0.76484375 0.1234375 0.09375 0.065625
0 0.7671875 0.1765625 0.078125 0.0515625
0 0.80234375 0.2953125 0.1125 0.046875
0 0.8375 0.240625 0.096875 0.053125
0 0.86015625 0.17578125 0.0890625 0.0421875
0 0.88046875 0.109375 0.103125 0.0578125
0 0.8453125 0.03515625 0.078125 0.0578125
0 0.9046875 0.0375 0.0734375 0.0484375
0 0.9265625 0.2 0.096875 0.0515625
0 0.88203125 0.3078125 0.084375 0.05
0 0.796875 0.3875 0.0875 0.05
0 0.86875 0.43359375 0.10625 0.053125
0 0.8734375 0.5171875 0.084375 0.046875
0 0.90703125 0.4578125 0.1 0.0640625
0 0.9125 0.3375 0.1078125 0.05
0 0.9328125 0.378125 0.109375 0.0625
0 0.96484375 0.24375 0.065625 0.0625
0 0.93203125 0.49453125 0.08125 0.05
0 0.91484375 0.56953125 0.1125 0.05625
0 0.93203125 0.68125 0.090625 0.0375
0 0.92421875 0.775 0.10625 0.053125
0 0.9453125 0.7234375 0.078125 0.034375
0 0.871875 0.71484375 0.1 0.0421875
0 0.9453125 0.97109375 0.1 0.040625