0 0.1875 0.846875 0.11015625 0.24140625
0 0.0953125 0.76171875 0.071875 0.21953125
0 0.315625 0.81328125 0.1109375 0.2578125
0 0.46953125 0.865625 0.1078125 0.22734375
0 0.725 0.92734375 0.08125 0.1453125
0 0.66640625 0.90078125 0.06640625 0.16953125
0 0.89453125 0.9046875 0.1 0.190625
0 0.98125 0.92109375 0.034375 0.1578125
0 0.91640625 0.82265625 0.0765625 0.15703125
0 0.58125 0.75625 0.084375 0.19296875
0 0.3765625 0.715625 0.10234375 0.17109375
0 0.21796875 0.70234375 0.11640625 0.21171875
0 0.48046875 0.64765625 0.11015625 0.1921875
0 0.2359375 0.5703125 0.09140625 0.1671875
0 0.16796875 0.54375 0.0828125 0.15546875
0 0.06484375 0.5140625 0.065625 0.13984375
0 0.22578125 0.4109375 0.06796875 0.13515625
0 0.11640625 0.39296875 0.07890625 0.15546875
0 0.42578125 0.509375 0.0765625 0.15234375
0 0.5796875 0.53828125 0.078125 0.18828125
0 0.503125 0.47421875 0.07421875 0.15625
0 0.54765625 0.4140625 0.08515625 0.1515625
0 0.45234375 0.40859375 0.06640625 0.15625
0 0.69453125 0.446875 0.053125 0.1078125
0 0.765625 0.45078125 0.0515625 0.13671875
0 0.7140625 0.57109375 0.040625 0.11953125
0 0.77578125 0.58203125 0.06171875 0.15546875
0 0.66484375 0.69375 0.06796875 0.19921875
0 0.76484375 0.75546875 0.06796875 0.15703125
0 0.88984375 0.68671875 0.08046875 0.1375
0 0.940625 0.6375 0.065625 0.159375
0 0.925 0.51484375 0.09375 0.159375
0 0.853125 0.475 0.07578125 0.14375
0 0.2859375 0.36875 0.0890625 0.1484375
0 0.18828125 0.33515625 0.06640625 0.13046875
0 0.0515625 0.31171875 0.06171875 0.1328125
0 0.0390625 0.44296875 0.0609375 0.11484375
0 0.63671875 0.3265625 0.0515625 0.1609375
0 0.73125 0.35625 0.059375 0.084375
0 0.896875 0.4 0.07421875 0.1109375
0 0.94296875 0.27734375 0.06796875 0.159375
0 0.853125 0.3375 0.13359375 0.03828125
0 0.72265625 0.2828125 0.0546875 0.1109375
0 0.4484375 0.28046875 0.06328125 0.084375
0 0.3703125 0.3265625 0.06796875 0.1265625
0 0.4859375 0.2640625 0.0421875 0.10703125
0 0.54765625 0.2765625 0.03984375 0.115625
0 0.51875 0.2203125 0.04609375 0.10859375
0 0.6109375 0.16484375 0.0546875 0.13125
0 0.6734375 0.19375 0.0484375 0.10390625
0 0.79375 0.22421875 0.04921875 0.12734375
0 0.753125 0.1859375 0.06171875 0.10859375
0 0.1234375 0.23515625 0.065625 0.09296875
0 0.1765625 0.2328125 0.0515625 0.07734375
0 0.2953125 0.19765625 0.04609375 0.1125
0 0.240625 0.1625 0.053125 0.09765625
0 0.17578125 0.13984375 0.0421875 0.0890625
0 0.109375 0.11953125 0.0578125 0.10390625
0 0.03515625 0.1546875 0.0578125 0.07890625
0 0.0375 0.0953125 0.0484375 0.0734375
0 0.2 0.0734375 0.0515625 0.096875
0 0.3078125 0.11796875 0.04921875 0.084375
0 0.3875 0.203125 0.04921875 0.08671875
0 0.43359375 0.13125 0.053125 0.10703125
0 0.5171875 0.1265625 0.046875 0.08515625
0 0.4578125 0.09296875 0.0640625 0.10078125
0 0.3375 0.0875 0.04921875 0.1078125
0 0.378125 0.0671875 0.06328125 0.10859375
0 0.24375 0.03515625 0.06171875 0.06640625
0 0.49453125 0.06796875 0.04921875 0.08046875
0 0.56953125 0.08515625 0.05546875 0.1125
0 0.68125 0.06796875 0.03671875 0.090625
0 0.775 0.07578125 0.053125 0.10703125
0 0.7234375 0.0546875 0.034375 0.078125
0 0.71484375 0.128125 0.0421875 0.1
0 0.97109375 0.0546875 0.03984375 0.09921875