0 0.33828125 0.93046875 0.6765625 0.1390625
0 0.3046875 0.8015625 0.609375 0.128125
0 0.2890625 0.6609375 0.578125 0.165625
0 0.51015625 0.58671875 0.2875 0.090625
0 0.30234375 0.4875 0.6046875 0.125
0 0.37890625 0.38125 0.5703125 0.11875
0 0.5890625 0.78203125 0.2875 0.11875
0 0.58671875 0.67890625 0.240625 0.1
0 0.6171875 0.61796875 0.1859375 0.071875
0 0.6140625 0.8859375 0.225 0.0921875
0 0.7265625 0.2859375 0.1625 0.10625
0 0.621875 0.26953125 0.19375 0.10625
0 0.628125 0.3390625 0.228125 0.09375
0 0.63828125 0.409375 0.178125 0.0875
0 0.609375 0.4921875 0.128125 0.084375
0 0.62265625 0.18984375 0.21875 0.084375
0 0.61015625 0.1109375 0.25 0.103125
0 0.553125 0.1859375 0.14375 0.103125
0 0.2421875 0.18828125 0.484375 0.1921875
0 0.2375 0.0578125 0.475 0.115625