0 0.2234375 0.515625 0.446875 0.2
0 0.25546875 0.68984375 0.446875 0.24375
0 0.49296875 0.67265625 0.359375 0.221875
0 0.446875 0.803125 0.3125 0.146875
0 0.315625 0.33046875 0.63125 0.159375
0 0.646875 0.3421875 0.171875 0.146875
0 0.51484375 0.5515625 0.38125 0.21875
0 0.646875 0.82421875 0.346875 0.15
0 0.74765625 0.76328125 0.259375 0.0890625
0 0.7 0.68203125 0.21875 0.1171875
0 0.69140625 0.52578125 0.2421875 0.115625
0 0.72421875 0.48203125 0.15625 0.090625
0 0.70390625 0.39375 0.234375 0.0859375
0 0.728125 0.309375 0.1859375 0.103125
0 0.68828125 0.25234375 0.415625 0.071875
0 0.73984375 0.159375 0.3828125 0.1125