0 0.93125 0.33515625 0.10625 0.1375
0 0.84609375 0.35859375 0.09375 0.1171875
0 0.81484375 0.40234375 0.096875 0.0921875
0 0.75546875 0.43828125 0.103125 0.109375
0 0.69453125 0.50546875 0.159375 0.090625
0 0.6609375 0.63984375 0.10625 0.121875
0 0.59609375 0.69296875 0.0890625 0.078125
0 0.61484375 0.753125 0.103125 0.065625
0 0.59453125 0.78828125 0.10625 0.071875
0 0.58125 0.85 0.1109375 0.0875
0 0.54609375 0.9 0.09375 0.0625
0 0.53515625 0.95 0.1 0.065625
0 0.2609375 0.97421875 0.1 0.04375
0 0.33125 0.953125 0.0703125 0.059375
0 0.34296875 0.89375 0.1 0.075
0 0.3515625 0.8375 0.1109375 0.053125
0 0.359375 0.79921875 0.125 0.04375
0 0.37421875 0.75625 0.125 0.053125
0 0.38359375 0.70078125 0.10625 0.05625
0 0.40390625 0.64140625 0.140625 0.059375
0 0.34609375 0.58984375 0.1375 0.040625
0 0.378125 0.56015625 0.11875 0.0625
0 0.38359375 0.50703125 0.14375 0.053125
0 0.409375 0.44921875 0.10625 0.06875
0 0.4390625 0.33125 0.1296875 0.109375
0 0.1109375 0.37734375 0.2078125 0.1546875