0 0.10859375 0.10859375 0.146875 0.20078125
0 0.10234375 0.246875 0.20078125 0.24765625
0 0.09140625 0.42265625 0.1828125 0.3109375
0 0.13203125 0.6390625 0.190625 0.34453125
0 0.30859375 0.74921875 0.234375 0.35703125
0 0.2265625 0.49140625 0.18203125 0.2984375
0 0.21171875 0.24296875 0.1265625 0.2125
0 0.2265625 0.1 0.140625 0.17421875
0 0.296875 0.28515625 0.2 0.28359375
0 0.38125 0.49765625 0.24296875 0.384375
0 0.47890625 0.73828125 0.22578125 0.5234375
0 0.34609375 0.1328125 0.1203125 0.2171875
0 0.4015625 0.234375 0.13046875 0.25859375
0 0.4734375 0.32421875 0.17421875 0.3015625
0 0.553125 0.48203125 0.18515625 0.30390625
0 0.64921875 0.6875 0.18671875 0.4421875
0 0.4828125 0.13125 0.1375 0.24609375
0 0.55234375 0.228125 0.1390625 0.31015625
0 0.6171875 0.1609375 0.140625 0.3
0 0.67265625 0.409375 0.13671875 0.36328125
0 0.70234375 0.25625 0.10703125 0.33828125
0 0.76640625 0.1625 0.1421875 0.31953125
0 0.8578125 0.246875 0.1578125 0.26328125
0 0.928125 0.17265625 0.14296875 0.29609375
0 0.84609375 0.42421875 0.171875 0.3203125
0 0.7625 0.58671875 0.16953125 0.3484375
0 0.8359375 0.79765625 0.20625 0.4046875
0 0.90859375 0.6125 0.18203125 0.384375