0 0.471875 0.3546875 0.1078125 0.175
0 0.3734375 0.38984375 0.0875 0.140625
0 0.24375 0.3953125 0.0984375 0.140625
0 0.19375 0.49609375 0.084375 0.1015625
0 0.12890625 0.48359375 0.05625 0.078125
0 0.0640625 0.5 0.075 0.096875
0 0.13515625 0.5515625 0.06875 0.125
0 0.28359375 0.48671875 0.0609375 0.1125
0 0.3875 0.5078125 0.0875 0.1234375
0 0.55 0.5046875 0.0625 0.1375
0 0.6734375 0.496875 0.06875 0.121875
0 0.80703125 0.47421875 0.059375 0.109375
0 0.90078125 0.48515625 0.0640625 0.1109375
0 0.9296875 0.38671875 0.090625 0.153125
0 0.72578125 0.33125 0.1 0.190625