0 0.471875 0.6453125 0.1078125 0.17421875
0 0.3734375 0.61015625 0.0875 0.14140625
0 0.24375 0.6046875 0.0984375 0.14140625
0 0.19375 0.50390625 0.084375 0.1015625
0 0.12890625 0.51640625 0.05625 0.078125
0 0.0640625 0.5 0.07421875 0.096875
0 0.13515625 0.4484375 0.06875 0.125
0 0.28359375 0.51328125 0.0609375 0.1125
0 0.3875 0.4921875 0.08671875 0.1234375
0 0.55 0.4953125 0.06171875 0.13828125
0 0.6734375 0.503125 0.06796875 0.12109375
0 0.80703125 0.52578125 0.059375 0.10859375
0 0.90078125 0.51484375 0.0640625 0.1109375
0 0.9296875 0.61328125 0.090625 0.15234375
0 0.72578125 0.66875 0.09921875 0.19140625