0 0.11796875 0.43203125 0.178125 0.4296875
0 0.35703125 0.3546875 0.346875 0.56875
0 0.278125 0.4765625 0.184375 0.3296875
0 0.86328125 0.54609375 0.1109375 0.25
0 0.77734375 0.61015625 0.09375 0.1625
0 0.88671875 0.65234375 0.1203125 0.1140625
0 0.95 0.5328125 0.096875 0.3359375
0 0.62578125 0.6140625 0.08125 0.15
0 0.4546875 0.5921875 0.084375 0.1609375
0 0.48125 0.65859375 0.071875 0.084375
0 0.5234375 0.6453125 0.1125 0.1234375
0 0.546875 0.4046875 0.1640625 0.4625
0 0.66171875 0.32890625 0.228125 0.63125
0 0.2625 0.66875 0.096875 0.1015625