0 0.5828125 0.1265625 0.471875 0.196875
0 0.6875 0.31015625 0.446875 0.19375
0 0.52890625 0.421875 0.6 0.290625
0 0.75390625 0.425 0.2359375 0.121875
0 0.778125 0.5125 0.253125 0.115625
0 0.68125 0.6015625 0.3671875 0.215625
0 0.67421875 0.703125 0.34375 0.1125
0 0.77265625 0.78203125 0.2640625 0.084375
0 0.7296875 0.8359375 0.359375 0.1390625
0 0.6984375 0.94921875 0.484375 0.1015625
0 0.3984375 0.8359375 0.55 0.2171875
0 0.371875 0.64765625 0.5625 0.2375
0 0.74140625 0.08046875 0.2515625 0.1328125