0 0.16953125 0.1515625 0.196875 0.071875
0 0.23046875 0.76640625 0.134375 0.0484375
0 0.2609375 0.6578125 0.103125 0.0375
0 0.265625 0.634375 0.075 0.03125
0 0.3046875 0.8546875 0.09375 0.046875
0 0.3109375 0.93203125 0.0890625 0.040625
0 0.325 0.81640625 0.09375 0.028125
0 0.33359375 0.7640625 0.0609375 0.0234375
0 0.3375 0.746875 0.0625 0.0171875
0 0.32890625 0.72890625 0.0625 0.021875
0 0.33125 0.67265625 0.05625 0.028125
0 0.3109375 0.39609375 0.0984375 0.028125
0 0.2875 0.22734375 0.06875 0.025
0 0.296875 0.115625 0.0765625 0.028125