0 0.1234375 0.10546875 0.12109375 0.1078125
0 0.10078125 0.7765625 0.1671875 0.1796875
0 0.37421875 0.74375 0.18671875 0.1875
0 0.48359375 0.778125 0.171875 0.1703125
0 0.62734375 0.815625 0.14609375 0.14375
0 0.784375 0.7625 0.1421875 0.14296875
0 0.94296875 0.91484375 0.1140625 0.1546875
0 0.91171875 0.615625 0.109375 0.21484375
0 0.81171875 0.57734375 0.10859375 0.15703125
0 0.60859375 0.6546875 0.15859375 0.18515625
0 0.3984375 0.546875 0.1375 0.15703125
0 0.271875 0.49375 0.1171875 0.1578125
0 0.4734375 0.40546875 0.128125 0.15703125
0 0.56953125 0.4421875 0.13515625 0.1453125
0 0.6734375 0.5109375 0.12421875 0.1390625
0 0.92421875 0.415625 0.10234375 0.17265625
0 0.78828125 0.4015625 0.09921875 0.17265625
0 0.85703125 0.35078125 0.0734375 0.11640625
0 0.70625 0.3546875 0.1421875 0.1484375
0 0.58203125 0.33671875 0.1234375 0.1125
0 0.3109375 0.30703125 0.11328125 0.13515625
0 0.17109375 0.25234375 0.13515625 0.1
0 0.17265625 0.3609375 0.11953125 0.16796875
0 0.26484375 0.20078125 0.1125 0.12265625
0 0.6265625 0.13828125 0.15234375 0.13671875
0 0.63203125 0.24921875 0.12890625 0.1171875
0 0.7046875 0.20625 0.1265625 0.1203125
0 0.8109375 0.1609375 0.12421875 0.13046875
0 0.91328125 0.16328125 0.0625 0.10859375
0 0.83046875 0.06875 0.071875 0.11171875
0 0.89765625 0.23203125 0.08984375 0.14140625
0 0.95859375 0.075 0.078125 0.15