0 0.03671875 0.33125 0.046875 0.121875
0 0.14375 0.21015625 0.04140625 0.125
0 0.17265625 0.30078125 0.04375 0.12578125
0 0.1078125 0.4359375 0.03671875 0.13515625
0 0.15703125 0.45703125 0.04375 0.1203125
0 0.07578125 0.29296875 0.0390625 0.11953125
0 0.08828125 0.63671875 0.05078125 0.115625
0 0.02109375 0.91015625 0.03984375 0.1390625
0 0.20859375 0.8171875 0.05703125 0.134375
0 0.36484375 0.86484375 0.03984375 0.1296875
0 0.2828125 0.80234375 0.0359375 0.115625
0 0.30859375 0.684375 0.03671875 0.11015625
0 0.2859375 0.5875 0.03359375 0.1171875
0 0.215625 0.53046875 0.0453125 0.1171875
0 0.3 0.76640625 0.03359375 0.08828125
0 0.43984375 0.684375 0.03203125 0.13671875
0 0.38203125 0.6203125 0.04140625 0.1328125
0 0.31875 0.50859375 0.0390625 0.10625
0 0.25703125 0.44765625 0.040625 0.1203125
0 0.23671875 0.36015625 0.03671875 0.103125
0 0.2734375 0.3125 0.03515625 0.096875
0 0.30390625 0.2984375 0.0328125 0.09453125
0 0.28984375 0.40078125 0.034375 0.0921875
0 0.2421875 0.20234375 0.03984375 0.08359375
0 0.32890625 0.1390625 0.02734375 0.1109375
0 0.36171875 0.29140625 0.034375 0.1109375
0 0.3953125 0.1046875 0.02734375 0.121875
0 0.4171875 0.09375 0.02421875 0.1171875
0 0.2875 0.08828125 0.02578125 0.121875
0 0.3140625 0.05234375 0.03515625 0.0890625
0 0.45703125 0.2390625 0.0390625 0.1078125
0 0.4078125 0.2609375 0.0328125 0.10703125
0 0.37734375 0.22890625 0.0265625 0.0671875
0 0.34765625 0.23046875 0.0265625 0.08125
0 0.878125 0.95 0.04140625 0.09921875
0 0.98203125 0.8484375 0.0359375 0.13125
0 0.81953125 0.83203125 0.05 0.11328125
0 0.98359375 0.66796875 0.0328125 0.13984375
0 0.92421875 0.67890625 0.0265625 0.10625
0 0.88359375 0.6875 0.03046875 0.12265625
0 0.85703125 0.696875 0.03125 0.13046875
0 0.79375 0.6484375 0.02734375 0.09921875
0 0.88203125 0.58359375 0.03671875 0.08828125
0 0.84140625 0.54140625 0.02890625 0.07734375
0 0.82734375 0.58515625 0.03671875 0.0796875
0 0.75234375 0.58671875 0.03046875 0.1171875
0 0.728125 0.55078125 0.03671875 0.1078125
0 0.90390625 0.41171875 0.03359375 0.10859375
0 0.96171875 0.409375 0.03359375 0.125
0 0.65078125 0.52890625 0.03125 0.11953125
0 0.61875 0.5796875 0.03046875 0.12578125
0 0.553125 0.64453125 0.0390625 0.134375
0 0.48515625 0.6015625 0.03984375 0.11171875
0 0.62578125 0.26640625 0.034375 0.11796875
0 0.67734375 0.22734375 0.03125 0.11328125
0 0.740625 0.2640625 0.0328125 0.10390625
0 0.82421875 0.221875 0.034375 0.13203125
0 0.93203125 0.18125 0.03359375 0.11796875
0 0.87578125 0.3296875 0.028125 0.1
0 0.69375 0.378125 0.03515625 0.11171875
0 0.5265625 0.24453125 0.034375 0.11171875
0 0.61875 0.15625 0.03203125 0.08671875
0 0.56015625 0.19453125 0.04609375 0.10625
0 0.515625 0.40234375 0.034375 0.07578125
0 0.5265625 0.46796875 0.03515625 0.10546875
0 0.4078125 0.43125 0.0359375 0.08828125
0 0.71328125 0.90078125 0.0453125 0.13125
0 0.31796875 0.953125 0.04375 0.09296875
0 0.546875 0.94453125 0.03046875 0.1109375
0 0.55234375 0.37265625 0.0328125 0.1140625
0 0.62265625 0.421875 0.03359375 0.13125
0 0.6390625 0.38359375 0.03359375 0.12421875
0 0.81953125 0.3796875 0.03203125 0.12578125
0 0.81171875 0.325 0.03203125 0.08515625
0 0.76640625 0.08671875 0.03671875 0.1125
0 0.62265625 0.0953125 0.03671875 0.109375
0 0.58515625 0.071875 0.03359375 0.1265625
0 0.47890625 0.0765625 0.03828125 0.109375
0 0.5015625 0.0640625 0.03203125 0.1140625
0 0.03515625 0.20078125 0.03359375 0.12265625
0 0.02109375 0.1640625 0.03046875 0.10390625
0 0.37890625 0.53046875 0.03671875 0.11796875
0 0.41328125 0.53125 0.03828125 0.11640625
0 0.45234375 0.5578125 0.03828125 0.1296875
0 0.4234375 0.34453125 0.03359375 0.1125
0 0.54609375 0.58671875 0.02890625 0.10078125
0 0.5859375 0.4671875 0.0359375 0.078125
0 0.5890625 0.5171875 0.0375 0.09375
0 0.67890625 0.4828125 0.03046875 0.12109375
0 0.7296875 0.44609375 0.0265625 0.08515625
0 0.7171875 0.496875 0.02890625 0.10546875
0 0.73515625 0.4140625 0.02890625 0.12109375
0 0.746875 0.36328125 0.03671875 0.10390625
0 0.6703125 0.91171875 0.0359375 0.10234375
0 0.66484375 0.9609375 0.0359375 0.078125
0 0.5890625 0.909375 0.0390625 0.12578125
0 0.57109375 0.9375 0.0296875 0.125