0 0.2765625 0.56953125 0.1 0.48046875
0 0.4921875 0.54140625 0.1109375 0.55625
0 0.81640625 0.553125 0.12578125 0.61171875
0 0.91484375 0.60859375 0.0921875 0.45625
0 0.6515625 0.6578125 0.05 0.2578125
0 0.5625 0.63046875 0.05234375 0.30546875
0 0.4109375 0.6296875 0.06328125 0.2890625
0 0.03046875 0.63671875 0.046875 0.30859375
0 0.1609375 0.66640625 0.03984375 0.2234375
0 0.35078125 0.6375 0.0625 0.284375
0 0.72734375 0.66328125 0.053125 0.2515625
0 0.20078125 0.684375 0.034375 0.1640625
0 0.0625 0.6484375 0.04921875 0.24375
0 0.10859375 0.6796875 0.03203125 0.16640625
0 0.12890625 0.63671875 0.03984375 0.16796875