0 0.09296875 0.203125 0.065625 0.36875
0 0.1671875 0.2109375 0.065625 0.31875
0 0.26171875 0.24375 0.0625 0.2828125
0 0.4609375 0.275 0.05625 0.215625
0 0.3453125 0.28671875 0.0421875 0.1671875
0 0.40390625 0.2765625 0.04375 0.1875
0 0.95546875 0.17734375 0.0890625 0.353125
0 0.58125 0.22890625 0.0828125 0.303125
0 0.65859375 0.21953125 0.0796875 0.29375
0 0.70546875 0.2703125 0.04375 0.23125
0 0.7921875 0.27109375 0.059375 0.2
0 0.8609375 0.2796875 0.028125 0.16875
0 0.88203125 0.29921875 0.0421875 0.1671875