0 0.31484375 0.796875 0.0484375 0.04375
0 0.28359375 0.78515625 0.05 0.0375
0 0.146875 0.69453125 0.05625 0.0375
0 0.1296875 0.74609375 0.05 0.0375
0 0.12578125 0.72734375 0.0375 0.03125
0 0.0984375 0.71875 0.040625 0.034375
0 0.0734375 0.69921875 0.04375 0.03125
0 0.05234375 0.640625 0.0578125 0.04375
0 0.0625 0.5078125 0.04375 0.046875
0 0.02109375 0.509375 0.040625 0.0390625
0 0.05078125 0.2984375 0.0484375 0.046875
0 0.01796875 0.28671875 0.0359375 0.04375
0 0.07421875 0.03671875 0.04375 0.0453125
0 0.171875 0.05703125 0.05 0.0515625
0 0.2171875 0.02890625 0.053125 0.0453125
0 0.87890625 0.0890625 0.0640625 0.040625
0 0.7921875 0.36171875 0.0609375 0.05
0 0.603125 0.43828125 0.0625 0.0421875
0 0.58515625 0.5078125 0.053125 0.034375
0 0.84140625 0.46328125 0.05625 0.03125
0 0.97734375 0.56328125 0.0453125 0.0390625
0 0.946875 0.57421875 0.05 0.034375
0 0.9625 0.75703125 0.046875 0.034375
0 0.95859375 0.7796875 0.046875 0.03125
0 0.7234375 0.359375 0.046875 0.040625