0 0.47265625 0.05703125 0.3640625 0.1078125
0 0.51953125 0.1296875 0.3765625 0.1
0 0.60390625 0.084375 0.203125 0.09375
0 0.525 0.24453125 0.353125 0.096875
0 0.4765625 0.30859375 0.440625 0.090625
0 0.49609375 0.37265625 0.421875 0.090625
0 0.58828125 0.409375 0.2171875 0.0625
0 0.4921875 0.47109375 0.365625 0.0703125
0 0.4984375 0.55 0.4953125 0.1
0 0.5265625 0.61953125 0.4796875 0.0890625
0 0.6703125 0.66015625 0.2375 0.09375
0 0.43984375 0.72890625 0.7640625 0.140625
0 0.66015625 0.8203125 0.2984375 0.09375
0 0.4 0.93125 0.765625 0.1359375