0 0.63984375 0.653125 0.05859375 0.0875
0 0.71640625 0.4171875 0.065625 0.0921875
0 0.5828125 0.115625 0.04453125 0.07890625
0 0.22265625 0.0953125 0.0609375 0.06875
0 0.19453125 0.2734375 0.046875 0.10390625
0 0.1546875 0.4140625 0.053125 0.08359375
0 0.1296875 0.80234375 0.0546875 0.07109375
0 0.16015625 0.86015625 0.04453125 0.06328125
0 0.10234375 0.94375 0.046875 0.065625
0 0.1046875 0.55390625 0.0390625 0.0703125
0 0.1390625 0.54609375 0.028125 0.06484375
0 0.1609375 0.5671875 0.03515625 0.0515625
0 0.01640625 0.54921875 0.03203125 0.06484375
0 0.81875 0.20703125 0.05859375 0.07578125
0 0.80546875 0.08359375 0.05 0.0875
0 0.971875 0.2109375 0.05625 0.0875
0 0.92265625 0.7796875 0.04296875 0.0796875
0 0.8703125 0.678125 0.04609375 0.07109375
0 0.85078125 0.63203125 0.05625 0.06484375
0 0.76484375 0.89140625 0.0484375 0.06796875
0 0.69140625 0.975 0.0484375 0.05
0 0.85625 0.8859375 0.03984375 0.05546875
0 0.87890625 0.93359375 0.04453125 0.06953125
0 0.946875 0.95234375 0.040625 0.06015625
0 0.153125 0.67109375 0.05 0.0640625
0 0.853125 0.346875 0.07734375 0.08515625
0 0.86171875 0.303125 0.04609375 0.0953125