0 0.1546875 0.61875 0.08046875 0.2546875
0 0.13203125 0.55859375 0.07578125 0.17734375
0 0.18359375 0.56328125 0.0671875 0.19921875
0 0.22265625 0.51171875 0.0515625 0.16484375
0 0.246875 0.584375 0.06484375 0.2640625
0 0.30703125 0.58671875 0.07890625 0.25
0 0.34609375 0.58203125 0.07734375 0.26640625
0 0.40390625 0.5828125 0.065625 0.23359375
0 0.428125 0.5890625 0.065625 0.20703125
0 0.4671875 0.57578125 0.0703125 0.2328125
0 0.48671875 0.5140625 0.0484375 0.1484375
0 0.5046875 0.58359375 0.0671875 0.24453125
0 0.55546875 0.5796875 0.07265625 0.18828125
0 0.61171875 0.57265625 0.05859375 0.20859375
0 0.64921875 0.56953125 0.04375 0.21171875
0 0.6734375 0.58125 0.04765625 0.17421875
0 0.703125 0.57421875 0.053125 0.19921875
0 0.74140625 0.56328125 0.040625 0.16484375
0 0.7625 0.5625 0.04296875 0.1765625
0 0.8 0.56171875 0.08203125 0.209375
0 0.83671875 0.55859375 0.059375 0.17734375
0 0.89609375 0.55546875 0.05390625 0.1625
0 0.93671875 0.5640625 0.0515625 0.13984375
0 0.96953125 0.5640625 0.04921875 0.1703125