0 0.0375 0.27890625 0.065625 0.25625
0 0.10390625 0.3140625 0.0640625 0.246875
0 0.16171875 0.26875 0.084375 0.246875
0 0.24921875 0.26015625 0.078125 0.259375
0 0.35390625 0.25703125 0.075 0.296875
0 0.503125 0.2796875 0.096875 0.2703125
0 0.590625 0.19453125 0.1375 0.228125
0 0.7328125 0.22890625 0.1390625 0.31875
0 0.8578125 0.3078125 0.053125 0.24375
0 0.9515625 0.33984375 0.0390625 0.1875
0 0.2953125 0.35625 0.0546875 0.14375
0 0.40859375 0.2375 0.075 0.321875
0 0.653125 0.33046875 0.0796875 0.215625