0 0.60625 0.3625 0.3375 0.103125
0 0.55625 0.596875 0.209375 0.059375
0 0.51328125 0.5046875 0.1109375 0.0359375
0 0.509375 0.46953125 0.115625 0.0296875
0 0.50625 0.4390625 0.121875 0.03125
0 0.51015625 0.4109375 0.1125 0.025
0 0.52890625 0.6703125 0.1859375 0.046875
0 0.559375 0.70546875 0.1875 0.0359375
0 0.56640625 0.74765625 0.1703125 0.040625
0 0.55390625 0.81171875 0.196875 0.0609375
0 0.6109375 0.8875 0.378125 0.1234375
0 0.54921875 0.19921875 0.1765625 0.059375
0 0.55625 0.12734375 0.103125 0.109375
0 0.56640625 0.071875 0.1109375 0.1171875
0 0.50390625 0.31796875 0.125 0.0375
0 0.49453125 0.55234375 0.084375 0.0234375
0 0.48984375 0.534375 0.09375 0.028125