0 0.78125 0.36171875 0.390625 0.1625
0 0.59765625 0.1796875 0.4140625 0.128125
0 0.4390625 0.153125 0.18125 0.096875
0 0.48828125 0.228125 0.30625 0.10625
0 0.4578125 0.25703125 0.240625 0.09375
0 0.3609375 0.22734375 0.1625 0.0671875
0 0.3734375 0.27265625 0.1625 0.053125
0 0.37734375 0.29375 0.128125 0.05
0 0.33125 0.29296875 0.103125 0.05
0 0.59609375 0.31015625 0.378125 0.1125
0 0.4703125 0.33359375 0.2375 0.0875
0 0.38046875 0.34296875 0.1390625 0.0625
0 0.34296875 0.34765625 0.128125 0.053125
0 0.50078125 0.396875 0.240625 0.0875
0 0.38203125 0.39296875 0.1421875 0.05625
0 0.3546875 0.41328125 0.1703125 0.0625
0 0.38828125 0.459375 0.1875 0.06875
0 0.55703125 0.49375 0.378125 0.0984375
0 0.3953125 0.515625 0.2171875 0.096875
0 0.575 0.565625 0.396875 0.115625
0 0.60625 0.6484375 0.465625 0.128125
0 0.38984375 0.6015625 0.178125 0.078125
0 0.428125 0.659375 0.2171875 0.08125
0 0.45546875 0.7015625 0.30625 0.084375
0 0.5671875 0.76953125 0.4640625 0.10625
0 0.53515625 0.846875 0.4 0.125