0 0.37734375 0.34140625 0.6375 0.209375
0 0.4875 0.6 0.4125 0.11875
0 0.3625 0.85703125 0.725 0.1953125
0 0.48046875 0.48671875 0.328125 0.078125
0 0.51171875 0.41015625 0.2859375 0.046875
0 0.496875 0.44140625 0.309375 0.04375
0 0.5125 0.54453125 0.3578125 0.059375
0 0.475 0.60703125 0.396875 0.090625
0 0.52421875 0.68671875 0.303125 0.040625
0 0.58046875 0.73671875 0.190625 0.046875
0 0.540625 0.91328125 0.346875 0.0828125
0 0.55078125 0.175 0.209375 0.0421875
0 0.54375 0.20625 0.1859375 0.053125
0 0.52734375 0.11171875 0.24375 0.059375
0 0.67109375 0.50546875 0.103125 0.0328125
0 0.67734375 0.45390625 0.0859375 0.0453125