0 0.9328125 0.62890625 0.134375 0.303125
0 0.83203125 0.63046875 0.1453125 0.328125
0 0.77734375 0.7171875 0.11875 0.25625
0 0.7453125 0.30703125 0.228125 0.55
0 0.69453125 0.6640625 0.109375 0.2875
0 0.63203125 0.7546875 0.1 0.203125
0 0.615625 0.5140625 0.21875 0.4734375
0 0.53359375 0.25546875 0.2 0.509375
0 0.46640625 0.50234375 0.1359375 0.240625
0 0.48515625 0.625 0.153125 0.209375
0 0.49609375 0.74765625 0.125 0.2015625
0 0.37578125 0.6609375 0.1 0.196875
0 0.3296875 0.5734375 0.146875 0.2921875
0 0.25 0.3953125 0.171875 0.5765625
0 0.29609375 0.715625 0.1296875 0.171875
0 0.2171875 0.6984375 0.134375 0.234375
0 0.1640625 0.734375 0.1203125 0.23125
0 0.09765625 0.51796875 0.19375 0.478125