0 0.73203125 0.76015625 0.140625 0.15
0 0.96640625 0.66796875 0.0671875 0.1859375
0 0.10546875 0.4671875 0.084375 0.125
0 0.1765625 0.4859375 0.159375 0.1375
0 0.51171875 0.39453125 0.128125 0.1234375
0 0.5828125 0.41171875 0.146875 0.125
0 0.79375 0.41171875 0.1125 0.13125
0 0.75 0.31015625 0.1125 0.115625
0 0.9390625 0.31484375 0.1125 0.121875
0 0.6921875 0.0640625 0.103125 0.115625
0 0.575 0.05546875 0.109375 0.109375
0 0.38125 0.31328125 0.1765625 0.140625
0 0.0515625 0.81171875 0.0953125 0.159375
0 0.1390625 0.8015625 0.1 0.1765625
0 0.43046875 0.85234375 0.0984375 0.171875
0 0.50234375 0.8234375 0.18125 0.109375
0 0.24765625 0.19296875 0.06875 0.10625
0 0.2953125 0.184375 0.096875 0.121875
0 0.34140625 0.13671875 0.0734375 0.0921875
0 0.39765625 0.215625 0.0578125 0.0828125
0 0.39375 0.1671875 0.0640625 0.06875
0 0.44453125 0.2 0.0734375 0.1140625
0 0.53046875 0.20234375 0.065625 0.125
0 0.5859375 0.228125 0.078125 0.1265625
0 0.625 0.190625 0.0734375 0.071875
0 0.13203125 0.08671875 0.071875 0.1203125
0 0.1765625 0.12578125 0.0734375 0.1140625
0 0.23828125 0.0859375 0.0640625 0.109375
0 0.24375 0.76171875 0.084375 0.140625
0 0.290625 0.7921875 0.0734375 0.128125
0 0.446875 0.65390625 0.11875 0.125
0 0.471875 0.57421875 0.06875 0.103125
0 0.509375 0.61171875 0.084375 0.13125