0 0.33515625 0.88125 0.46875 0.1015625
0 0.3 0.42890625 0.4203125 0.128125
0 0.26640625 0.07265625 0.4453125 0.109375
0 0.25625 0.19375 0.4953125 0.15
0 0.4015625 0.8078125 0.34375 0.06875
0 0.49375 0.49609375 0.19375 0.065625
0 0.36953125 0.28828125 0.325 0.115625
0 0.41171875 0.396875 0.2625 0.06875
0 0.5 0.68359375 0.1828125 0.0515625
0 0.36171875 0.63671875 0.215625 0.0796875
0 0.521875 0.71796875 0.128125 0.0625
0 0.609375 0.4765625 0.115625 0.0484375
0 0.59140625 0.38203125 0.11875 0.05
0 0.56171875 0.42734375 0.13125 0.053125
0 0.3765625 0.95234375 0.315625 0.08125