0 0.78828125 0.7203125 0.071875 0.234375
0 0.9 0.79296875 0.0546875 0.1546875
0 0.68671875 0.66953125 0.059375 0.203125
0 0.8484375 0.1609375 0.0921875 0.3140625
0 0.67109375 0.14765625 0.10625 0.2625
0 0.48515625 0.125 0.0921875 0.2421875
0 0.71796875 0.4953125 0.0828125 0.165625
0 0.7296875 0.31171875 0.0734375 0.19375
0 0.81484375 0.43984375 0.09375 0.2109375
0 0.9578125 0.53671875 0.065625 0.175
0 0.9484375 0.37890625 0.08125 0.20625
0 0.91015625 0.3046875 0.08125 0.1875
0 0.65859375 0.6046875 0.078125 0.2015625
0 0.4640625 0.54140625 0.0765625 0.234375
0 0.5203125 0.50859375 0.065625 0.14375
0 0.59765625 0.31640625 0.0875 0.1875
0 0.32265625 0.090625 0.1265625 0.18125
0 0.08359375 0.2578125 0.0640625 0.1875
0 0.21015625 0.21171875 0.1046875 0.2125
0 0.03359375 0.44375 0.0671875 0.16875
0 0.1125 0.44140625 0.0828125 0.2359375
0 0.1625 0.62578125 0.0734375 0.175
0 0.3734375 0.609375 0.0609375 0.125
0 0.4 0.4859375 0.0796875 0.1578125
0 0.2234375 0.6734375 0.06875 0.159375
0 0.07890625 0.7296875 0.065625 0.1
0 0.2953125 0.7484375 0.053125 0.121875
0 0.4015625 0.765625 0.0453125 0.0875
0 0.47890625 0.7578125 0.053125 0.096875
0 0.54453125 0.7859375 0.05625 0.1125
0 0.88359375 0.91953125 0.0421875 0.075