0 0.534375 0.575 0.034375 0.0328125
0 0.52734375 0.52421875 0.040625 0.021875
0 0.47421875 0.52109375 0.0375 0.0203125
0 0.46484375 0.48046875 0.03125 0.03125
0 0.5515625 0.48359375 0.0375 0.034375
0 0.625 0.51875 0.0375 0.025
0 0.60625 0.703125 0.03125 0.028125
0 0.65859375 0.59765625 0.034375 0.03125
0 0.69140625 0.57890625 0.03125 0.028125
0 0.70078125 0.65234375 0.040625 0.021875
0 0.65859375 0.6984375 0.034375 0.03125
0 0.59453125 0.76328125 0.0375 0.03125
0 0.5515625 0.83203125 0.0390625 0.021875
0 0.49140625 0.7984375 0.0296875 0.015625
0 0.41953125 0.759375 0.034375 0.021875
0 0.39140625 0.78828125 0.028125 0.021875
0 0.30625 0.74453125 0.0265625 0.0203125
0 0.28125 0.84140625 0.028125 0.021875
0 0.21953125 0.84609375 0.025 0.01875
0 0.12421875 0.85 0.0328125 0.01875
0 0.18046875 0.7578125 0.021875 0.0203125
0 0.23203125 0.66640625 0.0296875 0.025
0 0.1875 0.60390625 0.028125 0.059375
0 0.234375 0.57734375 0.025 0.034375
0 0.29453125 0.60390625 0.053125 0.021875
0 0.11875 0.59453125 0.028125 0.0328125
0 0.0859375 0.63515625 0.03125 0.028125
0 0.03828125 0.6578125 0.0375 0.03125
0 0.05 0.53828125 0.034375 0.034375
0 0.4046875 0.65546875 0.0390625 0.0359375
0 0.45703125 0.628125 0.034375 0.034375
0 0.51328125 0.653125 0.040625 0.0296875
0 0.51640625 0.72109375 0.034375 0.03125
0 0.334375 0.515625 0.040625 0.0421875
0 0.3015625 0.52890625 0.0296875 0.028125
0 0.21953125 0.475 0.034375 0.03125
0 0.1671875 0.44609375 0.025 0.0296875
0 0.26796875 0.3796875 0.0375 0.034375
0 0.3921875 0.44453125 0.0203125 0.0265625
0 0.5328125 0.41328125 0.0421875 0.0375
0 0.584375 0.42578125 0.03125 0.03125
0 0.68984375 0.478125 0.034375 0.025
0 0.72265625 0.46328125 0.0375 0.03125
0 0.71015625 0.4203125 0.028125 0.0171875
0 0.684375 0.4203125 0.025 0.01875
0 0.6765625 0.353125 0.0375 0.03125
0 0.7296875 0.35 0.0375 0.0234375
0 0.67109375 0.296875 0.0359375 0.0375
0 0.571875 0.31328125 0.03125 0.046875
0 0.50390625 0.30703125 0.0375 0.03125
0 0.48671875 0.35078125 0.034375 0.0359375
0 0.51328125 0.25703125 0.034375 0.0328125
0 0.42421875 0.25234375 0.0328125 0.034375
0 0.6890625 0.21875 0.03125 0.0296875
0 0.58203125 0.19765625 0.0296875 0.0453125
0 0.53203125 0.1546875 0.025 0.0375
0 0.65078125 0.15625 0.03125 0.03125
0 0.7359375 0.1703125 0.034375 0.040625
0 0.671875 0.11171875 0.0390625 0.0375
0 0.7875 0.10703125 0.040625 0.0296875
0 0.79296875 0.03984375 0.05 0.0234375
0 0.7609375 0.02265625 0.04375 0.021875
0 0.6515625 0.03828125 0.0375 0.0265625
0 0.590625 0.07265625 0.034375 0.0296875
0 0.47421875 0.078125 0.04375 0.028125
0 0.39765625 0.0828125 0.046875 0.028125
0 0.24921875 0.078125 0.034375 0.03125
0 0.24140625 0.18359375 0.03125 0.0375
0 0.15 0.2625 0.03125 0.03125
0 0.16796875 0.07890625 0.0375 0.03125
0 0.04375 0.05078125 0.0421875 0.0390625
0 0.7078125 0.80703125 0.04375 0.034375
0 0.67578125 0.8234375 0.040625 0.028125
0 0.76796875 0.81015625 0.046875 0.034375
0 0.76171875 0.85859375 0.04375 0.028125
0 0.8421875 0.80859375 0.04375 0.0265625
0 0.85 0.828125 0.05 0.028125
0 0.6984375 0.91640625 0.046875 0.028125
0 0.61015625 0.93359375 0.0375 0.025
0 0.615625 0.975 0.0421875 0.03125
0 0.54296875 0.978125 0.0421875 0.028125
0 0.4625 0.90234375 0.0453125 0.0265625
0 0.41640625 0.9859375 0.040625 0.0203125
0 0.22421875 0.9515625 0.0375 0.028125
0 0.075 0.96328125 0.0390625 0.025
0 0.27421875 0.9421875 0.028125 0.0328125
0 0.33828125 0.91484375 0.040625 0.0359375
0 0.16171875 0.89453125 0.040625 0.03125
0 0.51015625 0.86953125 0.03125 0.034375
0 0.46796875 0.8640625 0.034375 0.03125
0 0.7890625 0.95859375 0.0390625 0.028125
0 0.74921875 0.9171875 0.034375 0.015625
0 0.7890625 0.9078125 0.0296875 0.0359375
0 0.8328125 0.92421875 0.0328125 0.025
0 0.8921875 0.946875 0.0328125 0.03125