0 0.29609375 0.71875 0.09609375 0.31796875
0 0.79765625 0.68203125 0.075 0.30078125
0 0.653125 0.6515625 0.06328125 0.20390625
0 0.45703125 0.65703125 0.0875 0.19375
0 0.1421875 0.6765625 0.0984375 0.33515625
0 0.20390625 0.63203125 0.04453125 0.21171875
0 0.41328125 0.6125 0.03828125 0.1296875
0 0.5578125 0.6390625 0.0421875 0.15546875
0 0.50078125 0.62421875 0.03046875 0.115625
0 0.52421875 0.61796875 0.0296875 0.134375
0 0.87421875 0.6921875 0.06796875 0.2421875
0 0.96484375 0.66796875 0.0703125 0.22265625