0 0.54609375 0.51328125 0.0296875 0.01875
0 0.5546875 0.58046875 0.0328125 0.0203125
0 0.584375 0.5609375 0.0375 0.021875
0 0.5875 0.61875 0.034375 0.021875
0 0.5953125 0.6515625 0.0328125 0.0203125
0 0.609375 0.69296875 0.040625 0.0265625
0 0.6671875 0.6328125 0.03125 0.025
0 0.6375 0.53203125 0.034375 0.025
0 0.6 0.484375 0.0375 0.0265625
0 0.5609375 0.4 0.03125 0.0140625
0 0.5578125 0.3859375 0.034375 0.0171875
0 0.54375 0.1 0.0359375 0.025
0 0.54609375 0.1625 0.03125 0.0125
0 0.56484375 0.1625 0.01875 0.0125
0 0.08125 0.78125 0.034375 0.0203125
0 0.1 0.85234375 0.0375 0.01875
0 0.1203125 0.88046875 0.034375 0.015625
0 0.11875 0.86796875 0.034375 0.015625
0 0.15 0.909375 0.040625 0.015625
0 0.16796875 0.9859375 0.034375 0.01875
0 0.11953125 0.94375 0.0328125 0.009375
0 0.10390625 0.9234375 0.0390625 0.01875
0 0.0953125 0.9875 0.040625 0.01875
0 0.096875 0.9734375 0.034375 0.015625
0 0.1359375 0.9515625 0.0265625 0.0109375
0 0.165625 0.1875 0.0375 0.015625
0 0.17890625 0.178125 0.034375 0.015625
0 0.22265625 0.15 0.0375 0.025
0 0.225 0.10390625 0.0375 0.01875
0 0.234375 0.08203125 0.034375 0.01875
0 0.2578125 0.01328125 0.0375 0.015625