0 0.73203125 0.69296875 0.19375 0.0609375
0 0.78046875 0.50703125 0.303125 0.071875
0 0.7421875 0.53125 0.325 0.065625
0 0.78359375 0.33359375 0.3046875 0.046875
0 0.7671875 0.2984375 0.3453125 0.0765625
0 0.6609375 0.42734375 0.0671875 0.0203125
0 0.6640625 0.40625 0.05625 0.028125
0 0.678125 0.384375 0.0734375 0.028125
0 0.77734375 0.175 0.3046875 0.08125
0 0.73828125 0.153125 0.20625 0.034375
0 0.73046875 0.11015625 0.18125 0.034375
0 0.72890625 0.071875 0.15625 0.040625
0 0.725 0.0328125 0.196875 0.053125
0 0.72421875 0.2171875 0.1734375 0.0296875