0 0.3296875 0.8 0.121875 0.4
0 0.36484375 0.67890625 0.084375 0.1890625
0 0.47890625 0.8109375 0.1796875 0.37734375
0 0.5453125 0.703125 0.0875 0.253125
0 0.62109375 0.82265625 0.1421875 0.35390625
0 0.7484375 0.81953125 0.16328125 0.36015625
0 0.82734375 0.76171875 0.09609375 0.334375
0 0.92265625 0.72890625 0.06875 0.30859375
0 0.9640625 0.7046875 0.071875 0.2625
0 0.72890625 0.65234375 0.05234375 0.14375
0 0.6875 0.6453125 0.0640625 0.14921875
0 0.6046875 0.6453125 0.0703125 0.1328125
0 0.4515625 0.6359375 0.05 0.0984375
0 0.41484375 0.64296875 0.05390625 0.153125
0 0.17421875 0.66953125 0.05859375 0.1328125
0 0.21796875 0.67890625 0.06015625 0.19296875
0 0.790625 0.6140625 0.05 0.09609375