0 0.1875 0.20546875 0.075 0.11875
0 0.3171875 0.2203125 0.103125 0.115625
0 0.24453125 0.215625 0.0828125 0.125
0 0.6140625 0.05390625 0.10625 0.1078125
0 0.40234375 0.03046875 0.15625 0.059375
0 0.60078125 0.321875 0.090625 0.1125
0 0.68125 0.34453125 0.14375 0.1
0 0.41328125 0.36953125 0.084375 0.103125
0 0.47734375 0.365625 0.1125 0.090625
0 0.42578125 0.475 0.121875 0.0890625
0 0.12421875 0.65703125 0.0890625 0.096875
0 0.19140625 0.65546875 0.090625 0.096875
0 0.79765625 0.6125 0.1234375 0.0921875
0 0.571875 0.55390625 0.10625 0.090625
0 0.41640625 0.59296875 0.0578125 0.0921875
0 0.0453125 0.540625 0.065625 0.08125
0 0.03671875 0.58515625 0.05625 0.0609375
0 0.46484375 0.596875 0.046875 0.096875
0 0.48203125 0.62421875 0.065625 0.0859375
0 0.65703125 0.65859375 0.0578125 0.078125
0 0.6203125 0.6546875 0.05625 0.078125
0 0.5859375 0.65625 0.05 0.075
0 0.546875 0.6578125 0.059375 0.0578125
0 0.53125 0.625 0.059375 0.078125
0 0.80625 0.82734375 0.053125 0.078125
0 0.84921875 0.82421875 0.0625 0.0796875
0 0.1953125 0.7734375 0.0421875 0.084375
0 0.22421875 0.7734375 0.034375 0.08125
0 0.259375 0.77421875 0.065625 0.0828125
0 0.2859375 0.78046875 0.028125 0.078125
0 0.1515625 0.903125 0.053125 0.0859375
0 0.18125 0.9078125 0.046875 0.08125
0 0.09375 0.81015625 0.0578125 0.0828125
0 0.028125 0.79921875 0.034375 0.0890625