0 0.59765625 0.665625 0.0421875 0.03125
0 0.5640625 0.66015625 0.034375 0.0375
0 0.4453125 0.71953125 0.0546875 0.040625
0 0.4578125 0.68125 0.053125 0.0375
0 0.421875 0.66875 0.046875 0.040625
0 0.25546875 0.7234375 0.053125 0.0359375
0 0.2015625 0.75234375 0.05625 0.040625
0 0.20390625 0.7125 0.053125 0.034375
0 0.11484375 0.96796875 0.05625 0.046875
0 0.13359375 0.80859375 0.053125 0.0390625
0 0.11640625 0.784375 0.05 0.03125
0 0.08984375 0.81640625 0.046875 0.03125
0 0.0515625 0.7875 0.040625 0.0375
0 0.13828125 0.55390625 0.059375 0.04375
0 0.25859375 0.57734375 0.0390625 0.034375
0 0.31484375 0.5765625 0.0546875 0.040625
0 0.49296875 0.5515625 0.04375 0.0328125
0 0.46328125 0.51953125 0.05625 0.0375
0 0.4375 0.5375 0.046875 0.0390625
0 0.38828125 0.5265625 0.046875 0.040625
0 0.3171875 0.4390625 0.04375 0.0359375
0 0.3515625 0.44375 0.0390625 0.0375
0 0.265625 0.365625 0.053125 0.0375
0 0.38671875 0.35546875 0.05625 0.04375
0 0.4703125 0.328125 0.05625 0.034375
0 0.5546875 0.40390625 0.053125 0.0390625
0 0.6046875 0.47265625 0.04375 0.040625
0 0.56640625 0.471875 0.05 0.0390625
0 0.54453125 0.45234375 0.04375 0.0375
0 0.51484375 0.4484375 0.05 0.034375
0 0.4859375 0.42421875 0.0421875 0.034375
0 0.58671875 0.5203125 0.05 0.0359375
0 0.778125 0.5 0.0578125 0.0359375
0 0.66328125 0.4234375 0.05 0.034375
0 0.63515625 0.40546875 0.04375 0.0375
0 0.60546875 0.3578125 0.053125 0.034375
0 0.55625 0.32578125 0.040625 0.034375
0 0.6 0.215625 0.071875 0.05
0 0.509375 0.13125 0.05 0.0484375
0 0.4765625 0.11328125 0.04375 0.040625
0 0.71796875 0.13125 0.0609375 0.05
0 0.7796875 0.29453125 0.0484375 0.040625
0 0.76796875 0.334375 0.040625 0.0375
0 0.72890625 0.3328125 0.046875 0.034375
0 0.71796875 0.31015625 0.0453125 0.034375
0 0.82890625 0.37890625 0.05 0.0375
0 0.86171875 0.38515625 0.05 0.0390625
0 0.88984375 0.30078125 0.0578125 0.040625
0 0.89765625 0.2578125 0.0390625 0.0375
0 0.8546875 0.25390625 0.0484375 0.040625
0 0.93046875 0.165625 0.059375 0.04375
0 0.97109375 0.1921875 0.046875 0.040625
0 0.86875 0.15 0.0484375 0.046875
0 0.9375 0.0703125 0.040625 0.040625
0 0.9 0.05859375 0.040625 0.0390625
0 0.86171875 0.04453125 0.046875 0.05625
0 0.73984375 0.0296875 0.05 0.053125