0 0.4609375 0.11484375 0.05625 0.05078125
0 0.43359375 0.17421875 0.03203125 0.059375
0 0.409375 0.175 0.03125 0.046875
0 0.50390625 0.18828125 0.03359375 0.05078125
0 0.4671875 0.2125 0.04609375 0.05703125
0 0.54921875 0.2265625 0.03203125 0.065625
0 0.5796875 0.23125 0.03828125 0.06875
0 0.353125 0.19453125 0.0328125 0.05078125
0 0.37734375 0.203125 0.034375 0.05390625
0 0.4140625 0.25546875 0.03671875 0.053125
0 0.3015625 0.21875 0.04375 0.05390625
0 0.3328125 0.22421875 0.03359375 0.05546875
0 0.65625 0.29296875 0.04140625 0.04140625
0 0.57578125 0.29375 0.04296875 0.040625
0 0.48671875 0.28046875 0.04609375 0.04609375
0 0.45078125 0.30546875 0.0453125 0.04609375
0 0.54375 0.30859375 0.0375 0.046875
0 0.58046875 0.3296875 0.03984375 0.0359375
0 0.60859375 0.32109375 0.0390625 0.02890625
0 0.7015625 0.33515625 0.03359375 0.0375
0 0.66796875 0.35625 0.034375 0.05234375
0 0.75625 0.375 0.04609375 0.04921875
0 0.721875 0.38046875 0.04140625 0.0359375
0 0.78046875 0.4296875 0.0546875 0.04765625
0 0.7328125 0.42890625 0.04296875 0.04296875
0 0.6765625 0.42890625 0.0390625 0.0515625
0 0.6421875 0.4 0.03671875 0.0484375
0 0.60625 0.396875 0.040625 0.0359375
0 0.57578125 0.378125 0.0390625 0.0421875
0 0.52265625 0.3515625 0.0515625 0.04453125
0 0.41015625 0.33828125 0.0484375 0.04765625
0 0.3703125 0.3390625 0.05390625 0.05
0 0.31953125 0.328125 0.0515625 0.04140625
0 0.32265625 0.2953125 0.05078125 0.04453125
0 0.2875 0.35234375 0.04375 0.040625
0 0.26953125 0.403125 0.05625 0.04296875
0 0.2109375 0.33203125 0.05390625 0.04140625
0 0.22734375 0.43359375 0.04765625 0.040625
0 0.3359375 0.4234375 0.0421875 0.0421875
0 0.5078125 0.40390625 0.046875 0.0484375
0 0.43984375 0.38203125 0.03828125 0.053125
0 0.41015625 0.38984375 0.0375 0.0421875
0 0.37421875 0.40625 0.0484375 0.0515625
0 0.5875 0.428125 0.0484375 0.03671875
0 0.56875 0.4546875 0.04375 0.0359375
0 0.62265625 0.50859375 0.0453125 0.0484375
0 0.5390625 0.5125 0.0484375 0.0359375
0 0.484375 0.465625 0.04609375 0.04375
0 0.3734375 0.4828125 0.04375 0.034375
0 0.3359375 0.4890625 0.053125 0.03828125
0 0.42890625 0.484375 0.0546875 0.03984375
0 0.44375 0.51484375 0.04609375 0.0359375
0 0.62109375 0.58671875 0.040625 0.0328125
0 0.5984375 0.6125 0.03984375 0.0328125
0 0.5515625 0.5640625 0.0375 0.0359375
0 0.575 0.55703125 0.0359375 0.034375
0 0.44453125 0.5734375 0.04765625 0.03671875
0 0.37578125 0.53828125 0.0328125 0.03203125
0 0.40390625 0.5515625 0.04375 0.0328125
0 0.340625 0.57578125 0.05 0.03984375
0 0.38203125 0.5953125 0.046875 0.0328125
0 0.4515625 0.62265625 0.04375 0.03125
0 0.51171875 0.590625 0.0359375 0.02890625
0 0.325 0.64140625 0.034375 0.02890625
0 0.34296875 0.61875 0.040625 0.02890625
0 0.365625 0.646875 0.04453125 0.0390625
0 0.4171875 0.646875 0.0421875 0.03359375
0 0.4265625 0.675 0.040625 0.0328125
0 0.45859375 0.6890625 0.040625 0.03828125
0 0.35546875 0.71171875 0.04765625 0.03359375
0 0.39296875 0.74921875 0.0453125 0.03203125
0 0.45 0.73828125 0.04375 0.04140625
0 0.6265625 0.7125 0.04765625 0.03515625
0 0.44921875 0.7890625 0.0578125 0.04765625
0 0.35625 0.7890625 0.05234375 0.0421875
0 0.3578125 0.85390625 0.06015625 0.04453125
0 0.64453125 0.7953125 0.040625 0.046875
0 0.60625 0.8 0.0359375 0.03828125
0 0.528125 0.8125 0.0390625 0.03828125
0 0.55703125 0.81640625 0.0328125 0.040625
0 0.4328125 0.87265625 0.04140625 0.040625
0 0.41171875 0.89375 0.04296875 0.0328125
0 0.39140625 0.92890625 0.04765625 0.04296875
0 0.334375 0.93984375 0.05390625 0.05
0 0.6078125 0.875 0.04921875 0.0515625
0 0.65859375 0.925 0.05625 0.0546875
0 0.4953125 0.94921875 0.04609375 0.0421875
0 0.45859375 0.95859375 0.046875 0.0359375
0 0.41484375 0.94453125 0.03359375 0.04765625
0 0.48359375 0.865625 0.040625 0.0375
0 0.51875 0.86484375 0.04375 0.03671875
0 0.55 0.86640625 0.04453125 0.0375