0 0.53515625 0.540625 0.075 0.27578125
0 0.67265625 0.4734375 0.0421875 0.12890625
0 0.11171875 0.5140625 0.0546875 0.2546875
0 0.28046875 0.64296875 0.14140625 0.5453125
0 0.4046875 0.6 0.13046875 0.496875
0 0.0296875 0.5484375 0.05859375 0.31953125
0 0.17265625 0.53125 0.0578125 0.28125
0 0.07578125 0.5171875 0.03828125 0.28125
0 0.21328125 0.49609375 0.0453125 0.21953125
0 0.84140625 0.50078125 0.0421875 0.18046875
0 0.6828125 0.475 0.03359375 0.11953125
0 0.4828125 0.49921875 0.05390625 0.19921875