0 0.953125 0.8734375 0.09375 0.19375
0 0.9171875 0.83046875 0.121875 0.1375
0 0.82109375 0.91015625 0.125 0.1796875
0 0.73046875 0.91015625 0.1296875 0.1796875
0 0.8046875 0.803125 0.078125 0.084375
0 0.4875 0.90078125 0.24375 0.196875
0 0.27890625 0.915625 0.1609375 0.16875
0 0.365625 0.86875 0.103125 0.10625
0 0.621875 0.82421875 0.1140625 0.146875
0 0.7234375 0.7859375 0.0890625 0.096875
0 0.49296875 0.74921875 0.1015625 0.128125
0 0.6 0.71484375 0.090625 0.1046875
0 0.6453125 0.74453125 0.08125 0.0671875
0 0.76640625 0.7265625 0.06875 0.084375
0 0.7265625 0.68046875 0.0640625 0.059375
0 0.6890625 0.7078125 0.0671875 0.0578125
0 0.6015625 0.63984375 0.0625 0.040625
0 0.57109375 0.67265625 0.0578125 0.090625
0 0.44296875 0.6984375 0.0703125 0.084375
0 0.53046875 0.66484375 0.0328125 0.05
0 0.509375 0.6421875 0.0453125 0.0609375
0 0.440625 0.6453125 0.040625 0.05625
0 0.34765625 0.64375 0.040625 0.0796875
0 0.39375 0.6484375 0.03125 0.0875
0 0.4625 0.62265625 0.021875 0.046875
0 0.60546875 0.59765625 0.03125 0.053125
0 0.53046875 0.5921875 0.0375 0.04375
0 0.53828125 0.56875 0.0390625 0.025
0 0.46796875 0.59765625 0.04375 0.0390625
0 0.49921875 0.57890625 0.025 0.028125
0 0.44609375 0.58515625 0.028125 0.03125