0 0.7953125 0.93515625 0.13359375 0.12890625
0 0.89375 0.91640625 0.1453125 0.1171875
0 0.90234375 0.98515625 0.078125 0.0296875
0 0.5921875 0.953125 0.11796875 0.0921875
0 0.6609375 0.96328125 0.11875 0.0734375
0 0.27578125 0.90234375 0.134375 0.115625
0 0.3140625 0.928125 0.13203125 0.109375
0 0.39140625 0.915625 0.13671875 0.0890625
0 0.53203125 0.80078125 0.08359375 0.13125
0 0.5921875 0.8015625 0.15859375 0.1140625
0 0.4078125 0.70078125 0.14609375 0.15859375
0 0.11015625 0.58359375 0.09921875 0.1203125
0 0.10390625 0.4984375 0.05546875 0.1078125
0 0.05 0.49453125 0.06015625 0.1234375
0 0.0125 0.55703125 0.025 0.1484375
0 0.76953125 0.4 0.10390625 0.14140625
0 0.65546875 0.3734375 0.1140625 0.13046875
0 0.4546875 0.465625 0.0984375 0.121875
0 0.3859375 0.46484375 0.10859375 0.11328125
0 0.30546875 0.45859375 0.0890625 0.16015625
0 0.246875 0.371875 0.084375 0.10390625
0 0.33359375 0.371875 0.11640625 0.05859375
0 0.3484375 0.28359375 0.134375 0.1203125
0 0.41484375 0.30859375 0.1171875 0.09921875
0 0.5234375 0.31953125 0.115625 0.1359375
0 0.47890625 0.30546875 0.07265625 0.1234375
0 0.965625 0.309375 0.06875 0.1359375
0 0.8859375 0.06015625 0.1109375 0.11953125
0 0.61328125 0.1140625 0.053125 0.10546875
0 0.65390625 0.1328125 0.08671875 0.103125
0 0.41328125 0.08984375 0.1 0.1078125
0 0.4765625 0.0984375 0.13046875 0.1125
0 0.1765625 0.06328125 0.06171875 0.12265625
0 0.10546875 0.0578125 0.05859375 0.115625
0 0.05234375 0.03828125 0.034375 0.07578125