0 0.38671875 0.09609375 0.05703125 0.13203125
0 0.703125 0.046875 0.0515625 0.09375
0 0.77265625 0.1796875 0.06875 0.1046875
0 0.91015625 0.25234375 0.07265625 0.1109375
0 0.7875 0.2984375 0.06953125 0.0921875
0 0.6671875 0.36328125 0.05859375 0.1046875
0 0.603125 0.33046875 0.04921875 0.0890625
0 0.55390625 0.36796875 0.04453125 0.075
0 0.4875 0.27109375 0.046875 0.0921875
0 0.459375 0.4609375 0.0578125 0.09453125
0 0.3171875 0.32109375 0.05625 0.08515625
0 0.8078125 0.4171875 0.06640625 0.08671875
0 0.84453125 0.43515625 0.06015625 0.09140625
0 0.865625 0.5609375 0.05546875 0.0859375
0 0.6984375 0.52734375 0.06015625 0.08515625
0 0.73046875 0.6453125 0.05234375 0.0859375
0 0.76640625 0.809375 0.06328125 0.09765625
0 0.58671875 0.80703125 0.0609375 0.103125
0 0.5671875 0.621875 0.05625 0.096875
0 0.54296875 0.6875 0.0484375 0.0734375
0 0.5125 0.70625 0.05703125 0.09453125
0 0.50859375 0.86640625 0.059375 0.10078125
0 0.48125 0.95546875 0.05859375 0.0890625
0 0.4046875 0.87578125 0.05546875 0.0890625
0 0.3390625 0.86953125 0.0578125 0.0984375
0 0.2859375 0.73515625 0.05078125 0.096875
0 0.3296875 0.684375 0.04765625 0.0765625
0 0.35859375 0.66875 0.04375 0.0671875
0 0.4359375 0.62578125 0.03984375 0.08125
0 0.38203125 0.60390625 0.03984375 0.078125
0 0.41171875 0.6125 0.0328125 0.0640625
0 0.29609375 0.51484375 0.0453125 0.06953125
0 0.26640625 0.50546875 0.040625 0.071875
0 0.13984375 0.51640625 0.05234375 0.078125