0 0.42578125 0.15078125 0.0359375 0.2
0 0.45078125 0.08203125 0.0265625 0.05625
0 0.51484375 0.15546875 0.03984375 0.20234375
0 0.54609375 0.2546875 0.05 0.2109375
0 0.48828125 0.31484375 0.04765625 0.203125
0 0.4125 0.37109375 0.053125 0.20078125
0 0.3640625 0.3828125 0.05703125 0.19140625
0 0.3984375 0.53359375 0.065625 0.2609375
0 0.47734375 0.475 0.05625 0.21953125
0 0.45078125 0.61484375 0.059375 0.20703125
0 0.51015625 0.703125 0.06171875 0.2578125
0 0.46953125 0.79296875 0.0671875 0.275
0 0.575 0.50390625 0.05078125 0.24609375
0 0.615625 0.5578125 0.0515625 0.25234375
0 0.6609375 0.49453125 0.0578125 0.27421875
0 0.6453125 0.2953125 0.05625 0.2203125
0 0.74453125 0.278125 0.04609375 0.23046875
0 0.79140625 0.2828125 0.0390625 0.2375
0 0.84453125 0.17890625 0.0390625 0.20859375
0 0.98203125 0.2484375 0.03515625 0.19765625
0 0.9046875 0.2125 0.04921875 0.19140625
0 0.81328125 0.4125 0.0484375 0.225
0 0.859375 0.36640625 0.04765625 0.1578125
0 0.85234375 0.4984375 0.05078125 0.26796875
0 0.90859375 0.4671875 0.06328125 0.23125
0 0.96953125 0.60078125 0.0609375 0.28828125
0 0.8875 0.67890625 0.0609375 0.22734375
0 0.88515625 0.87578125 0.0828125 0.2484375
0 0.96875 0.88046875 0.0625 0.23828125
0 0.75546875 0.884375 0.0796875 0.21640625
0 0.6859375 0.9109375 0.06953125 0.17734375
0 0.7015625 0.696875 0.0640625 0.28671875
0 0.70390625 0.53125 0.06171875 0.14296875
0 0.609375 0.82421875 0.0734375 0.3109375
0 0.234375 0.8703125 0.07265625 0.24609375
0 0.14609375 0.87421875 0.0828125 0.2515625
0 0.03359375 0.8953125 0.06640625 0.20859375
0 0.28046875 0.68359375 0.06875 0.275
0 0.26640625 0.53125 0.05703125 0.17265625
0 0.21015625 0.59296875 0.05234375 0.28984375
0 0.26875 0.38671875 0.05546875 0.2234375
0 0.22109375 0.35078125 0.0546875 0.115625
0 0.2171875 0.43984375 0.0578125 0.0921875
0 0.1765625 0.346875 0.05546875 0.16171875
0 0.16953125 0.53046875 0.053125 0.24765625
0 0.11796875 0.49453125 0.06484375 0.25546875
0 0.0921875 0.278125 0.0578125 0.128125
0 0.10234375 0.35 0.06171875 0.11328125
0 0.02109375 0.4015625 0.0421875 0.140625
0 0.03046875 0.52421875 0.0609375 0.2453125