0 0.06484375 0.2046875 0.128125 0.134375
0 0.08359375 0.10625 0.1171875 0.1453125
0 0.01484375 0.09765625 0.0296875 0.078125
0 0.046875 0.4078125 0.0921875 0.11875
0 0.03671875 0.3390625 0.0734375 0.11875
0 0.09765625 0.72421875 0.115625 0.134375
0 0.071875 0.6859375 0.109375 0.13125
0 0.084375 0.60859375 0.0890625 0.1375
0 0.19921875 0.46796875 0.13125 0.084375
0 0.1984375 0.4078125 0.1140625 0.159375
0 0.29921875 0.5921875 0.159375 0.146875
0 0.41640625 0.88984375 0.1203125 0.1
0 0.5015625 0.89609375 0.1078125 0.05625
0 0.50546875 0.95 0.1234375 0.059375
0 0.44296875 0.9875 0.1484375 0.025
0 0.6 0.23046875 0.140625 0.103125
0 0.6265625 0.34453125 0.13125 0.1140625
0 0.534375 0.5453125 0.121875 0.0984375
0 0.53515625 0.6140625 0.1125 0.109375
0 0.54140625 0.69453125 0.159375 0.0890625
0 0.628125 0.753125 0.103125 0.084375
0 0.628125 0.66640625 0.059375 0.115625
0 0.71640625 0.6515625 0.1203125 0.134375
0 0.69140625 0.58515625 0.1 0.1171875
0 0.68046875 0.4765625 0.1359375 0.115625
0 0.69453125 0.52109375 0.1234375 0.071875
0 0.690625 0.034375 0.1359375 0.06875
0 0.93984375 0.1140625 0.11875 0.1109375
0 0.8859375 0.38671875 0.10625 0.053125
0 0.8671875 0.34609375 0.103125 0.0875
0 0.91015625 0.58671875 0.1078125 0.1
0 0.9015625 0.5234375 0.1125 0.13125
0 0.93671875 0.8234375 0.121875 0.0625
0 0.9421875 0.89453125 0.115625 0.059375
0 0.96171875 0.94765625 0.075 0.034375