0 0.36171875 0.78125 0.1625 0.38984375
0 0.1796875 0.59765625 0.12734375 0.4140625
0 0.153125 0.4390625 0.09609375 0.18203125
0 0.228125 0.48828125 0.10703125 0.30546875
0 0.25703125 0.4578125 0.09453125 0.23984375
0 0.22734375 0.3609375 0.0671875 0.16171875
0 0.27265625 0.3734375 0.05390625 0.1625
0 0.29375 0.37734375 0.05 0.12890625
0 0.29296875 0.33125 0.04921875 0.10234375
0 0.31015625 0.59609375 0.11328125 0.378125
0 0.33359375 0.4703125 0.0875 0.2375
0 0.34296875 0.38046875 0.0625 0.1390625
0 0.34765625 0.34296875 0.05390625 0.12890625
0 0.396875 0.50078125 0.0875 0.24140625
0 0.39296875 0.38203125 0.05625 0.1421875
0 0.41328125 0.3546875 0.06328125 0.1703125
0 0.459375 0.38828125 0.06875 0.18828125
0 0.49375 0.55703125 0.0984375 0.37734375
0 0.515625 0.3953125 0.096875 0.2171875
0 0.565625 0.575 0.11484375 0.39765625
0 0.6484375 0.60625 0.12734375 0.46484375
0 0.6015625 0.38984375 0.07734375 0.17890625
0 0.659375 0.428125 0.08125 0.2171875
0 0.7015625 0.45546875 0.084375 0.30546875
0 0.76953125 0.5671875 0.10546875 0.4640625
0 0.846875 0.53515625 0.12421875 0.39921875