0 0.24296875 0.34140625 0.4125 0.096875
0 0.2640625 0.115625 0.371875 0.075
0 0.2515625 0.05234375 0.409375 0.084375
0 0.315625 0.63046875 0.209375 0.059375
0 0.32109375 0.6765625 0.21875 0.046875
0 0.34765625 0.74140625 0.153125 0.04375
0 0.32109375 0.775 0.10625 0.03125
0 0.34921875 0.85234375 0.19375 0.0640625
0 0.38515625 0.8140625 0.1296875 0.04375
0 0.33515625 0.44375 0.2296875 0.065625
0 0.3453125 0.25234375 0.228125 0.0484375
0 0.36484375 0.58046875 0.1421875 0.040625
0 0.35234375 0.47734375 0.1453125 0.0390625
0 0.3765625 0.52890625 0.1375 0.0375
0 0.36640625 0.38515625 0.15 0.0453125