0 0.25625 0.09375 0.203125 0.1875
0 0.12890625 0.2078125 0.2015625 0.1828125
0 0.34609375 0.25390625 0.203125 0.20625
0 0.540625 0.0875 0.18125 0.175
0 0.73671875 0.071875 0.1890625 0.14375
0 0.69921875 0.21328125 0.2 0.1796875
0 0.6734375 0.403125 0.21875 0.184375
0 0.4640625 0.37578125 0.1578125 0.203125
0 0.3265625 0.446875 0.25 0.1859375
0 0.1265625 0.471875 0.196875 0.2078125
0 0.2140625 0.671875 0.1890625 0.1546875
0 0.24375 0.853125 0.215625 0.165625
0 0.55234375 0.54375 0.196875 0.16875
0 0.50546875 0.71796875 0.221875 0.159375
0 0.43359375 0.8890625 0.1578125 0.221875
0 0.5625 0.89765625 0.1625 0.13125
0 0.65625 0.92578125 0.171875 0.1234375
0 0.78984375 0.76796875 0.159375 0.175
0 0.71640625 0.62265625 0.175 0.246875
0 0.87734375 0.596875 0.125 0.18125
0 0.95546875 0.51953125 0.0875 0.159375