0 0.378125 0.2296875 0.6625 0.203125
0 0.30390625 0.30078125 0.4234375 0.15
0 0.17734375 0.4625 0.334375 0.13125
0 0.4703125 0.39375 0.33125 0.128125
0 0.53125 0.46796875 0.3484375 0.0890625
0 0.5453125 0.575 0.3765625 0.13125
0 0.428125 0.65234375 0.49375 0.209375
0 0.48046875 0.80078125 0.36875 0.215625
0 0.24140625 0.81484375 0.4828125 0.3703125
0 0.52421875 0.0625 0.25625 0.125
0 0.58984375 0.115625 0.353125 0.0890625
0 0.6578125 0.30078125 0.2421875 0.10625
0 0.6296875 0.74609375 0.2609375 0.1140625
0 0.61953125 0.8734375 0.2625 0.115625
0 0.584375 0.95625 0.265625 0.0875
0 0.67265625 0.84140625 0.1796875 0.1125