0 0.08125 0.77734375 0.0515625 0.1140625
0 0.15078125 0.80703125 0.0609375 0.0921875
0 0.27578125 0.86640625 0.0546875 0.0984375
0 0.2234375 0.753125 0.04375 0.090625
0 0.33125 0.796875 0.05 0.09375
0 0.4140625 0.81328125 0.0421875 0.090625
0 0.4875 0.90546875 0.0484375 0.103125
0 0.52109375 0.9046875 0.0453125 0.09375
0 0.6234375 0.79453125 0.053125 0.090625
0 0.45859375 0.7421875 0.046875 0.0875
0 0.33125 0.671875 0.053125 0.090625
0 0.30078125 0.5703125 0.0484375 0.096875
0 0.35 0.5078125 0.05 0.096875
0 0.171875 0.2765625 0.03125 0.0890625
0 0.14765625 0.27578125 0.0390625 0.1
0 0.1234375 0.1984375 0.05 0.1078125
0 0.24296875 0.15 0.04375 0.096875
0 0.42265625 0.6453125 0.0390625 0.0875
0 0.4859375 0.60859375 0.04375 0.065625
0 0.47890625 0.5765625 0.028125 0.0453125
0 0.48046875 0.52109375 0.025 0.08125
0 0.45078125 0.5234375 0.028125 0.071875
0 0.42109375 0.51796875 0.03125 0.059375
0 0.42109375 0.4703125 0.0328125 0.05625
0 0.428125 0.42734375 0.0265625 0.0625
0 0.38203125 0.39765625 0.0375 0.053125
0 0.525 0.56953125 0.0359375 0.0515625
0 0.5171875 0.52578125 0.034375 0.078125
0 0.49140625 0.44765625 0.034375 0.053125
0 0.459375 0.4359375 0.025 0.071875
0 0.48984375 0.39296875 0.0375 0.053125
0 0.4890625 0.25078125 0.0359375 0.078125
0 0.5609375 0.14921875 0.0484375 0.0703125
0 0.56875 0.4328125 0.0375 0.0890625
0 0.59765625 0.43359375 0.034375 0.08125
0 0.625 0.41796875 0.034375 0.08125
0 0.65546875 0.50859375 0.040625 0.08125
0 0.6984375 0.62578125 0.046875 0.06875
0 0.81015625 0.52109375 0.046875 0.08125
0 0.91953125 0.5703125 0.046875 0.06875
0 0.740625 0.40078125 0.040625 0.078125
0 0.7 0.37734375 0.0375 0.06875
0 0.88125 0.3109375 0.0609375 0.0765625
0 0.97578125 0.22109375 0.046875 0.0703125