0 0.1234375 0.89453125 0.121875 0.1078125
0 0.10078125 0.2234375 0.1671875 0.1796875
0 0.37421875 0.25625 0.1875 0.1875
0 0.48359375 0.221875 0.171875 0.1703125
0 0.62734375 0.184375 0.146875 0.14375
0 0.784375 0.2375 0.1421875 0.14375
0 0.94296875 0.08515625 0.1140625 0.1546875
0 0.91171875 0.384375 0.109375 0.215625
0 0.81171875 0.42265625 0.109375 0.1578125
0 0.60859375 0.3453125 0.159375 0.184375
0 0.3984375 0.453125 0.1375 0.15625
0 0.271875 0.50625 0.1171875 0.1578125
0 0.4734375 0.59453125 0.128125 0.15625
0 0.56953125 0.5578125 0.134375 0.1453125
0 0.6734375 0.4890625 0.125 0.1390625
0 0.92421875 0.584375 0.103125 0.171875
0 0.78828125 0.5984375 0.1 0.171875
0 0.85703125 0.64921875 0.0734375 0.1171875
0 0.70625 0.6453125 0.1421875 0.1484375
0 0.58203125 0.66328125 0.1234375 0.1125
0 0.3109375 0.69296875 0.1140625 0.134375
0 0.17109375 0.74765625 0.1359375 0.1
0 0.17265625 0.6390625 0.1203125 0.16875
0 0.26484375 0.79921875 0.1125 0.121875
0 0.6265625 0.86171875 0.153125 0.1375
0 0.63203125 0.75078125 0.128125 0.1171875
0 0.7046875 0.79375 0.1265625 0.1203125
0 0.8109375 0.8390625 0.125 0.13125
0 0.91328125 0.83671875 0.0625 0.109375
0 0.83046875 0.93125 0.071875 0.1125
0 0.89765625 0.76796875 0.090625 0.1421875
0 0.95859375 0.925 0.078125 0.15