0 0.39765625 0.775 0.18515625 0.26796875
0 0.5609375 0.77421875 0.15234375 0.278125
0 0.70703125 0.765625 0.15859375 0.27578125
0 0.275 0.66015625 0.0953125 0.159375
0 0.6421875 0.65625 0.075 0.12890625
0 0.79296875 0.66171875 0.07734375 0.13671875
0 0.95859375 0.675 0.08125 0.15703125
0 0.90546875 0.63125 0.0703125 0.08515625
0 0.1828125 0.64296875 0.06171875 0.1015625
0 0.1296875 0.63359375 0.046875 0.08359375
0 0.47109375 0.625 0.03984375 0.0515625
0 0.3640625 0.6203125 0.0265625 0.040625
0 0.39453125 0.62265625 0.02421875 0.03828125
0 0.41328125 0.6171875 0.02578125 0.04453125
0 0.5375 0.615625 0.03984375 0.0453125
0 0.56484375 0.6125 0.0296875 0.03515625
0 0.621875 0.61015625 0.04296875 0.04296875
0 0.590625 0.61015625 0.03984375 0.0421875
0 0.8515625 0.615625 0.03984375 0.04921875
0 0.9796875 0.60390625 0.040625 0.0640625
0 0.034375 0.61484375 0.03125 0.03984375
0 0.06015625 0.60859375 0.0296875 0.03828125
0 0.09921875 0.62109375 0.03515625 0.05078125