0 0.671875 0.2578125 0.03828125 0.04609375
0 0.67265625 0.296875 0.03828125 0.05390625
0 0.53984375 0.328125 0.03125 0.03515625
0 0.53984375 0.3609375 0.040625 0.04453125
0 0.425 0.38671875 0.03515625 0.0359375
0 0.4703125 0.43828125 0.03125 0.04296875
0 0.371875 0.37265625 0.03359375 0.0421875
0 0.375 0.334375 0.03984375 0.04140625
0 0.31953125 0.3296875 0.03203125 0.04453125
0 0.2859375 0.3375 0.03046875 0.04453125
0 0.20703125 0.31953125 0.0453125 0.0390625
0 0.22265625 0.35546875 0.04296875 0.040625
0 0.175 0.34765625 0.0390625 0.03984375
0 0.1421875 0.30625 0.04765625 0.03984375
0 0.07109375 0.26171875 0.05 0.03359375
0 0.065625 0.29140625 0.0515625 0.040625
0 0.07734375 0.38203125 0.0546875 0.03984375
0 0.06328125 0.428125 0.06484375 0.03671875
0 0.05859375 0.4703125 0.06171875 0.034375
0 0.3234375 0.4421875 0.03984375 0.03984375
0 0.32265625 0.47265625 0.03671875 0.03359375
0 0.15546875 0.48671875 0.0421875 0.0328125
0 0.37265625 0.58515625 0.0296875 0.03984375
0 0.3765625 0.62578125 0.0359375 0.03984375
0 0.371875 0.67734375 0.03203125 0.04375
0 0.290625 0.67890625 0.0421875 0.02890625
0 0.28125 0.71875 0.03359375 0.04453125
0 0.2609375 0.78046875 0.03671875 0.03984375
0 0.2171875 0.8 0.0421875 0.04140625
0 0.2390625 0.8484375 0.0375 0.0375
0 0.2328125 0.9515625 0.04296875 0.0484375
0 0.2140625 0.9078125 0.0328125 0.04609375
0 0.07265625 0.70078125 0.0375 0.0359375
0 0.06640625 0.73125 0.040625 0.03359375
0 0.6671875 0.52578125 0.03046875 0.0390625
0 0.69609375 0.50546875 0.03203125 0.0375
0 0.68203125 0.471875 0.03359375 0.03828125
0 0.6078125 0.59765625 0.03515625 0.0390625
0 0.5390625 0.50859375 0.02890625 0.03671875
0 0.55 0.53515625 0.0328125 0.03828125
0 0.51953125 0.6203125 0.03125 0.04296875
0 0.46484375 0.54765625 0.03828125 0.03515625
0 0.46484375 0.58515625 0.03515625 0.034375
0 0.74921875 0.46015625 0.028125 0.03203125
0 0.7578125 0.43359375 0.02734375 0.0328125
0 0.765625 0.39296875 0.03359375 0.03359375
0 0.7390625 0.37265625 0.034375 0.03671875
0 0.73828125 0.33359375 0.034375 0.0375
0 0.95625 0.39296875 0.040625 0.040625
0 0.87421875 0.28359375 0.04140625 0.03203125
0 0.8671875 0.3171875 0.04140625 0.04140625
0 0.85234375 0.3671875 0.0421875 0.03203125
0 0.87890625 0.39140625 0.03359375 0.03515625
0 0.87421875 0.41953125 0.05 0.0328125
0 0.8515625 0.459375 0.0390625 0.0375
0 0.8484375 0.6 0.03671875 0.0375
0 0.909375 0.5921875 0.046875 0.0296875
0 0.9109375 0.63125 0.04921875 0.03125
0 0.89375 0.665625 0.05078125 0.04296875
0 0.83125 0.675 0.0453125 0.0390625
0 0.83203125 0.75234375 0.04609375 0.040625
0 0.953125 0.74609375 0.05859375 0.04375
0 0.86015625 0.71171875 0.04140625 0.0359375