0 0.38203125 0.13359375 0.05703125 0.1046875
0 0.56953125 0.06875 0.0484375 0.08828125
0 0.66484375 0.11875 0.0625 0.09453125
0 0.61875 0.25703125 0.04921875 0.0953125
0 0.66484375 0.29140625 0.05859375 0.0890625
0 0.74375 0.2390625 0.0640625 0.09453125
0 0.79765625 0.1953125 0.059375 0.08671875
0 0.85078125 0.171875 0.0640625 0.090625
0 0.8765625 0.26875 0.01171875 0.00234375
0 0.2671875 0.28125 0.05859375 0.07734375
0 0.2640625 0.33125 0.053125 0.0734375
0 0.19375 0.37109375 0.07109375 0.08125
0 0.2875 0.446875 0.05 0.0625
0 0.3296875 0.4765625 0.0578125 0.08203125
0 0.846875 0.31640625 0.07421875 0.0703125
0 0.91484375 0.3078125 0.07109375 0.075
0 0.890625 0.4046875 0.07421875 0.0796875
0 0.93203125 0.4671875 0.06171875 0.06171875
0 0.8375 0.45859375 0.07265625 0.08203125
0 0.79140625 0.51640625 0.0625 0.07421875
0 0.75703125 0.5953125 0.0640625 0.090625
0 0.85234375 0.6640625 0.0640625 0.0953125
0 0.9140625 0.61640625 0.0671875 0.0875
0 0.8890625 0.5390625 0.05703125 0.08984375
0 0.89375 0.76484375 0.0875 0.09453125
0 0.7953125 0.72421875 0.06015625 0.08984375
0 0.69921875 0.8046875 0.06328125 0.10546875
0 0.6640625 0.8828125 0.05703125 0.09140625
0 0.81328125 0.92578125 0.06328125 0.0921875
0 0.84765625 0.853125 0.0703125 0.09609375
0 0.41875 0.86640625 0.05625 0.0921875
0 0.30078125 0.8140625 0.05859375 0.09296875
0 0.32421875 0.70078125 0.059375 0.09375
0 0.25859375 0.74453125 0.0515625 0.1046875
0 0.2625 0.92890625 0.08125 0.08984375
0 0.190625 0.78515625 0.0578125 0.09140625
0 0.26171875 0.5984375 0.05234375 0.08828125
0 0.23359375 0.4765625 0.053125 0.08125
0 0.17578125 0.559375 0.065625 0.10234375
0 0.18671875 0.6546875 0.05859375 0.10078125
0 0.1375 0.6984375 0.0671875 0.08828125
0 0.09140625 0.734375 0.0453125 0.1203125
0 0.11953125 0.4546875 0.06328125 0.1