0 0.49296875 0.88046875 0.1421875 0.196875
0 0.84375 0.7625 0.146875 0.1796875
0 0.89921875 0.64609375 0.159375 0.1921875
0 0.7296875 0.64609375 0.165625 0.2015625
0 0.1390625 0.64921875 0.16875 0.21875
0 0.29609375 0.63515625 0.128125 0.19375
0 0.40546875 0.60703125 0.1328125 0.2015625
0 0.4890625 0.609375 0.14375 0.11875
0 0.5203125 0.4859375 0.18125 0.1859375
0 0.6421875 0.465625 0.221875 0.1484375
0 0.2453125 0.45546875 0.1578125 0.1484375
0 0.196875 0.34765625 0.1421875 0.19375
0 0.3484375 0.303125 0.165625 0.2
0 0.240625 0.10625 0.1171875 0.2125
0 0.33984375 0.04140625 0.153125 0.0828125
0 0.4421875 0.12890625 0.178125 0.178125
0 0.596875 0.0765625 0.159375 0.153125
0 0.7046875 0.04921875 0.14375 0.096875
0 0.85703125 0.1484375 0.1546875 0.2171875
0 0.78515625 0.240625 0.1328125 0.1328125
0 0.65390625 0.23203125 0.11875 0.175
0 0.5890625 0.38203125 0.10625 0.10625
0 0.75390625 0.31484375 0.11875 0.128125