0 0.7609375 0.21640625 0.3796875 0.4328125
0 0.38828125 0.553125 0.1171875 0.209375
0 0.64296875 0.5078125 0.1625 0.203125
0 0.90078125 0.546875 0.165625 0.1828125
0 0.7140625 0.61640625 0.0875 0.1125
0 0.88984375 0.64609375 0.071875 0.0640625
0 0.8546875 0.67109375 0.0625 0.040625
0 0.9125 0.6703125 0.05625 0.04375
0 0.88828125 0.68515625 0.0703125 0.03125
0 0.66953125 0.6515625 0.05625 0.0734375
0 0.63046875 0.65390625 0.053125 0.071875
0 0.59453125 0.646875 0.0625 0.065625
0 0.534375 0.67734375 0.0390625 0.075
0 0.59140625 0.69765625 0.05 0.0609375
0 0.7359375 0.6875 0.046875 0.05625
0 0.7734375 0.6890625 0.04375 0.065625
0 0.81875 0.70546875 0.034375 0.046875