0 0.26796875 0.76015625 0.140625 0.15
0 0.03359375 0.66796875 0.0671875 0.1859375
0 0.89453125 0.4671875 0.084375 0.125
0 0.8234375 0.4859375 0.159375 0.1375
0 0.48828125 0.39453125 0.128125 0.1234375
0 0.4171875 0.41171875 0.146875 0.125
0 0.20625 0.41171875 0.1125 0.13125
0 0.25 0.31015625 0.1140625 0.115625
0 0.0609375 0.31484375 0.1125 0.121875
0 0.3078125 0.0640625 0.103125 0.115625
0 0.425 0.05546875 0.109375 0.109375
0 0.61875 0.31328125 0.175 0.140625
0 0.9484375 0.81171875 0.0953125 0.159375
0 0.8609375 0.8015625 0.1 0.1765625
0 0.56953125 0.85234375 0.0984375 0.171875
0 0.49765625 0.8234375 0.18125 0.109375
0 0.75234375 0.19296875 0.06875 0.10625
0 0.7046875 0.184375 0.096875 0.121875
0 0.65859375 0.13671875 0.0734375 0.0921875
0 0.60234375 0.215625 0.05625 0.0828125
0 0.60625 0.1671875 0.0640625 0.06875
0 0.55546875 0.2 0.0734375 0.1140625
0 0.46953125 0.20234375 0.065625 0.125
0 0.4140625 0.228125 0.078125 0.1265625
0 0.375 0.190625 0.0734375 0.071875
0 0.86796875 0.08671875 0.071875 0.1203125
0 0.8234375 0.12578125 0.0734375 0.1140625
0 0.76171875 0.0859375 0.0640625 0.109375
0 0.75625 0.76171875 0.084375 0.140625
0 0.709375 0.7921875 0.0734375 0.128125
0 0.553125 0.65390625 0.11875 0.125
0 0.528125 0.57421875 0.06875 0.103125
0 0.490625 0.61171875 0.084375 0.13125