0 0.30546875 0.246875 0.06796875 0.09375
0 0.27265625 0.34921875 0.059375 0.07890625
0 0.3796875 0.296875 0.04296875 0.07265625
0 0.2140625 0.46484375 0.0859375 0.08828125
0 0.30625 0.5796875 0.053125 0.08671875
0 0.24765625 0.56796875 0.06171875 0.07265625
0 0.11953125 0.54140625 0.09375 0.08671875
0 0.12265625 0.6609375 0.075 0.08671875
0 0.0328125 0.56171875 0.0546875 0.0875
0 0.4375 0.07578125 0.04765625 0.09609375
0 0.5546875 0.1140625 0.06875 0.1125
0 0.56015625 0.21875 0.05 0.0890625
0 0.828125 0.06953125 0.0734375 0.1171875
0 0.92578125 0.24921875 0.1 0.12734375
0 0.9203125 0.3578125 0.10625 0.08671875
0 0.66328125 0.0734375 0.06328125 0.09921875
0 0.6484375 0.1578125 0.0921875 0.0671875
0 0.64375 0.23203125 0.0703125 0.07734375
0 0.59609375 0.85859375 0.0640625 0.10078125
0 0.6671875 0.84921875 0.059375 0.09765625
0 0.3859375 0.61796875 0.05546875 0.0828125
0 0.415625 0.4875 0.04765625 0.0796875
0 0.80078125 0.32890625 0.04921875 0.071875
0 0.75703125 0.37578125 0.05546875 0.07265625
0 0.87109375 0.49453125 0.059375 0.08515625
0 0.821875 0.58828125 0.075 0.09609375
0 0.75 0.46328125 0.0640625 0.09375
0 0.72109375 0.30703125 0.0578125 0.08046875
0 0.65703125 0.315625 0.06015625 0.08671875
0 0.6375 0.459375 0.06484375 0.090625
0 0.5671875 0.44453125 0.0609375 0.07890625
0 0.50078125 0.35625 0.05078125 0.07578125
0 0.4765625 0.16328125 0.0546875 0.075
0 0.48046875 0.25546875 0.06328125 0.10546875
0 0.1109375 0.19765625 0.053125 0.06875
0 0.1703125 0.36953125 0.06484375 0.06171875
0 0.18203125 0.3 0.090625 0.06796875
0 0.159375 0.23359375 0.07734375 0.059375
0 0.1875 0.6015625 0.0625 0.06171875
0 0.1875 0.66640625 0.07578125 0.0625
0 0.125 0.77734375 0.0796875 0.09140625
0 0.11875 0.92109375 0.06796875 0.08046875
0 0.26796875 0.72421875 0.0609375 0.09375
0 0.2671875 0.640625 0.05234375 0.0703125
0 0.43515625 0.35 0.06953125 0.14609375
0 0.7328125 0.93125 0.06796875 0.1109375
0 0.7984375 0.9484375 0.06171875 0.103125
0 0.88125 0.96328125 0.065625 0.0734375
0 0.61640625 0.53125 0.0625 0.08359375
0 0.50546875 0.50703125 0.04921875 0.08671875
0 0.47265625 0.52890625 0.04765625 0.08203125
0 0.44296875 0.609375 0.053125 0.1078125
0 0.48671875 0.7140625 0.0703125 0.0921875
0 0.44609375 0.7828125 0.08125 0.09453125
0 0.41640625 0.875 0.0625 0.08125
0 0.3203125 0.83359375 0.0640625 0.09765625
0 0.4796875 0.90546875 0.05625 0.1015625
0 0.55390625 0.67578125 0.059375 0.10390625
0 0.9203125 0.74765625 0.07109375 0.1078125
0 0.2125 0.79375 0.08984375 0.11015625
0 0.7234375 0.56015625 0.0609375 0.09921875
0 0.696875 0.490625 0.05703125 0.10234375