0 0.72890625 0.16484375 0.11875 0.05625
0 0.95078125 0.1359375 0.084375 0.078125
0 0.80625 0.0734375 0.071875 0.08125
0 0.71796875 0.0765625 0.0875 0.0609375
0 0.58984375 0.15078125 0.071875 0.08125
0 0.5140625 0.12734375 0.0671875 0.078125
0 0.09609375 0.07109375 0.0765625 0.053125
0 0.43359375 0.0484375 0.08125 0.065625
0 0.7453125 0.665625 0.084375 0.046875
0 0.86171875 0.66875 0.0890625 0.05625
0 0.7359375 0.82421875 0.09375 0.0640625
0 0.44921875 0.77421875 0.0796875 0.059375
0 0.525 0.8390625 0.075 0.05625
0 0.45390625 0.84765625 0.0703125 0.053125
0 0.23046875 0.88359375 0.071875 0.0578125
0 0.15078125 0.9171875 0.078125 0.0625
0 0.29765625 0.9203125 0.059375 0.0625
0 0.39609375 0.93046875 0.08125 0.0625
0 0.47421875 0.96953125 0.078125 0.0546875
0 0.63359375 0.94375 0.0796875 0.065625
0 0.84609375 0.8921875 0.08125 0.053125
0 0.92109375 0.7859375 0.075 0.0609375
0 0.1828125 0.02734375 0.0921875 0.053125