0 0.04765625 0.078125 0.0671875 0.115625
0 0.3078125 0.19296875 0.1015625 0.12421875
0 0.175 0.1875 0.08359375 0.12890625
0 0.0921875 0.1875 0.05 0.11953125
0 0.05 0.18125 0.04140625 0.115625
0 0.0125 0.18515625 0.025 0.12109375
0 0.553125 0.16953125 0.096875 0.11328125
0 0.63125 0.06328125 0.0625 0.09296875
0 0.6703125 0.0484375 0.07421875 0.08046875
0 0.646875 0.13515625 0.06328125 0.1125
0 0.6890625 0.13828125 0.05859375 0.1125
0 0.8171875 0.1390625 0.05078125 0.121875
0 0.84609375 0.1296875 0.05234375 0.10859375
0 0.884375 0.1390625 0.06171875 0.1015625
0 0.934375 0.14765625 0.05703125 0.065625
0 0.496875 0.31171875 0.07421875 0.11953125
0 0.25390625 0.309375 0.08359375 0.12734375
0 0.64609375 0.3046875 0.09140625 0.1234375
0 0.96328125 0.29140625 0.0734375 0.1078125
0 0.846875 0.43203125 0.08046875 0.12734375
0 0.6109375 0.4296875 0.0890625 0.13203125
0 0.50703125 0.44140625 0.09453125 0.13125
0 0.18515625 0.40234375 0.0765625 0.125
0 0.103125 0.3875 0.08671875 0.125
0 0.20859375 0.5265625 0.05703125 0.1078125
0 0.2328125 0.56875 0.08203125 0.115625
0 0.32265625 0.63046875 0.07578125 0.125
0 0.33828125 0.54296875 0.10859375 0.0796875
0 0.3828125 0.59765625 0.08828125 0.12578125
0 0.35546875 0.83203125 0.0921875 0.13203125
0 0.24609375 0.82734375 0.08515625 0.13828125
0 0.16953125 0.81328125 0.08515625 0.1265625
0 0.0921875 0.84140625 0.08203125 0.121875
0 0.1421875 0.921875 0.1078125 0.1296875
0 0.578125 0.68203125 0.07421875 0.12109375
0 0.365625 0.48984375 0.0765625 0.109375
0 0.40546875 0.4859375 0.06796875 0.071875
0 0.61015625 0.6359375 0.08671875 0.11875
0 0.7859375 0.659375 0.06796875 0.12421875
0 0.8390625 0.6546875 0.0828125 0.125
0 0.871875 0.6109375 0.121875 0.08359375
0 0.8578125 0.8796875 0.08671875 0.12421875
0 0.92265625 0.88203125 0.09296875 0.109375
0 0.71875 0.77578125 0.08515625 0.1328125
0 0.78203125 0.76640625 0.0859375 0.109375