0 0.2171875 0.56640625 0.15078125 0.77734375
0 0.45625 0.440625 0.10390625 0.5390625
0 0.32265625 0.4109375 0.1359375 0.5734375
0 0.67734375 0.3046875 0.08203125 0.3640625
0 0.5515625 0.34140625 0.071875 0.38046875
0 0.6046875 0.33203125 0.08515625 0.3828125
0 0.16640625 0.32421875 0.09765625 0.3703125
0 0.3953125 0.28046875 0.05078125 0.24921875
0 0.87578125 0.3359375 0.0625 0.2859375
0 0.91796875 0.30390625 0.06640625 0.28671875
0 0.9734375 0.31484375 0.053125 0.3265625
0 0.784375 0.30078125 0.06171875 0.2671875
0 0.725 0.31640625 0.06171875 0.23671875