0 0.2390625 0.08984375 0.05 0.09375
0 0.28125 0.08359375 0.075 0.109375
0 0.50234375 0.11484375 0.0671875 0.1296875
0 0.5578125 0.07265625 0.096875 0.1234375
0 0.27265625 0.315625 0.08125 0.13125
0 0.04375 0.575 0.084375 0.1234375
0 0.21328125 0.671875 0.0625 0.10625
0 0.24296875 0.84765625 0.090625 0.146875
0 0.45546875 0.9515625 0.071875 0.096875
0 0.47265625 0.646875 0.071875 0.1375
0 0.27890625 0.53671875 0.090625 0.1
0 0.340625 0.55859375 0.0875 0.121875
0 0.540625 0.37265625 0.0828125 0.1375
0 0.4 0.4390625 0.0625 0.115625
0 0.3203125 0.4046875 0.0625 0.125
0 0.3578125 0.3609375 0.0640625 0.1125
0 0.3796875 0.8109375 0.0625 0.08125
0 0.41640625 0.80546875 0.0609375 0.121875