0 0.30703125 0.73203125 0.0609375 0.19375
0 0.49296875 0.78046875 0.07109375 0.30234375
0 0.46875 0.7421875 0.06640625 0.325
0 0.66640625 0.78359375 0.04765625 0.3046875
0 0.7015625 0.7671875 0.0765625 0.3453125
0 0.57265625 0.6609375 0.0203125 0.0671875
0 0.59375 0.6640625 0.02734375 0.05703125
0 0.615625 0.678125 0.02734375 0.0734375
0 0.825 0.77734375 0.08203125 0.3046875
0 0.846875 0.73828125 0.03515625 0.20625
0 0.88984375 0.73046875 0.034375 0.18203125
0 0.928125 0.72890625 0.03984375 0.15546875
0 0.9671875 0.725 0.053125 0.19609375
0 0.7828125 0.72421875 0.0296875 0.1734375