0 0.190625 0.35546875 0.12421875 0.25625
0 0.3015625 0.140625 0.090625 0.21484375
0 0.38046875 0.140625 0.11484375 0.21171875
0 0.3125 0.62734375 0.15 0.2703125
0 0.16484375 0.86328125 0.16875 0.27265625
0 0.4453125 0.45078125 0.10234375 0.21328125
0 0.5171875 0.31953125 0.0734375 0.2328125
0 0.58203125 0.36484375 0.1109375 0.19609375
0 0.7390625 0.6546875 0.09765625 0.22265625
0 0.840625 0.48671875 0.0875 0.19765625
0 0.94765625 0.61171875 0.1046875 0.2859375
0 0.84765625 0.67421875 0.10390625 0.25078125