0 0.090625 0.84453125 0.15625 0.3109375
0 0.27890625 0.7171875 0.11484375 0.52734375
0 0.13828125 0.5484375 0.1421875 0.253125
0 0.665625 0.63046875 0.12734375 0.434375
0 0.853125 0.74921875 0.15 0.5015625
0 0.95625 0.7359375 0.0875 0.521875
0 0.94140625 0.31328125 0.07265625 0.2921875
0 0.8453125 0.26328125 0.0890625 0.19609375
0 0.7625 0.31953125 0.0953125 0.14453125
0 0.73828125 0.4375 0.0953125 0.1921875
0 0.4953125 0.6125 0.10078125 0.5109375
0 0.37421875 0.58203125 0.1140625 0.5203125
0 0.31328125 0.38828125 0.08515625 0.16328125
0 0.42890625 0.28203125 0.06484375 0.18984375
0 0.54375 0.32421875 0.0765625 0.21328125
0 0.6265625 0.3 0.07578125 0.25078125
0 0.70234375 0.2625 0.08046875 0.15625
0 0.32109375 0.3125 0.09609375 0.14296875