0 0.05078125 0.22890625 0.02890625 0.06953125
0 0.2234375 0.11640625 0.03359375 0.0625
0 0.41015625 0.11328125 0.025 0.06640625
0 0.37421875 0.33046875 0.0234375 0.0765625
0 0.53125 0.29921875 0.0234375 0.0765625
0 0.1953125 0.32109375 0.0265625 0.0828125
0 0.2375 0.44375 0.0234375 0.06875
0 0.12109375 0.51015625 0.02109375 0.075
0 0.14140625 0.53671875 0.02109375 0.059375
0 0.225 0.521875 0.0265625 0.0734375
0 0.3296875 0.575 0.02421875 0.075
0 0.2078125 0.6734375 0.0296875 0.07265625
0 0.2734375 0.6546875 0.0265625 0.07265625
0 0.24453125 0.74609375 0.021875 0.059375
0 0.2640625 0.740625 0.02109375 0.06796875
0 0.31640625 0.76171875 0.0265625 0.08046875
0 0.26015625 0.81640625 0.02734375 0.0625
0 0.23203125 0.83203125 0.0265625 0.06953125
0 0.17578125 0.84140625 0.0234375 0.07265625
0 0.21171875 0.8859375 0.02734375 0.06640625
0 0.32265625 0.93515625 0.0234375 0.06640625
0 0.37421875 0.71484375 0.02265625 0.0734375
0 0.78046875 0.128125 0.02734375 0.07890625
0 0.78046875 0.296875 0.02734375 0.08125
0 0.81328125 0.39140625 0.0203125 0.06953125
0 0.834375 0.4140625 0.0234375 0.0640625
0 0.61875 0.60078125 0.01875 0.06484375
0 0.74609375 0.609375 0.02265625 0.075