0 0.03828125 0.64765625 0.0765625 0.54609375
0 0.14765625 0.62734375 0.12578125 0.41328125
0 0.23046875 0.65703125 0.15 0.27109375
0 0.50234375 0.73046875 0.20546875 0.4671875
0 0.6328125 0.6265625 0.1625 0.3703125
0 0.38671875 0.5 0.153125 0.32734375
0 0.25546875 0.3953125 0.13125 0.23984375
0 0.1078125 0.31171875 0.08671875 0.14765625
0 0.9265625 0.77109375 0.146875 0.40703125
0 0.778125 0.590625 0.10703125 0.540625
0 0.92578125 0.4390625 0.1234375 0.23984375
0 0.67734375 0.35390625 0.08359375 0.175
0 0.5453125 0.396875 0.125 0.1828125
0 0.4796875 0.3609375 0.075 0.259375
0 0.59375 0.3328125 0.08515625 0.2125