0 0.26171875 0.75546875 0.496875 0.1921875
0 0.4046875 0.94609375 0.265625 0.1078125
0 0.31796875 0.6609375 0.6171875 0.1984375
0 0.390625 0.50546875 0.284375 0.109375
0 0.53125 0.58125 0.1734375 0.071875
0 0.56796875 0.51953125 0.0671875 0.065625
0 0.56015625 0.4765625 0.05625 0.034375
0 0.5703125 0.4484375 0.05 0.034375
0 0.47421875 0.39453125 0.21875 0.075
0 0.3859375 0.2890625 0.521875 0.134375
0 0.4484375 0.19765625 0.4453125 0.090625
0 0.5765625 0.334375 0.0796875 0.0375
0 0.6046875 0.40625 0.05 0.0375
0 0.628125 0.0640625 0.08125 0.05625
0 0.5984375 0.03125 0.0921875 0.053125