0 0.203125 0.68515625 0.04375 0.0484375
0 0.21484375 0.71640625 0.0375 0.05
0 0.30546875 0.853125 0.0375 0.05625
0 0.25390625 0.8703125 0.0375 0.05
0 0.27265625 0.87421875 0.03125 0.0375
0 0.28125 0.9015625 0.034375 0.040625
0 0.30078125 0.9265625 0.03125 0.04375
0 0.359375 0.94765625 0.04375 0.0578125
0 0.4921875 0.9375 0.046875 0.04375
0 0.490625 0.97890625 0.0390625 0.040625
0 0.7015625 0.94921875 0.046875 0.0484375
0 0.71328125 0.98203125 0.04375 0.0359375
0 0.96328125 0.92578125 0.0453125 0.04375
0 0.94296875 0.828125 0.0515625 0.05
0 0.97109375 0.7828125 0.0453125 0.053125
0 0.9109375 0.12109375 0.040625 0.0640625
0 0.63828125 0.2078125 0.05 0.0609375
0 0.56171875 0.396875 0.0421875 0.0625
0 0.4921875 0.41484375 0.034375 0.053125
0 0.53671875 0.15859375 0.03125 0.05625
0 0.43671875 0.02265625 0.0390625 0.0453125
0 0.42578125 0.053125 0.034375 0.05
0 0.24296875 0.0375 0.034375 0.046875
0 0.2203125 0.04140625 0.03125 0.046875
0 0.640625 0.2765625 0.040625 0.046875