0 0.4671875 0.5421875 0.725 0.13125
0 0.4328125 0.6859375 0.765625 0.171875
0 0.4171875 0.28984375 0.8140625 0.146875
0 0.390625 0.1765625 0.675 0.1265625
0 0.52109375 0.159375 0.7484375 0.146875
0 0.6703125 0.9171875 0.5171875 0.1046875
0 0.76875 0.825 0.4625 0.0890625
0 0.66328125 0.46640625 0.4875 0.096875
0 0.78828125 0.6296875 0.31875 0.08125
0 0.84921875 0.54140625 0.3015625 0.0828125
0 0.75546875 0.43984375 0.428125 0.06875
0 0.8984375 0.7203125 0.203125 0.0875
0 0.54609375 0.96640625 0.6203125 0.0671875