0 0.8265625 0.61953125 0.05625 0.3375
0 0.73125 0.63359375 0.0515625 0.284375
0 0.678125 0.61875 0.0453125 0.3203125
0 0.6484375 0.60859375 0.04375 0.234375
0 0.59375 0.615625 0.040625 0.221875
0 0.5078125 0.6171875 0.046875 0.3203125
0 0.6140625 0.628125 0.025 0.140625
0 0.5453125 0.59140625 0.015625 0.1265625
0 0.43046875 0.61171875 0.0296875 0.171875
0 0.38828125 0.61484375 0.028125 0.175
0 0.45234375 0.5921875 0.0171875 0.125
0 0.475 0.590625 0.0203125 0.1296875
0 0.4140625 0.58984375 0.0125 0.1
0 0.36328125 0.58984375 0.0109375 0.0625
0 0.3484375 0.5875 0.0109375 0.0625
0 0.234375 0.5703125 0.015625 0.053125
0 0.20078125 0.5890625 0.0125 0.0875
0 0.0734375 0.61171875 0.0203125 0.103125
0 0.0515625 0.61640625 0.01875 0.096875
0 0.0375 0.59921875 0.021875 0.125
0 0.2796875 0.58125 0.0140625 0.0625
0 0.95390625 0.56875 0.0375 0.0796875
0 0.93125 0.590625 0.0421875 0.0625
0 0.8953125 0.59609375 0.03125 0.075
0 0.9109375 0.57109375 0.01875 0.06875
0 0.86171875 0.5734375 0.021875 0.16875
0 0.7890625 0.59609375 0.021875 0.0875
0 0.80390625 0.58203125 0.009375 0.0625
0 0.771875 0.5828125 0.01875 0.0859375