0 0.73984375 0.0828125 0.121875 0.071875
0 0.7640625 0.43984375 0.10625 0.06875
0 0.58203125 0.628125 0.0875 0.05625
0 0.5640625 0.67734375 0.071875 0.065625
0 0.5078125 0.521875 0.1 0.046875
0 0.5265625 0.396875 0.090625 0.05625
0 0.4640625 0.18046875 0.109375 0.05625
0 0.30390625 0.33125 0.109375 0.0546875
0 0.11875 0.12890625 0.1125 0.04375
0 0.26875 0.16640625 0.0875 0.040625
0 0.3234375 0.26015625 0.08125 0.0421875
0 0.36328125 0.240625 0.084375 0.040625
0 0.29140625 0.44375 0.0859375 0.03125
0 0.2671875 0.4671875 0.08125 0.0375
0 0.2875 0.5421875 0.0734375 0.034375
0 0.309375 0.6109375 0.08125 0.034375
0 0.33515625 0.5828125 0.090625 0.0375
0 0.37890625 0.53359375 0.0890625 0.0296875
0 0.40859375 0.56953125 0.09375 0.0328125
0 0.04609375 0.63203125 0.0859375 0.03125
0 0.05234375 0.83984375 0.103125 0.04375
0 0.09765625 0.940625 0.10625 0.04375
0 0.40390625 0.91953125 0.0921875 0.0328125
0 0.4546875 0.94375 0.078125 0.04375
0 0.33046875 0.12265625 0.13125 0.05
0 0.29140625 0.12734375 0.0875 0.046875
0 0.3578125 0.8875 0.078125 0.03125
0 0.30546875 0.890625 0.08125 0.04375