0 0.27890625 0.9625 0.25625 0.065625
0 0.3140625 0.89609375 0.246875 0.0640625
0 0.26875 0.83828125 0.246875 0.084375
0 0.26015625 0.75078125 0.259375 0.078125
0 0.25703125 0.64609375 0.296875 0.075
0 0.2796875 0.496875 0.2703125 0.096875
0 0.19453125 0.409375 0.228125 0.1375
0 0.22890625 0.2671875 0.31875 0.1390625
0 0.3078125 0.1421875 0.24375 0.053125
0 0.33984375 0.0484375 0.1875 0.0390625
0 0.35625 0.7046875 0.14375 0.0546875
0 0.2375 0.59140625 0.321875 0.075
0 0.33046875 0.346875 0.215625 0.0796875