0 0.68515625 0.2953125 0.140625 0.5453125
0 0.10546875 0.40390625 0.178125 0.5203125
0 0.27734375 0.496875 0.0875 0.3515625
0 0.38125 0.49375 0.0875 0.3625
0 0.49609375 0.434375 0.1046875 0.4140625
0 0.5703125 0.51953125 0.06875 0.334375
0 0.78359375 0.62109375 0.059375 0.1640625
0 0.85703125 0.5359375 0.078125 0.3
0 0.6984375 0.584375 0.065625 0.19375
0 0.62265625 0.55546875 0.0609375 0.246875
0 0.25 0.553125 0.0625 0.325
0 0.903125 0.61640625 0.0375 0.1703125
0 0.43671875 0.5203125 0.0640625 0.325