0 0.36015625 0.346875 0.059375 0.0875
0 0.28359375 0.5828125 0.065625 0.0921875
0 0.4171875 0.884375 0.04375 0.078125
0 0.77734375 0.9046875 0.0609375 0.06875
0 0.80546875 0.7265625 0.046875 0.103125
0 0.8453125 0.5859375 0.053125 0.084375
0 0.8703125 0.19765625 0.0546875 0.071875
0 0.83984375 0.13984375 0.04375 0.0625
0 0.89765625 0.05625 0.046875 0.065625
0 0.8953125 0.44609375 0.0390625 0.0703125
0 0.8609375 0.45390625 0.028125 0.065625
0 0.8390625 0.4328125 0.034375 0.0515625
0 0.98359375 0.45078125 0.03125 0.065625
0 0.18125 0.79296875 0.059375 0.075
0 0.19453125 0.91640625 0.05 0.0875
0 0.028125 0.7890625 0.05625 0.0875
0 0.07734375 0.2203125 0.04375 0.0796875
0 0.1296875 0.321875 0.046875 0.071875
0 0.14921875 0.36796875 0.05625 0.065625
0 0.23515625 0.10859375 0.0484375 0.06875
0 0.30859375 0.025 0.0484375 0.05
0 0.14375 0.1140625 0.040625 0.05625
0 0.12109375 0.06640625 0.04375 0.06875
0 0.053125 0.04765625 0.040625 0.059375
0 0.846875 0.32890625 0.05 0.0640625
0 0.146875 0.653125 0.078125 0.084375
0 0.13828125 0.696875 0.046875 0.0953125