0 0.16484375 0.85390625 0.046875 0.0625
0 0.05859375 0.90546875 0.05 0.065625
0 0.1703125 0.6515625 0.053125 0.046875
0 0.09921875 0.8953125 0.053125 0.0484375
0 0.1171875 0.83046875 0.046875 0.053125
0 0.084375 0.83359375 0.046875 0.05625
0 0.18359375 0.74921875 0.046875 0.04375
0 0.16796875 0.7796875 0.0375 0.03125
0 0.2078125 0.7671875 0.0421875 0.0375
0 0.2203125 0.884375 0.046875 0.05625
0 0.25234375 0.86875 0.04375 0.0359375
0 0.25546875 0.8359375 0.03125 0.040625
0 0.2734375 0.83203125 0.0375 0.0390625
0 0.43125 0.61171875 0.0328125 0.034375
0 0.46328125 0.6171875 0.034375 0.0375
0 0.43984375 0.66328125 0.034375 0.040625
0 0.4703125 0.66875 0.040625 0.034375
0 0.3875 0.70859375 0.040625 0.0359375
0 0.41328125 0.71796875 0.0375 0.0390625
0 0.3328125 0.7109375 0.04375 0.0375
0 0.27578125 0.728125 0.03125 0.0375
0 0.29921875 0.7171875 0.03125 0.034375
0 0.34921875 0.5671875 0.034375 0.025
0 0.371875 0.55703125 0.0375 0.028125
0 0.41875 0.571875 0.0375 0.034375
0 0.465625 0.5671875 0.046875 0.0328125
0 0.43984375 0.5171875 0.03125 0.0359375
0 0.41015625 0.51875 0.0375 0.034375
0 0.37109375 0.503125 0.040625 0.0328125
0 0.3328125 0.34609375 0.040625 0.03125
0 0.3703125 0.34296875 0.040625 0.0296875
0 0.38125 0.23359375 0.04375 0.0375
0 0.3234375 0.20234375 0.034375 0.0375
0 0.3546875 0.20078125 0.04375 0.0359375
0 0.26640625 0.0578125 0.040625 0.0515625
0 0.30546875 0.13515625 0.0375 0.0546875
0 0.33203125 0.125 0.0375 0.04375
0 0.34609375 0.046875 0.0453125 0.0453125
0 0.41953125 0.11328125 0.0390625 0.046875
0 0.43515625 0.15546875 0.028125 0.04375
0 0.47578125 0.15703125 0.034375 0.04375
0 0.4640625 0.2328125 0.03125 0.028125
0 0.4734375 0.2109375 0.034375 0.0359375
0 0.50703125 0.18125 0.03125 0.0359375
0 0.53828125 0.1859375 0.0375 0.04375
0 0.52265625 0.14921875 0.0375 0.028125
0 0.54453125 0.1171875 0.040625 0.040625
0 0.40546875 0.06015625 0.0375 0.040625
0 0.38671875 0.0375 0.0390625 0.04375
0 0.45078125 0.09375 0.0375 0.0484375
0 0.48671875 0.09765625 0.034375 0.053125
0 0.48203125 0.059375 0.034375 0.04375
0 0.57578125 0.08828125 0.040625 0.046875
0 0.603125 0.0421875 0.0390625 0.0625
0 0.60390625 0.1546875 0.046875 0.04375
0 0.6484375 0.13203125 0.0390625 0.0375
0 0.65859375 0.15625 0.034375 0.05
0 0.696875 0.16328125 0.046875 0.04375
0 0.684375 0.1125 0.040625 0.0515625
0 0.55 0.24375 0.040625 0.0390625
0 0.5203125 0.253125 0.034375 0.040625
0 0.4875 0.33203125 0.046875 0.0421875
0 0.52421875 0.3078125 0.0390625 0.034375
0 0.5546875 0.2953125 0.04375 0.0421875
0 0.46875 0.3828125 0.04375 0.0375
0 0.4796875 0.4640625 0.0375 0.0375
0 0.51171875 0.45859375 0.0390625 0.0375
0 0.54453125 0.46953125 0.046875 0.028125
0 0.51484375 0.42109375 0.040625 0.028125
0 0.53984375 0.4375 0.0375 0.0265625
0 0.57109375 0.428125 0.0421875 0.03125
0 0.5234375 0.37421875 0.040625 0.028125
0 0.55078125 0.38671875 0.040625 0.03125
0 0.57578125 0.39375 0.0328125 0.025
0 0.58671875 0.371875 0.040625 0.025
0 0.67578125 0.42421875 0.04375 0.0296875
0 0.71171875 0.43046875 0.040625 0.03125
0 0.66328125 0.23203125 0.040625 0.0359375
0 0.725 0.11328125 0.034375 0.0625
0 0.74765625 0.04375 0.0375 0.0484375
0 0.7703125 0.0734375 0.0375 0.046875
0 0.8 0.06015625 0.0328125 0.04375
0 0.840625 0.0375 0.0375 0.040625
0 0.82578125 0.0765625 0.040625 0.046875
0 0.85703125 0.06953125 0.034375 0.046875
0 0.76484375 0.1046875 0.04375 0.04375
0 0.7578125 0.19453125 0.040625 0.04375
0 0.94140625 0.2078125 0.059375 0.046875
0 0.77265625 0.3171875 0.0421875 0.03125
0 0.80703125 0.3 0.0484375 0.0375
0 0.7328125 0.3625 0.046875 0.034375
0 0.9015625 0.3234375 0.05625 0.0375
0 0.8421875 0.396875 0.04375 0.0296875
0 0.88203125 0.39375 0.053125 0.0390625
0 0.76640625 0.546875 0.046875 0.034375
0 0.67265625 0.53515625 0.04375 0.03125
0 0.690625 0.5609375 0.046875 0.03125
0 0.6546875 0.57734375 0.0390625 0.03125
0 0.5890625 0.6296875 0.0421875 0.03125
0 0.61015625 0.59609375 0.0328125 0.025
0 0.6359375 0.603125 0.040625 0.03125
0 0.65546875 0.6734375 0.0421875 0.034375
0 0.53359375 0.67734375 0.04375 0.0375
0 0.58671875 0.67578125 0.034375 0.0375
0 0.61171875 0.70859375 0.040625 0.0421875
0 0.64375 0.7109375 0.0375 0.040625
0 0.69375 0.71328125 0.0453125 0.03125
0 0.70546875 0.63203125 0.0390625 0.0375
0 0.70234375 0.81015625 0.03125 0.021875
0 0.71640625 0.784375 0.0421875 0.0515625
0 0.55625 0.72890625 0.0375 0.028125
0 0.54296875 0.70078125 0.034375 0.03125
0 0.86171875 0.80703125 0.04375 0.0484375
0 0.8171875 0.7953125 0.040625 0.0359375
0 0.903125 0.77421875 0.05625 0.053125
0 0.7984375 0.60390625 0.0296875 0.028125
0 0.35625 0.28046875 0.046875 0.046875
0 0.29140625 0.28515625 0.040625 0.0390625
0 0.32421875 0.290625 0.040625 0.0328125
0 0.18828125 0.196875 0.05625 0.040625