0 0.959375 0.95 0.0625 0.0515625
0 0.921875 0.88046875 0.078125 0.0421875
0 0.9078125 0.83828125 0.1046875 0.040625
0 0.88359375 0.7984375 0.071875 0.034375
0 0.90703125 0.76875 0.08125 0.040625
0 0.73203125 0.553125 0.0625 0.040625
0 0.70078125 0.596875 0.0765625 0.040625
0 0.68359375 0.5421875 0.0625 0.03125
0 0.63671875 0.5828125 0.059375 0.046875
0 0.58671875 0.528125 0.08125 0.0453125
0 0.62265625 0.48984375 0.053125 0.028125
0 0.66484375 0.509375 0.0625 0.028125
0 0.671875 0.471875 0.053125 0.03125
0 0.753125 0.41640625 0.0703125 0.0390625
0 0.81171875 0.41953125 0.065625 0.0375
0 0.78046875 0.6765625 0.0703125 0.04375
0 0.728125 0.66640625 0.0546875 0.046875
0 0.68828125 0.64765625 0.065625 0.053125
0 0.540625 0.6625 0.0625 0.0375
0 0.5578125 0.6328125 0.05625 0.046875
0 0.415625 0.60546875 0.05625 0.04375
0 0.425 0.56796875 0.0578125 0.040625
0 0.2921875 0.665625 0.065625 0.0375
0 0.28984375 0.64140625 0.0453125 0.028125
0 0.34375 0.5765625 0.05 0.03125
0 0.36953125 0.65859375 0.0578125 0.0375
0 0.58828125 0.45390625 0.05625 0.03125
0 0.6125 0.41953125 0.053125 0.0375
0 0.57734375 0.375 0.053125 0.0390625
0 0.7609375 0.26328125 0.0578125 0.0390625
0 0.8015625 0.26953125 0.05 0.034375
0 0.76953125 0.2890625 0.0578125 0.0375
0 0.78515625 0.315625 0.059375 0.034375
0 0.8359375 0.3234375 0.05 0.0375
0 0.8671875 0.2375 0.0625 0.04375
0 0.84921875 0.21953125 0.05 0.034375
0 0.5875 0.1046875 0.0390625 0.059375
0 0.61171875 0.090625 0.0375 0.059375
0 0.5421875 0.2015625 0.040625 0.0625
0 0.41875 0.1625 0.0515625 0.065625
0 0.4609375 0.13359375 0.05 0.065625
0 0.49921875 0.18125 0.04375 0.04375
0 0.48671875 0.0703125 0.04375 0.06875
0 0.32734375 0.4859375 0.075 0.040625
0 0.28984375 0.5203125 0.0625 0.0421875
0 0.321875 0.425 0.0625 0.0375
0 0.3765625 0.4296875 0.06875 0.0390625