0 0.425 0.465625 0.0328125 0.03515625
0 0.47578125 0.47265625 0.02109375 0.03984375
0 0.47890625 0.52578125 0.0203125 0.03671875
0 0.51953125 0.53515625 0.03046875 0.03046875
0 0.51640625 0.4484375 0.03515625 0.03828125
0 0.48125 0.375 0.02578125 0.03671875
0 0.296875 0.39375 0.02890625 0.03203125
0 0.40234375 0.34140625 0.03125 0.03359375
0 0.42109375 0.30859375 0.028125 0.03046875
0 0.34765625 0.29921875 0.02265625 0.04140625
0 0.3015625 0.34140625 0.03125 0.034375
0 0.23671875 0.40546875 0.03046875 0.03671875
0 0.16796875 0.4484375 0.021875 0.0390625
0 0.2015625 0.50859375 0.01484375 0.0296875
0 0.240625 0.58046875 0.02109375 0.034375
0 0.21171875 0.60859375 0.021875 0.02734375
0 0.25546875 0.69375 0.0203125 0.0265625
0 0.15859375 0.71875 0.021875 0.02734375
0 0.15390625 0.78046875 0.01875 0.02578125
0 0.15 0.87578125 0.01953125 0.0328125
0 0.2421875 0.81953125 0.0203125 0.02109375
0 0.33359375 0.76796875 0.02578125 0.0296875
0 0.39609375 0.8125 0.06015625 0.02734375
0 0.42265625 0.765625 0.03359375 0.02578125
0 0.39609375 0.70546875 0.02109375 0.053125
0 0.40546875 0.88125 0.0328125 0.02734375
0 0.36484375 0.9140625 0.02734375 0.03203125
0 0.3421875 0.96171875 0.03125 0.0375
0 0.46171875 0.95 0.03515625 0.03359375
0 0.34453125 0.5953125 0.0359375 0.0390625
0 0.371875 0.54296875 0.034375 0.03515625
0 0.346875 0.48671875 0.0296875 0.03984375
0 0.27890625 0.48359375 0.03125 0.03359375
0 0.484375 0.665625 0.0421875 0.03984375
0 0.47109375 0.6984375 0.028125 0.0296875
0 0.525 0.78046875 0.03203125 0.03515625
0 0.55390625 0.8328125 0.0296875 0.02578125
0 0.6203125 0.73203125 0.03515625 0.03828125
0 0.55546875 0.6078125 0.0265625 0.0203125
0 0.58671875 0.4671875 0.03828125 0.0421875
0 0.57421875 0.415625 0.03125 0.03046875
0 0.521875 0.31015625 0.02578125 0.034375
0 0.53671875 0.27734375 0.03203125 0.03828125
0 0.5796875 0.28984375 0.0171875 0.02734375
0 0.5796875 0.315625 0.01875 0.025
0 0.646875 0.3234375 0.03203125 0.03671875
0 0.65 0.2703125 0.0234375 0.03671875
0 0.703125 0.32890625 0.03828125 0.0359375
0 0.68671875 0.428125 0.04609375 0.03125
0 0.69296875 0.49609375 0.03125 0.03828125
0 0.64921875 0.51328125 0.0359375 0.03515625
0 0.74296875 0.48671875 0.0328125 0.03359375
0 0.74765625 0.57578125 0.034375 0.0328125
0 0.78125 0.3109375 0.0296875 0.03125
0 0.80234375 0.41796875 0.0453125 0.0296875
0 0.8453125 0.46796875 0.03828125 0.025
0 0.84375 0.34921875 0.03046875 0.03125
0 0.8296875 0.2640625 0.03984375 0.034375
0 0.88828125 0.328125 0.0375 0.0390625
0 0.89296875 0.2125 0.0296875 0.04140625
0 0.96015625 0.20703125 0.0234375 0.04921875
0 0.97734375 0.2390625 0.021875 0.04296875
0 0.96171875 0.3484375 0.0265625 0.03828125
0 0.92734375 0.409375 0.0296875 0.034375
0 0.921875 0.52578125 0.02890625 0.04296875
0 0.9171875 0.60234375 0.028125 0.046875
0 0.921875 0.75078125 0.03125 0.03359375
0 0.81640625 0.75859375 0.0375 0.03046875
0 0.7375 0.85 0.03125 0.03125
0 0.92109375 0.83203125 0.03046875 0.03671875
0 0.94921875 0.95625 0.0390625 0.0421875
0 0.19296875 0.2921875 0.034375 0.04296875
0 0.1765625 0.32421875 0.028125 0.040625
0 0.18984375 0.23203125 0.034375 0.04765625
0 0.14140625 0.23828125 0.028125 0.04296875
0 0.19140625 0.1578125 0.0265625 0.04375
0 0.171875 0.15 0.02734375 0.04921875
0 0.08359375 0.3015625 0.028125 0.04609375
0 0.06640625 0.38984375 0.025 0.03828125
0 0.025 0.384375 0.03125 0.0421875
0 0.021875 0.45703125 0.02734375 0.0421875
0 0.09765625 0.5375 0.0265625 0.0453125
0 0.0140625 0.58359375 0.0203125 0.040625
0 0.0484375 0.77578125 0.028125 0.03828125
0 0.03671875 0.925 0.02578125 0.0390625
0 0.0578125 0.72578125 0.0328125 0.028125
0 0.08515625 0.66171875 0.0359375 0.040625
0 0.10546875 0.83828125 0.03125 0.04140625
0 0.13046875 0.48984375 0.034375 0.03125
0 0.1359375 0.53203125 0.03125 0.03359375
0 0.04140625 0.2109375 0.028125 0.0390625
0 0.0828125 0.25078125 0.015625 0.034375
0 0.0921875 0.2109375 0.0359375 0.0296875
0 0.07578125 0.1671875 0.02578125 0.0328125
0 0.053125 0.1078125 0.03125 0.0328125