0 0.13046875 0.82109375 0.0421875 0.04375
0 0.20546875 0.73046875 0.040625 0.0359375
0 0.1265625 0.4546875 0.0625 0.05
0 0.14765625 0.909375 0.04375 0.05
0 0.14453125 0.971875 0.046875 0.0359375
0 0.26015625 0.834375 0.03125 0.0328125
0 0.2046875 0.84609375 0.034375 0.03125
0 0.2171875 0.9 0.034375 0.0453125
0 0.26015625 0.88828125 0.0328125 0.028125
0 0.21484375 0.8703125 0.0265625 0.0375
0 0.23203125 0.86875 0.025 0.034375
0 0.215625 0.9015625 0.028125 0.0375
0 0.26171875 0.7078125 0.0171875 0.01875
0 0.24609375 0.6984375 0.0328125 0.0296875
0 0.24921875 0.678125 0.028125 0.0421875
0 0.265625 0.68515625 0.0296875 0.0328125
0 0.3234375 0.78203125 0.0421875 0.053125
0 0.29296875 0.8265625 0.04375 0.05
0 0.240625 0.4296875 0.046875 0.025
0 0.2484375 0.40078125 0.0375 0.046875
0 0.165625 0.38203125 0.05 0.040625
0 0.17734375 0.32890625 0.0421875 0.053125
0 0.3140625 0.5109375 0.0390625 0.034375
0 0.31015625 0.490625 0.040625 0.0375
0 0.296875 0.4265625 0.04375 0.0375
0 0.2875 0.4046875 0.0359375 0.04375
0 0.25234375 0.2734375 0.025 0.0375
0 0.23515625 0.25859375 0.0328125 0.0546875
0 0.153125 0.20625 0.046875 0.0375
0 0.15390625 0.3 0.0421875 0.05625
0 0.25859375 0.09765625 0.0390625 0.03125
0 0.2703125 0.11640625 0.034375 0.034375
0 0.28984375 0.28828125 0.0453125 0.040625
0 0.30390625 0.06640625 0.04375 0.0359375
0 0.30625 0.02734375 0.05 0.028125
0 0.3421875 0.23828125 0.0421875 0.03125
0 0.33359375 0.18828125 0.0421875 0.0375
0 0.39140625 0.346875 0.040625 0.0421875
0 0.38046875 0.30546875 0.04375 0.0296875
0 0.4046875 0.27890625 0.034375 0.03125
0 0.421875 0.24921875 0.028125 0.053125
0 0.40390625 0.22734375 0.0234375 0.0296875
0 0.39453125 0.23359375 0.028125 0.0375
0 0.39375 0.259375 0.0296875 0.0234375
0 0.37421875 0.209375 0.028125 0.03125
0 0.36796875 0.24453125 0.0296875 0.0296875
0 0.39296875 0.134375 0.0390625 0.034375
0 0.38046875 0.1578125 0.04375 0.03125
0 0.3453125 0.128125 0.0375 0.01875
0 0.34140625 0.1125 0.04375 0.04375
0 0.334375 0.09453125 0.0359375 0.04375
0 0.3828125 0.08359375 0.028125 0.034375
0 0.36328125 0.07578125 0.0265625 0.04375
0 0.35546875 0.684375 0.0375 0.025
0 0.365625 0.721875 0.034375 0.03125
0 0.3625 0.63203125 0.034375 0.040625
0 0.390625 0.640625 0.021875 0.0265625
0 0.39609375 0.625 0.034375 0.040625
0 0.40390625 0.70078125 0.025 0.025
0 0.39140625 0.715625 0.03125 0.025
0 0.44296875 0.8609375 0.028125 0.028125
0 0.46796875 0.9 0.034375 0.028125
0 0.4625 0.9265625 0.0296875 0.025
0 0.4453125 0.69375 0.01875 0.0375
0 0.42421875 0.7015625 0.0296875 0.04375
0 0.4453125 0.6015625 0.04375 0.034375
0 0.459375 0.56484375 0.046875 0.0359375
0 0.4765625 0.54296875 0.040625 0.03125
0 0.4671875 0.48359375 0.053125 0.0359375
0 0.4671875 0.51328125 0.0375 0.0296875
0 0.46484375 0.52578125 0.046875 0.025