0 0.15546875 0.090625 0.3109375 0.15625
0 0.2828125 0.27890625 0.528125 0.115625
0 0.4515625 0.13828125 0.253125 0.1421875
0 0.36953125 0.665625 0.434375 0.128125
0 0.25078125 0.853125 0.5015625 0.15
0 0.2640625 0.95625 0.521875 0.0875
0 0.68671875 0.94140625 0.2921875 0.0734375
0 0.73671875 0.8453125 0.196875 0.0890625
0 0.68046875 0.7625 0.14375 0.0953125
0 0.5625 0.73828125 0.1921875 0.0953125
0 0.3875 0.4953125 0.5109375 0.1
0 0.41796875 0.37421875 0.5203125 0.1140625
0 0.61171875 0.31328125 0.1625 0.084375
0 0.71796875 0.42890625 0.190625 0.065625
0 0.67578125 0.54375 0.2125 0.0765625
0 0.7 0.6265625 0.25 0.075
0 0.7375 0.70234375 0.15625 0.08125
0 0.6875 0.32109375 0.14375 0.096875