0 0.7171875 0.0984375 0.0453125 0.0734375
0 0.6203125 0.109375 0.040625 0.059375
0 0.5984375 0.06484375 0.04375 0.059375
0 0.53046875 0.06953125 0.0375 0.05625
0 0.453125 0.096875 0.0375 0.078125
0 0.17734375 0.0375 0.040625 0.0734375
0 0.25078125 0.16171875 0.040625 0.05625
0 0.51484375 0.13359375 0.040625 0.06875
0 0.5609375 0.1515625 0.03125 0.053125
0 0.56640625 0.18984375 0.03125 0.046875
0 0.5359375 0.2109375 0.0375 0.05
0 0.52421875 0.1859375 0.0296875 0.046875
0 0.48984375 0.20859375 0.0328125 0.0578125
0 0.59921875 0.2234375 0.040625 0.05625
0 0.6 0.1859375 0.034375 0.053125
0 0.853125 0.1765625 0.059375 0.0703125
0 0.93203125 0.21640625 0.0546875 0.0484375
0 0.88828125 0.25625 0.053125 0.059375
0 0.92890625 0.2609375 0.0578125 0.053125
0 0.9 0.4484375 0.0671875 0.034375
0 0.834375 0.4328125 0.05625 0.0328125
0 0.83515625 0.46640625 0.0546875 0.040625
0 0.8234375 0.5125 0.046875 0.040625
0 0.84375 0.5671875 0.05 0.040625
0 0.89765625 0.484375 0.0625 0.04375
0 0.8203125 0.63828125 0.046875 0.05
0 0.875 0.71171875 0.053125 0.0453125
0 0.96015625 0.61875 0.05 0.0484375
0 0.91875 0.65859375 0.046875 0.04375
0 0.8734375 0.64453125 0.05 0.0421875
0 0.8734375 0.6046875 0.0625 0.05
0 0.91640625 0.621875 0.053125 0.046875
0 0.93671875 0.5171875 0.071875 0.040625
0 0.7109375 0.5 0.0390625 0.04375
0 0.69140625 0.525 0.046875 0.0546875
0 0.59296875 0.5078125 0.040625 0.0484375
0 0.5875 0.54375 0.0453125 0.0578125
0 0.66015625 0.559375 0.0375 0.04375
0 0.63828125 0.590625 0.040625 0.0515625
0 0.68359375 0.59765625 0.0453125 0.04375
0 0.6203125 0.62578125 0.046875 0.04375
0 0.74921875 0.38359375 0.05 0.04375
0 0.77890625 0.31484375 0.0375 0.0453125
0 0.75 0.3390625 0.046875 0.0453125
0 0.77578125 0.2328125 0.053125 0.05
0 0.73203125 0.225 0.0375 0.05625
0 0.68671875 0.23984375 0.040625 0.0515625
0 0.6859375 0.28125 0.03125 0.04375
0 0.728125 0.2921875 0.0453125 0.040625
0 0.5921875 0.29140625 0.03125 0.0484375
0 0.60390625 0.33515625 0.0359375 0.053125
0 0.6484375 0.32421875 0.0375 0.0578125
0 0.69375 0.3265625 0.04375 0.053125
0 0.540625 0.28203125 0.0359375 0.05625
0 0.5484375 0.32578125 0.040625 0.059375
0 0.571875 0.3734375 0.0375 0.059375
0 0.578125 0.43046875 0.0328125 0.05625
0 0.5453125 0.49296875 0.0296875 0.05
0 0.52734375 0.46484375 0.034375 0.05625
0 0.49140625 0.41640625 0.0421875 0.040625
0 0.48046875 0.3921875 0.03125 0.03125
0 0.49375 0.35546875 0.034375 0.046875
0 0.49453125 0.265625 0.034375 0.0671875
0 0.4265625 0.3140625 0.040625 0.05625
0 0.38828125 0.2765625 0.0390625 0.0578125
0 0.371875 0.1546875 0.0265625 0.0546875
0 0.35625 0.18359375 0.0328125 0.0609375
0 0.334375 0.27109375 0.0328125 0.04375
0 0.31328125 0.28828125 0.034375 0.05
0 0.32421875 0.328125 0.04375 0.05
0 0.32890625 0.36171875 0.04375 0.034375
0 0.25234375 0.3359375 0.040625 0.059375
0 0.1953125 0.31796875 0.0390625 0.053125
0 0.1765625 0.2671875 0.0484375 0.053125
0 0.215625 0.246875 0.046875 0.05
0 0.2109375 0.1875 0.040625 0.053125
0 0.1890625 0.41328125 0.0390625 0.05
0 0.1703125 0.4375 0.034375 0.05
0 0.1890625 0.465625 0.04375 0.053125
0 0.0765625 0.25546875 0.06875 0.0375
0 0.06171875 0.28671875 0.08125 0.040625
0 0.06875 0.31171875 0.04375 0.028125
0 0.06640625 0.34609375 0.065625 0.046875
0 0.0859375 0.40078125 0.065625 0.0453125
0 0.0828125 0.434375 0.065625 0.046875
0 0.115625 0.49453125 0.0625 0.0578125
0 0.0578125 0.47109375 0.0625 0.04375
0 0.0671875 0.50390625 0.0625 0.04375
0 0.08828125 0.54140625 0.065625 0.0375
0 0.0625 0.5640625 0.05625 0.040625
0 0.06015625 0.603125 0.0734375 0.046875
0 0.25859375 0.58125 0.040625 0.053125
0 0.321875 0.47421875 0.034375 0.053125
0 0.440625 0.46484375 0.0375 0.053125
0 0.43125 0.58359375 0.03125 0.05
0 0.425 0.6203125 0.034375 0.05
0 0.490625 0.50078125 0.03125 0.040625
0 0.4859375 0.53203125 0.03125 0.04375
0 0.46484375 0.55625 0.028125 0.04375
0 0.490625 0.58125 0.034375 0.05
0 0.51015625 0.5984375 0.0234375 0.0375
0 0.55859375 0.66015625 0.0390625 0.053125
0 0.609375 0.6640625 0.0359375 0.053125
0 0.603125 0.7734375 0.04375 0.0515625
0 0.690625 0.78203125 0.034375 0.0625
0 0.66015625 0.66171875 0.0375 0.0484375
0 0.534375 0.73046875 0.0015625 0.003125
0 0.4890625 0.67109375 0.0328125 0.05625
0 0.44921875 0.7046875 0.0359375 0.0640625
0 0.4265625 0.7625 0.034375 0.065625
0 0.403125 0.8203125 0.0484375 0.053125
0 0.40390625 0.77265625 0.03125 0.065625
0 0.16796875 0.84921875 0.05625 0.075
0 0.1734375 0.7984375 0.046875 0.059375
0 0.1578125 0.74375 0.046875 0.0625
0 0.08359375 0.746875 0.0546875 0.0640625
0 0.02734375 0.73203125 0.053125 0.078125