0 0.90625 0.25625 0.1875 0.203125
0 0.7921875 0.12890625 0.1828125 0.2015625
0 0.74609375 0.34609375 0.20625 0.203125
0 0.9125 0.540625 0.175 0.18125
0 0.928125 0.73671875 0.14375 0.1890625
0 0.78671875 0.69921875 0.1796875 0.2
0 0.596875 0.6734375 0.184375 0.21875
0 0.62421875 0.4640625 0.203125 0.15625
0 0.553125 0.3265625 0.1859375 0.25
0 0.528125 0.1265625 0.2078125 0.196875
0 0.328125 0.2140625 0.153125 0.1890625
0 0.146875 0.24375 0.165625 0.215625
0 0.45625 0.55234375 0.16875 0.196875
0 0.28203125 0.50546875 0.159375 0.221875
0 0.1109375 0.43359375 0.221875 0.1578125
0 0.10234375 0.5625 0.13125 0.1625
0 0.07421875 0.65625 0.1234375 0.171875
0 0.23203125 0.78984375 0.175 0.159375
0 0.37734375 0.71640625 0.246875 0.175
0 0.403125 0.87734375 0.18125 0.125
0 0.48046875 0.95546875 0.159375 0.0890625