0 0.83828125 0.27265625 0.0359375 0.09375
0 0.85390625 0.41171875 0.0625 0.046875
0 0.875 0.4921875 0.065625 0.0625
0 0.9546875 0.56640625 0.0609375 0.04375
0 0.921875 0.27734375 0.05 0.065625
0 0.86953125 0.03828125 0.040625 0.0546875
0 0.93046875 0.1875 0.05625 0.05
0 0.9703125 0.328125 0.053125 0.05625
0 0.975 0.46953125 0.046875 0.04375
0 0.9671875 0.81953125 0.05625 0.04375
0 0.9234375 0.90703125 0.05 0.04375
0 0.32265625 0.12578125 0.046875 0.05
0 0.325 0.2390625 0.0515625 0.04375
0 0.16171875 0.2578125 0.059375 0.040625
0 0.2015625 0.071875 0.065625 0.05
0 0.09765625 0.13828125 0.0609375 0.040625
0 0.16015625 0.01796875 0.0609375 0.034375
0 0.025 0.27578125 0.05 0.040625
0 0.05 0.3671875 0.053125 0.040625
0 0.15859375 0.4890625 0.0484375 0.040625
0 0.2203125 0.55078125 0.059375 0.040625
0 0.15078125 0.54921875 0.059375 0.04375
0 0.02421875 0.52734375 0.046875 0.0375
0 0.059375 0.60390625 0.06875 0.04375
0 0.07265625 0.71015625 0.065625 0.040625
0 0.1046875 0.77890625 0.059375 0.0375
0 0.0765625 0.8515625 0.059375 0.053125