0 0.05703125 0.52734375 0.1078125 0.3640625
0 0.1296875 0.48046875 0.1 0.3765625
0 0.084375 0.39609375 0.09453125 0.203125
0 0.24453125 0.475 0.09609375 0.35234375
0 0.30859375 0.5234375 0.09140625 0.44140625
0 0.37265625 0.50390625 0.090625 0.421875
0 0.409375 0.41171875 0.06328125 0.2171875
0 0.47109375 0.5078125 0.0703125 0.36484375
0 0.55 0.5015625 0.1 0.4953125
0 0.61953125 0.4734375 0.0890625 0.4796875
0 0.66015625 0.3296875 0.09375 0.2375
0 0.72890625 0.56015625 0.13984375 0.7640625
0 0.8203125 0.33984375 0.09375 0.2984375
0 0.93125 0.6 0.13515625 0.765625