0 0.815625 0.8265625 0.165625 0.05625
0 0.7328125 0.54765625 0.1625 0.0453125
0 0.6984375 0.42265625 0.1703125 0.040625
0 0.7921875 0.309375 0.1875 0.040625
0 0.54921875 0.2609375 0.2015625 0.0375
0 0.359375 0.41796875 0.18125 0.046875
0 0.4 0.3328125 0.2 0.034375
0 0.5390625 0.1140625 0.1625 0.05625
0 0.36640625 0.20078125 0.175 0.0375
0 0.21484375 0.3328125 0.1484375 0.0375
0 0.22109375 0.228125 0.15625 0.034375
0 0.0875 0.4515625 0.121875 0.034375
0 0.075 0.53671875 0.125 0.0375
0 0.1125 0.9046875 0.1515625 0.053125