0 0.65859375 0.62265625 0.209375 0.6375
0 0.4 0.5125 0.11875 0.4125
0 0.14296875 0.6375 0.1953125 0.725
0 0.51328125 0.51953125 0.078125 0.328125
0 0.58984375 0.48828125 0.046875 0.2859375
0 0.55859375 0.503125 0.04375 0.309375
0 0.45546875 0.4875 0.059375 0.3578125
0 0.39296875 0.525 0.090625 0.396875
0 0.31328125 0.47578125 0.040625 0.303125
0 0.26328125 0.41953125 0.046875 0.190625
0 0.08671875 0.459375 0.0828125 0.346875
0 0.825 0.44921875 0.0421875 0.209375
0 0.79375 0.45625 0.053125 0.1859375
0 0.88828125 0.47265625 0.059375 0.24375
0 0.49453125 0.32890625 0.0328125 0.103125
0 0.54609375 0.32265625 0.0453125 0.0859375