0 0.41015625 0.25 0.0109375 0.021875
0 0.41484375 0.503125 0.0171875 0.025
0 0.3984375 0.64140625 0.015625 0.0234375
0 0.37734375 0.73515625 0.0140625 0.021875
0 0.415625 0.74140625 0.0109375 0.03125
0 0.446875 0.74375 0.0109375 0.01875
0 0.440625 0.7953125 0.0125 0.028125
0 0.41875 0.81640625 0.0125 0.025
0 0.48828125 0.80078125 0.0140625 0.040625
0 0.471875 0.778125 0.0109375 0.040625
0 0.5171875 0.68046875 0.015625 0.0375
0 0.49453125 0.65078125 0.0125 0.03125
0 0.4734375 0.5890625 0.0125 0.034375
0 0.51484375 0.56015625 0.0140625 0.0328125
0 0.50546875 0.465625 0.0125 0.0328125
0 0.5203125 0.46640625 0.009375 0.034375
0 0.59609375 0.47265625 0.0171875 0.028125
0 0.64140625 0.85546875 0.0125 0.028125
0 0.60859375 0.3421875 0.009375 0.0265625
0 0.6375 0.334375 0.00625 0.0203125
0 0.64921875 0.38359375 0.009375 0.01875
0 0.640625 0.40703125 0.0171875 0.0296875
0 0.6296875 0.234375 0.0078125 0.028125
0 0.65 0.196875 0.015625 0.0375
0 0.57265625 0.13828125 0.00625 0.01875
0 0.56875 0.15859375 0.0125 0.0203125
0 0.62421875 0.13203125 0.009375 0.021875
0 0.5203125 0.0546875 0.0125 0.025
0 0.53203125 0.02109375 0.009375 0.028125
0 0.6109375 0.0640625 0.0078125 0.01875
0 0.6578125 0.10703125 0.0109375 0.0171875
0 0.70234375 0.1953125 0.009375 0.0296875
0 0.35390625 0.05703125 0.0109375 0.0234375
0 0.384375 0.0265625 0.0125 0.0375
0 0.36171875 0.0234375 0.0125 0.028125
0 0.4046875 0.009375 0.009375 0.01875
0 0.48359375 0.00859375 0.0109375 0.0171875
0 0.9125 0.1625 0.0171875 0.034375
0 0.8484375 0.40078125 0.015625 0.025
0 0.83671875 0.4125 0.015625 0.021875
0 0.82734375 0.45625 0.0125 0.028125
0 0.81328125 0.375 0.01875 0.0203125
0 0.80859375 0.38671875 0.015625 0.021875
0 0.9109375 0.45234375 0.01875 0.0234375
0 0.925 0.525 0.021875 0.03125
0 0.8359375 0.57890625 0.015625 0.0234375
0 0.8078125 0.72265625 0.015625 0.021875
0 0.8265625 0.64921875 0.0109375 0.028125
0 0.8796875 0.69296875 0.01875 0.025
0 0.85234375 0.759375 0.0125 0.0328125
0 0.8171875 0.8578125 0.015625 0.03125
0 0.76796875 0.95078125 0.015625 0.034375
0 0.75234375 0.83203125 0.0125 0.0234375
0 0.74921875 0.84609375 0.0171875 0.021875
0 0.77265625 0.8421875 0.0203125 0.015625
0 0.76484375 0.85859375 0.015625 0.015625
0 0.92734375 0.66171875 0.015625 0.01875
0 0.92578125 0.68359375 0.025 0.0140625
0 0.9265625 0.7 0.025 0.0171875
0 0.85 0.084375 0.0109375 0.021875
0 0.8625 0.08515625 0.0125 0.021875
0 0.89140625 0.046875 0.021875 0.015625
0 0.95625 0.0359375 0.0125 0.025
0 0.9890625 0.0625 0.021875 0.0171875
0 0.21796875 0.23046875 0.01875 0.0203125
0 0.19609375 0.29921875 0.0125 0.0234375
0 0.184375 0.36328125 0.009375 0.025
0 0.2078125 0.37734375 0.0125 0.015625
0 0.19140625 0.36953125 0.009375 0.021875
0 0.10546875 0.33046875 0.01875 0.015625
0 0.1078125 0.3109375 0.015625 0.015625
0 0.1453125 0.4703125 0.015625 0.0078125
0 0.1296875 0.4953125 0.015625 0.0171875
0 0.1359375 0.525 0.0109375 0.01875
0 0.1453125 0.52734375 0.01875 0.0125
0 0.16953125 0.521875 0.0140625 0.0171875
0 0.17890625 0.5234375 0.0140625 0.0125
0 0.146875 0.625 0.015625 0.015625
0 0.1375 0.75859375 0.01875 0.015625
0 0.1109375 0.73359375 0.015625 0.0125
0 0.18671875 0.821875 0.0171875 0.0125
0 0.18671875 0.8359375 0.015625 0.0125
0 0.2265625 0.6890625 0.01875 0.015625
0 0.225 0.72890625 0.0203125 0.015625
0 0.23515625 0.70546875 0.015625 0.015625
0 0.2234375 0.7078125 0.0171875 0.015625
0 0.25546875 0.7890625 0.0125 0.0125
0 0.23828125 0.8171875 0.0125 0.0125
0 0.23984375 0.83046875 0.009375 0.015625
0 0.2640625 0.8671875 0.0125 0.01875
0 0.2609375 0.8859375 0.015625 0.015625
0 0.215625 0.8265625 0.01875 0.0125
0 0.20234375 0.83359375 0.0203125 0.0171875
0 0.20703125 0.86796875 0.015625 0.0125
0 0.203125 0.88359375 0.01875 0.015625
0 0.2765625 0.0109375 0.009375 0.021875
0 0.41640625 0.140625 0.009375 0.0234375