0 0.2140625 0.58515625 0.146875 0.5765625
0 0.33203125 0.584375 0.1265625 0.52265625
0 0.46796875 0.571875 0.13125 0.60859375
0 0.7671875 0.60234375 0.10703125 0.49296875
0 0.6234375 0.5796875 0.096875 0.521875
0 0.09921875 0.58515625 0.1234375 0.540625
0 0.546875 0.55703125 0.07890625 0.39921875
0 0.72890625 0.44921875 0.0640625 0.2265625
0 0.7875 0.36640625 0.06171875 0.11796875
0 0.82109375 0.415625 0.0515625 0.11953125
0 0.86171875 0.60390625 0.08515625 0.45859375
0 0.90703125 0.45703125 0.075 0.19921875
0 0.94765625 0.38359375 0.09765625 0.21640625
0 0.971875 0.571875 0.0515625 0.4515625
0 0.68125 0.509375 0.0640625 0.2953125