0 0.053125 0.49453125 0.0734375 0.30625
0 0.12734375 0.51171875 0.053125 0.2796875
0 0.18203125 0.521875 0.05 0.2671875
0 0.25546875 0.5546875 0.071875 0.365625
0 0.4390625 0.50625 0.0640625 0.2734375
0 0.3734375 0.4578125 0.0515625 0.26171875
0 0.57890625 0.46875 0.0515625 0.18203125
0 0.80390625 0.69375 0.12109375 0.5859375
0 0.73984375 0.4328125 0.05 0.13515625
0 0.81796875 0.371875 0.0546875 0.05703125
0 0.8875 0.44765625 0.06796875 0.26953125
0 0.94296875 0.46484375 0.05859375 0.24296875
0 0.65390625 0.4234375 0.05 0.1859375
0 0.62109375 0.45 0.03828125 0.16171875