0 0.290625 0.903125 0.215625 0.084375
0 0.33046875 0.80078125 0.1484375 0.075
0 0.70078125 0.77421875 0.15 0.08125
0 0.7203125 0.67734375 0.1109375 0.0421875
0 0.71328125 0.64296875 0.1125 0.053125
0 0.265625 0.30703125 0.159375 0.05625
0 0.3546875 0.37265625 0.15 0.065625
0 0.428125 0.425 0.1625 0.053125
0 0.66015625 0.5921875 0.140625 0.034375
0 0.37109375 0.2859375 0.15 0.0546875
0 0.303125 0.2 0.1828125 0.0578125
0 0.6828125 0.55625 0.15625 0.0328125
0 0.53203125 0.52734375 0.115625 0.0421875
0 0.88671875 0.93046875 0.090625 0.025
0 0.896875 0.94453125 0.10625 0.025
0 0.7078125 0.53203125 0.1125 0.021875
0 0.7140625 0.51484375 0.109375 0.034375
0 0.73828125 0.4921875 0.11875 0.034375
0 0.571875 0.49609375 0.11875 0.028125
0 0.5703125 0.47578125 0.0953125 0.028125
0 0.44296875 0.4828125 0.109375 0.0359375
0 0.42890625 0.5 0.0875 0.015625
0 0.54375 0.17578125 0.11875 0.03125
0 0.534375 0.39609375 0.11875 0.034375
0 0.59140625 0.42890625 0.1203125 0.03125
0 0.628125 0.44921875 0.1 0.028125
0 0.67890625 0.43828125 0.0671875 0.028125
0 0.728125 0.4078125 0.0828125 0.025
0 0.70703125 0.390625 0.08125 0.025
0 0.75 0.346875 0.115625 0.03125
0 0.72890625 0.31953125 0.084375 0.021875
0 0.75625 0.29453125 0.103125 0.028125
0 0.75078125 0.26484375 0.0515625 0.0234375
0 0.7109375 0.27109375 0.0625 0.028125
0 0.65234375 0.28046875 0.121875 0.034375
0 0.6640625 0.30390625 0.059375 0.0265625
0 0.61796875 0.31484375 0.1125 0.0375
0 0.590625 0.33125 0.103125 0.0375
0 0.5953125 0.35078125 0.1078125 0.025
0 0.6609375 0.34765625 0.0515625 0.028125
0 0.66484375 0.36796875 0.059375 0.025
0 0.62421875 0.38046875 0.0828125 0.03125
0 0.43515625 0.234375 0.14375 0.034375
0 0.49609375 0.21484375 0.09375 0.0328125
0 0.39921875 0.2015625 0.128125 0.03125
0 0.41015625 0.17734375 0.125 0.025
0 0.40078125 0.1234375 0.1125 0.03125
0 0.4546875 0.140625 0.121875 0.021875
0 0.42890625 0.07578125 0.1234375 0.03125
0 0.4859375 0.109375 0.09375 0.025
0 0.5 0.08984375 0.078125 0.0265625
0 0.55703125 0.10625 0.0625 0.025
0 0.5265625 0.1359375 0.0546875 0.03125
0 0.559375 0.13125 0.0625 0.021875
0 0.6 0.12421875 0.065625 0.034375
0 0.5640625 0.06796875 0.0828125 0.040625
0 0.528125 0.06796875 0.078125 0.028125
0 0.478125 0.05390625 0.128125 0.03125
0 0.54453125 0.03515625 0.10625 0.025
0 0.771875 0.0390625 0.096875 0.0203125
0 0.81328125 0.02421875 0.09375 0.025
0 0.775 0.0109375 0.103125 0.021875