0 0.953125 0.98125 0.046875 0.0375
0 0.98046875 0.9234375 0.0375 0.046875
0 0.940625 0.88828125 0.05625 0.028125
0 0.971875 0.8640625 0.0375 0.034375
0 0.98125 0.82109375 0.0375 0.0375
0 0.903125 0.93125 0.0546875 0.0484375
0 0.85234375 0.978125 0.040625 0.0359375
0 0.85078125 0.9125 0.04375 0.034375
0 0.8921875 0.88046875 0.0375 0.046875
0 0.89296875 0.84140625 0.040625 0.04375
0 0.934375 0.83671875 0.0375 0.0359375
0 0.921875 0.78046875 0.0421875 0.034375
0 0.83984375 0.82265625 0.04375 0.0296875
0 0.81953125 0.85625 0.0375 0.040625
0 0.78515625 0.88046875 0.0453125 0.034375
0 0.81328125 0.92109375 0.0359375 0.034375
0 0.821875 0.9515625 0.0375 0.025
0 0.7890625 0.93515625 0.0390625 0.04375
0 0.803125 0.96875 0.0265625 0.034375
0 0.77109375 0.83046875 0.034375 0.0328125
0 0.7609375 0.7953125 0.0421875 0.034375
0 0.76328125 0.98046875 0.0390625 0.0390625
0 0.715625 0.9875 0.0375 0.025
0 0.721875 0.959375 0.040625 0.028125
0 0.7234375 0.9296875 0.03125 0.0375
0 0.70859375 0.9015625 0.03125 0.034375
0 0.725 0.87421875 0.040625 0.028125
0 0.72421875 0.84453125 0.0375 0.0390625
0 0.71328125 0.8 0.04375 0.034375
0 0.671875 0.9328125 0.034375 0.05
0 0.66328125 0.8875 0.0328125 0.0375
0 0.64765625 0.8453125 0.040625 0.0484375
0 0.66875 0.809375 0.03125 0.0421875
0 0.6609375 0.77265625 0.0296875 0.0359375
0 0.62578125 0.77578125 0.028125 0.034375
0 0.63125 0.8015625 0.0296875 0.0328125
0 0.5875 0.82109375 0.0265625 0.059375
0 0.615625 0.86171875 0.03125 0.05
0 0.62421875 0.9015625 0.034375 0.0421875
0 0.634375 0.93125 0.03125 0.0375
0 0.60390625 0.9828125 0.0265625 0.034375
0 0.61328125 0.96015625 0.025 0.040625
0 0.59765625 0.93359375 0.0328125 0.04375
0 0.575 0.88984375 0.03125 0.04375
0 0.5515625 0.97578125 0.034375 0.0484375
0 0.54609375 0.92109375 0.028125 0.0421875
0 0.54375 0.88125 0.028125 0.04375
0 0.55390625 0.84375 0.0390625 0.0515625
0 0.52734375 0.79609375 0.034375 0.04375
0 0.57890625 0.76171875 0.03125 0.0484375
0 0.60703125 0.72578125 0.0296875 0.046875
0 0.63828125 0.709375 0.03125 0.04375
0 0.6375 0.7390625 0.03125 0.040625
0 0.6703125 0.73359375 0.0421875 0.034375
0 0.6734375 0.70546875 0.0375 0.034375
0 0.5796875 0.7109375 0.03125 0.04375
0 0.57890625 0.671875 0.03125 0.0375
0 0.4953125 0.846875 0.028125 0.05
0 0.44609375 0.98203125 0.034375 0.0359375
0 0.45234375 0.94921875 0.034375 0.0375
0 0.46953125 0.9015625 0.028125 0.05
0 0.45390625 0.8703125 0.0296875 0.046875
0 0.4484375 0.91796875 0.0265625 0.046875
0 0.4703125 0.82421875 0.025 0.0453125
0 0.45703125 0.80546875 0.0296875 0.05
0 0.41171875 0.9046875 0.0375 0.053125
0 0.4140625 0.95625 0.040625 0.059375
0 0.31796875 0.9265625 0.0265625 0.0390625
0 0.31796875 0.89296875 0.03125 0.04375
0 0.3203125 0.8484375 0.0375 0.05
0 0.3640625 0.86640625 0.03125 0.046875
0 0.4 0.85234375 0.03125 0.0484375
0 0.37265625 0.821875 0.025 0.05625
0 0.40078125 0.80859375 0.03125 0.040625
0 0.340625 0.803125 0.0359375 0.05
0 0.42265625 0.77109375 0.03125 0.0375
0 0.38671875 0.77890625 0.028125 0.040625
0 0.365625 0.76171875 0.028125 0.046875
0 0.4 0.74765625 0.028125 0.0453125
0 0.43125 0.7359375 0.0296875 0.04375
0 0.26328125 0.91484375 0.0328125 0.059375
0 0.3140625 0.98046875 0.05625 0.0390625
0 0.2546875 0.9625 0.040625 0.0546875
0 0.2203125 0.96953125 0.04375 0.0546875
0 0.16640625 0.94921875 0.05 0.053125
0 0.2171875 0.91640625 0.046875 0.0484375
0 0.25859375 0.8671875 0.040625 0.0515625
0 0.20234375 0.8890625 0.04375 0.040625
0 0.1671875 0.8984375 0.040625 0.0453125
0 0.26953125 0.796875 0.046875 0.040625
0 0.20078125 0.85390625 0.04375 0.04375
0 0.228125 0.81953125 0.04375 0.0375
0 0.184375 0.82734375 0.04375 0.046875
0 0.1828125 0.7765625 0.05 0.040625
0 0.165625 0.8125 0.053125 0.03125
0 0.13515625 0.9828125 0.05 0.034375
0 0.10234375 0.9671875 0.046875 0.0390625
0 0.1140625 0.92109375 0.05 0.0375
0 0.13125 0.890625 0.05 0.04375
0 0.1265625 0.8453125 0.0578125 0.040625
0 0.08828125 0.878125 0.05625 0.04375
0 0.0671875 0.9328125 0.046875 0.0546875
0 0.07578125 0.85234375 0.053125 0.0421875
0 0.0953125 0.8046875 0.0359375 0.0359375
0 0.12578125 0.8125 0.0359375 0.0328125
0 0.1265625 0.778125 0.04375 0.04375
0 0.0453125 0.81796875 0.0515625 0.040625
0 0.02734375 0.8671875 0.04375 0.040625
0 0.0640625 0.78359375 0.059375 0.040625
0 0.01640625 0.74296875 0.0328125 0.04375
0 0.0453125 0.7359375 0.03125 0.0375
0 0.08203125 0.7484375 0.034375 0.040625
0 0.11484375 0.74140625 0.034375 0.0375
0 0.15234375 0.73359375 0.046875 0.0390625
0 0.19140625 0.7359375 0.034375 0.04375
0 0.221875 0.7421875 0.0296875 0.0328125
0 0.2234375 0.7046875 0.0359375 0.034375
0 0.09921875 0.71328125 0.03125 0.028125
0 0.04296875 0.7015625 0.040625 0.040625
0 0.08125 0.69140625 0.0359375 0.040625
0 0.26484375 0.74765625 0.034375 0.0421875
0 0.24375 0.72265625 0.028125 0.04375
0 0.2671875 0.69453125 0.0296875 0.0390625
0 0.28515625 0.71953125 0.0375 0.046875
0 0.29765625 0.74140625 0.0359375 0.046875
0 0.33046875 0.73125 0.0296875 0.04375
0 0.32109375 0.70078125 0.034375 0.040625
0 0.35859375 0.71640625 0.034375 0.040625
0 0.2984375 0.6703125 0.0375 0.034375
0 0.36640625 0.67734375 0.0296875 0.046875
0 0.39140625 0.68359375 0.028125 0.04375
0 0.41796875 0.6765625 0.025 0.0375
0 0.40546875 0.7109375 0.0296875 0.04375
0 0.44921875 0.6953125 0.03125 0.046875
0 0.46875 0.72890625 0.0296875 0.04375
0 0.47578125 0.7625 0.0296875 0.0453125
0 0.5078125 0.7296875 0.0265625 0.053125
0 0.48515625 0.68984375 0.03125 0.040625
0 0.52265625 0.6984375 0.028125 0.0375
0 0.52109375 0.67265625 0.021875 0.03125
0 0.54609375 0.675 0.025 0.0328125
0 0.62265625 0.684375 0.03125 0.04375
0 0.665625 0.675 0.034375 0.0484375
0 0.6984375 0.67265625 0.028125 0.04375
0 0.71875 0.715625 0.03125 0.04375
0 0.74375 0.690625 0.03125 0.040625
0 0.75546875 0.73359375 0.03125 0.0421875
0 0.78359375 0.71640625 0.03125 0.0375
0 0.8109375 0.72890625 0.03125 0.040625
0 0.7890625 0.68359375 0.03125 0.0421875
0 0.8453125 0.7234375 0.0375 0.0359375
0 0.825 0.68515625 0.034375 0.0390625
0 0.8640625 0.6765625 0.040625 0.0296875
0 0.87890625 0.71640625 0.034375 0.0390625
0 0.890625 0.6875 0.0359375 0.0375
0 0.909375 0.73125 0.03125 0.0421875
0 0.94921875 0.7140625 0.0296875 0.040625
0 0.9375 0.6890625 0.040625 0.034375
0 0.984375 0.71328125 0.03125 0.0390625
0 0.9828125 0.67265625 0.034375 0.034375
0 0.85390625 0.58203125 0.059375 0.040625
0 0.896875 0.59140625 0.0484375 0.0375
0 0.94140625 0.5765625 0.04375 0.034375
0 0.9796875 0.59140625 0.040625 0.04375
0 0.890625 0.63828125 0.034375 0.04375
0 0.8578125 0.6359375 0.03125 0.0453125
0 0.83203125 0.640625 0.03125 0.05
0 0.81171875 0.64140625 0.034375 0.046875
0 0.7859375 0.64453125 0.03125 0.040625
0 0.7515625 0.64140625 0.0328125 0.05
0 0.721875 0.63515625 0.0375 0.0484375
0 0.67890625 0.63828125 0.034375 0.05625
0 0.64921875 0.63671875 0.034375 0.046875
0 0.6046875 0.640625 0.03125 0.040625
0 0.5703125 0.6453125 0.03125 0.046875
0 0.53125 0.6421875 0.028125 0.04375
0 0.49296875 0.63984375 0.028125 0.04375
0 0.4578125 0.6390625 0.0328125 0.04375
0 0.4203125 0.640625 0.03125 0.04375
0 0.38984375 0.646875 0.028125 0.040625
0 0.35859375 0.64375 0.03125 0.0359375
0 0.32421875 0.6390625 0.03125 0.040625
0 0.2984375 0.6390625 0.025 0.0375
0 0.271875 0.6453125 0.028125 0.04375
0 0.2453125 0.646875 0.028125 0.0421875
0 0.23203125 0.6765625 0.0359375 0.025
0 0.19609375 0.6765625 0.03125 0.03125
0 0.159375 0.66640625 0.046875 0.0390625
0 0.1359375 0.70625 0.05 0.0390625
0 0.11171875 0.66640625 0.04375 0.028125
0 0.06328125 0.66875 0.0578125 0.0265625
0 0.01796875 0.6671875 0.0359375 0.0375
0 0.0703125 0.64453125 0.03125 0.0375
0 0.090625 0.63046875 0.025 0.034375
0 0.11171875 0.6359375 0.0296875 0.0359375
0 0.1359375 0.63671875 0.034375 0.0375
0 0.165625 0.6296875 0.0421875 0.034375
0 0.19453125 0.64375 0.0296875 0.04375
0 0.21953125 0.6453125 0.025 0.046875
0 0.14453125 0.575 0.046875 0.0328125
0 0.10703125 0.59453125 0.0421875 0.0375
0 0.078125 0.590625 0.03125 0.034375
0 0.046875 0.6109375 0.03125 0.0390625
0 0.01953125 0.62265625 0.0328125 0.0296875
0 0.0171875 0.59375 0.03125 0.03125
0 0.046875 0.5796875 0.0328125 0.028125
0 0.0765625 0.5625 0.034375 0.0328125
0 0.1109375 0.56640625 0.0296875 0.034375
0 0.02734375 0.5640625 0.0328125 0.028125
0 0.0484375 0.5390625 0.0375 0.0359375
0 0.01640625 0.53046875 0.03125 0.0265625
0 0.0328125 0.5078125 0.03125 0.03125
0 0.08125 0.534375 0.0375 0.03125
0 0.06875 0.5078125 0.034375 0.0359375
0 0.08515625 0.48671875 0.034375 0.03125
0 0.1140625 0.53671875 0.034375 0.0375
0 0.11875 0.50625 0.040625 0.0375
0 0.12109375 0.47734375 0.0421875 0.0359375
0 0.12421875 0.44921875 0.0453125 0.0296875
0 0.08203125 0.45703125 0.0390625 0.03125
0 0.0359375 0.4453125 0.0421875 0.034375
0 0.015625 0.41953125 0.03125 0.034375
0 0.05 0.4234375 0.040625 0.03125
0 0.0640625 0.39375 0.040625 0.0359375
0 0.02421875 0.384375 0.0421875 0.0359375
0 0.096875 0.40078125 0.0296875 0.0375
0 0.1359375 0.4265625 0.040625 0.034375
0 0.08671875 0.4328125 0.04375 0.03125
0 0.06328125 0.46875 0.0234375 0.0265625
0 0.37421875 0.49765625 0.034375 0.053125
0 0.35390625 0.54921875 0.0328125 0.046875
0 0.315625 0.5453125 0.0375 0.0390625
0 0.28828125 0.58515625 0.040625 0.040625
0 0.25 0.603125 0.0375 0.034375
0 0.196875 0.603125 0.0375 0.03125
0 0.2203125 0.5875 0.0296875 0.0296875
0 0.2390625 0.56484375 0.034375 0.0328125
0 0.2703125 0.53984375 0.0375 0.0375
0 0.3234375 0.509375 0.0453125 0.0390625
0 0.303125 0.4625 0.046875 0.0421875
0 0.3296875 0.434375 0.0421875 0.0375
0 0.25 0.45078125 0.0390625 0.0375
0 0.215625 0.459375 0.034375 0.04375
0 0.24921875 0.490625 0.0390625 0.040625
0 0.23359375 0.53203125 0.0375 0.040625
0 0.2140625 0.50390625 0.0328125 0.040625
0 0.20390625 0.56796875 0.0328125 0.034375
0 0.2125 0.540625 0.0296875 0.034375
0 0.1890625 0.52421875 0.0375 0.034375
0 0.1796875 0.49140625 0.034375 0.0421875
0 0.14375 0.40078125 0.04375 0.0359375
0 0.1828125 0.409375 0.0359375 0.040625
0 0.21875 0.40859375 0.040625 0.046875
0 0.2640625 0.403125 0.0421875 0.0375
0 0.3015625 0.40234375 0.040625 0.046875
0 0.3359375 0.4015625 0.0390625 0.0484375
0 0.3703125 0.40078125 0.040625 0.040625
0 0.41328125 0.39921875 0.034375 0.040625
0 0.4609375 0.403125 0.0296875 0.05
0 0.5109375 0.4046875 0.03125 0.04375
0 0.56640625 0.39140625 0.0375 0.040625
0 0.596875 0.3984375 0.028125 0.04375
0 0.634375 0.4 0.0390625 0.046875
0 0.6703125 0.3953125 0.03125 0.046875
0 0.659375 0.4765625 0.0375 0.05
0 0.67109375 0.5625 0.04375 0.05
0 0.70234375 0.39609375 0.0359375 0.040625
0 0.7265625 0.39765625 0.0375 0.04375
0 0.7515625 0.4046875 0.040625 0.040625
0 0.7859375 0.40546875 0.028125 0.0453125
0 0.809375 0.4109375 0.034375 0.0359375
0 0.83984375 0.40234375 0.03125 0.040625
0 0.86953125 0.3953125 0.034375 0.0375
0 0.896875 0.39296875 0.0375 0.040625
0 0.83828125 0.44375 0.05625 0.040625
0 0.88671875 0.44140625 0.05 0.05
0 0.97265625 0.44140625 0.0546875 0.0515625
0 0.021875 0.33359375 0.04375 0.03125
0 0.0296875 0.30703125 0.05 0.03125
0 0.05859375 0.3421875 0.0390625 0.034375
0 0.09375 0.34765625 0.028125 0.0375
0 0.121875 0.35 0.0390625 0.040625
0 0.125 0.31953125 0.0359375 0.0390625
0 0.0890625 0.3078125 0.040625 0.0375
0 0.09453125 0.27421875 0.0375 0.0421875
0 0.090625 0.2359375 0.0328125 0.04375
0 0.040625 0.240625 0.0375 0.04375
0 0.0203125 0.18984375 0.0359375 0.046875
0 0.1375 0.253125 0.028125 0.0359375
0 0.14375 0.28203125 0.034375 0.0390625
0 0.16484375 0.31171875 0.034375 0.040625
0 0.1796875 0.37578125 0.0375 0.0375
0 0.25078125 0.375 0.0421875 0.0375
0 0.23046875 0.353125 0.0375 0.034375
0 0.19453125 0.33359375 0.04375 0.040625
0 0.2015625 0.28046875 0.034375 0.040625
0 0.17109375 0.25859375 0.034375 0.0421875
0 0.11328125 0.20390625 0.0453125 0.0375
0 0.06484375 0.1765625 0.0515625 0.0375
0 0.02109375 0.1375 0.0421875 0.03125
0 0.0625 0.11640625 0.0453125 0.040625
0 0.109375 0.12421875 0.0421875 0.04375
0 0.13984375 0.19296875 0.0296875 0.034375
0 0.165625 0.2234375 0.034375 0.040625
0 0.22734375 0.29921875 0.03125 0.0375
0 0.22265625 0.259375 0.03125 0.040625
0 0.20703125 0.22109375 0.034375 0.0375
0 0.2 0.18828125 0.028125 0.028125
0 0.1671875 0.16484375 0.0390625 0.040625
0 0.27578125 0.31796875 0.0296875 0.034375
0 0.271875 0.346875 0.034375 0.0375
0 0.321875 0.35390625 0.0375 0.040625
0 0.31484375 0.32578125 0.0296875 0.034375
0 0.29921875 0.28984375 0.034375 0.040625
0 0.29453125 0.2546875 0.0296875 0.040625
0 0.2484375 0.24296875 0.034375 0.040625
0 0.25234375 0.2859375 0.040625 0.040625
0 0.3484375 0.30859375 0.03125 0.0390625
0 0.34375 0.27890625 0.03125 0.040625
0 0.29765625 0.2 0.0359375 0.046875
0 0.25703125 0.20546875 0.0328125 0.0375
0 0.22421875 0.18984375 0.028125 0.04375
0 0.22578125 0.153125 0.034375 0.04375
0 0.20703125 0.16171875 0.028125 0.0375
0 0.2 0.12734375 0.03125 0.04375
0 0.2625 0.1671875 0.0359375 0.04375
0 0.325 0.1765625 0.0359375 0.046875
0 0.28984375 0.1515625 0.034375 0.04375
0 0.50234375 0.56796875 0.034375 0.053125
0 0.52890625 0.54375 0.0375 0.0453125
0 0.528125 0.4921875 0.0359375 0.04375
0 0.50859375 0.46640625 0.034375 0.0390625
0 0.475 0.49453125 0.0359375 0.046875
0 0.47421875 0.54453125 0.034375 0.04375
0 0.35546875 0.3578125 0.03125 0.05
0 0.3703125 0.33046875 0.0234375 0.0421875
0 0.38984375 0.28125 0.0265625 0.034375
0 0.40234375 0.30703125 0.0234375 0.0390625
0 0.403125 0.353125 0.034375 0.04375
0 0.42890625 0.328125 0.0296875 0.04375
0 0.44609375 0.3578125 0.0328125 0.046875
0 0.45625 0.30078125 0.0328125 0.059375
0 0.446875 0.24375 0.03125 0.0484375
0 0.43515625 0.21328125 0.028125 0.04375
0 0.49765625 0.296875 0.0265625 0.0421875
0 0.48203125 0.3328125 0.03125 0.046875
0 0.4875 0.37578125 0.028125 0.046875
0 0.50625 0.34765625 0.025 0.05
0 0.5375 0.34765625 0.025 0.046875
0 0.52578125 0.29921875 0.03125 0.053125
0 0.56953125 0.346875 0.0328125 0.0453125
0 0.56640625 0.29765625 0.0296875 0.04375
0 0.596875 0.2953125 0.0265625 0.05
0 0.62734375 0.253125 0.03125 0.04375
0 0.56484375 0.2328125 0.034375 0.05
0 0.51875 0.2234375 0.0375 0.05
0 0.46875 0.20390625 0.025 0.05
0 0.67890625 0.24375 0.03125 0.05
0 0.69140625 0.21484375 0.03125 0.03125
0 0.71640625 0.25078125 0.0390625 0.03125
0 0.70625 0.2828125 0.0546875 0.028125
0 0.8296875 0.27890625 0.0453125 0.040625
0 0.778125 0.21328125 0.040625 0.0375
0 0.7453125 0.18671875 0.0390625 0.053125
0 0.91015625 0.28359375 0.0421875 0.046875
0 0.8765625 0.22734375 0.046875 0.034375
0 0.87578125 0.17265625 0.040625 0.0578125
0 0.93671875 0.1640625 0.040625 0.04375
0 0.97890625 0.2359375 0.0421875 0.0546875
0 0.83984375 0.14453125 0.003125 0.0046875
0 0.75390625 0.1109375 0.0421875 0.0609375
0 0.6296875 0.19453125 0.028125 0.046875
0 0.61484375 0.165625 0.03125 0.046875
0 0.70078125 0.1609375 0.0421875 0.05
0 0.69609375 0.1265625 0.0328125 0.05
0 0.4890625 0.171875 0.025 0.046875
0 0.5234375 0.165625 0.025 0.05
0 0.56796875 0.16015625 0.025 0.053125