0 0.13828125 0.53203125 0.1046875 0.434375
0 0.29140625 0.53828125 0.115625 0.43125
0 0.415625 0.528125 0.1 0.384375
0 0.58125 0.5265625 0.1046875 0.44375
0 0.6734375 0.5234375 0.090625 0.4171875
0 0.79375 0.5625 0.1125 0.4359375
0 0.90390625 0.5546875 0.096875 0.4375
0 0.9578125 0.5734375 0.084375 0.5203125
0 0.0375 0.5140625 0.075 0.43125
0 0.0921875 0.3609375 0.05 0.128125
0 0.16875 0.3421875 0.06875 0.1421875
0 0.27109375 0.32421875 0.075 0.125
0 0.3734375 0.340625 0.0625 0.146875
0 0.4984375 0.340625 0.053125 0.134375
0 0.43984375 0.325 0.05 0.09375
0 0.5734375 0.284375 0.0515625 0.096875
0 0.54453125 0.34765625 0.075 0.13125
0 0.71875 0.3375 0.05625 0.11875
0 0.8765625 0.309375 0.0546875 0.121875
0 0.93203125 0.3125 0.0703125 0.11875
0 0.78125 0.31640625 0.0546875 0.1109375
0 0.82265625 0.33671875 0.046875 0.1109375