0 0.04609375 0.65703125 0.0921875 0.3015625
0 0.23359375 0.81328125 0.14375 0.3125
0 0.4265625 0.81171875 0.1375 0.3671875
0 0.58203125 0.77265625 0.14375 0.3375
0 0.109375 0.646875 0.096875 0.121875
0 0.16875 0.6359375 0.0546875 0.078125
0 0.1875 0.61328125 0.053125 0.0515625
0 0.1265625 0.5796875 0.04375 0.040625
0 0.19296875 0.5375 0.059375 0.096875
0 0.2390625 0.52890625 0.04375 0.0765625
0 0.28828125 0.646875 0.08125 0.1015625
0 0.81796875 0.4375 0.040625 0.053125
0 0.84609375 0.4546875 0.05 0.04375
0 0.88046875 0.459375 0.0515625 0.04375
0 0.915625 0.46484375 0.06875 0.059375
0 0.9390625 0.48203125 0.065625 0.065625
0 0.66875 0.65078125 0.1 0.25
0 0.565625 0.546875 0.103125 0.1140625
0 0.43203125 0.58359375 0.1265625 0.1453125
0 0.4859375 0.5515625 0.05625 0.1125
0 0.35234375 0.5328125 0.08125 0.1203125
0 0.38203125 0.496875 0.0734375 0.08125
0 0.42109375 0.496875 0.09375 0.065625
0 0.4703125 0.4828125 0.0578125 0.059375
0 0.51484375 0.471875 0.0546875 0.053125
0 0.571875 0.46640625 0.0453125 0.053125
0 0.56171875 0.48828125 0.0578125 0.0453125
0 0.6328125 0.484375 0.059375 0.05625
0 0.671875 0.46875 0.075 0.06875
0 0.62109375 0.45703125 0.04375 0.046875
0 0.6078125 0.4421875 0.046875 0.046875
0 0.34296875 0.4359375 0.071875 0.071875
0 0.3984375 0.440625 0.0625 0.084375
0 0.446875 0.43515625 0.0453125 0.078125
0 0.5390625 0.4359375 0.04375 0.078125
0 0.48046875 0.42109375 0.05625 0.08125
0 0.65234375 0.40234375 0.03125 0.05625
0 0.55390625 0.3984375 0.0375 0.0453125
0 0.59765625 0.3796875 0.0328125 0.05
0 0.5265625 0.371875 0.0375 0.0375
0 0.43828125 0.3890625 0.034375 0.0359375
0 0.403125 0.3828125 0.034375 0.04375
0 0.37109375 0.38359375 0.04375 0.046875
0 0.44140625 0.36953125 0.0375 0.034375
0 0.4859375 0.36953125 0.046875 0.0375
0 0.47890625 0.35625 0.04375 0.046875
0 0.42890625 0.35 0.0375 0.0375
0 0.353125 0.3515625 0.025 0.0625
0 0.3796875 0.34921875 0.0328125 0.04375
0 0.4046875 0.3421875 0.025 0.034375
0 0.33359375 0.34921875 0.025 0.05625