0 0.084375 0.334375 0.0890625 0.36953125
0 0.1953125 0.34765625 0.11484375 0.4140625
0 0.37265625 0.34453125 0.0796875 0.4625
0 0.40625 0.13984375 0.04453125 0.11171875
0 0.45703125 0.4859375 0.14453125 0.87109375
0 0.59375 0.45390625 0.15703125 0.84296875
0 0.746875 0.3546875 0.1515625 0.5640625
0 0.4953125 0.1890625 0.0453125 0.184375
0 0.9328125 0.29296875 0.0984375 0.46953125
0 0.87578125 0.275 0.05703125 0.2640625
0 0.809375 0.26640625 0.0546875 0.30546875
0 0.67890625 0.23046875 0.06171875 0.17890625