0 0.14296875 0.47734375 0.13125 0.0828125
0 0.07109375 0.51015625 0.096875 0.115625
0 0.409375 0.325 0.140625 0.0859375
0 0.440625 0.21171875 0.103125 0.0875
0 0.778125 0.2828125 0.090625 0.046875
0 0.80390625 0.30078125 0.0671875 0.0546875
0 0.86484375 0.40390625 0.1078125 0.028125
0 0.8921875 0.42578125 0.0734375 0.040625
0 0.80546875 0.0390625 0.053125 0.0375
0 0.81953125 0.07265625 0.0609375 0.0375
0 0.8203125 0.0515625 0.0796875 0.04375
0 0.92890625 0.10625 0.065625 0.0296875
0 0.94921875 0.1203125 0.04375 0.028125
0 0.9796875 0.1046875 0.03125 0.0203125
0 0.9859375 0.13671875 0.028125 0.04375
0 0.98125 0.115625 0.0375 0.04375
0 0.92578125 0.28671875 0.09375 0.0453125
0 0.92109375 0.36015625 0.071875 0.04375
0 0.97265625 0.42421875 0.053125 0.0359375
0 0.9796875 0.4453125 0.040625 0.046875
0 0.9421875 0.384375 0.05625 0.040625
0 0.97734375 0.37734375 0.040625 0.0328125