0 0.85703125 0.47734375 0.13125 0.0828125
0 0.92890625 0.51015625 0.096875 0.115625
0 0.590625 0.325 0.140625 0.0859375
0 0.559375 0.21171875 0.103125 0.0875
0 0.221875 0.2828125 0.090625 0.046875
0 0.19609375 0.30078125 0.0671875 0.0546875
0 0.13515625 0.40390625 0.1078125 0.028125
0 0.1078125 0.42578125 0.0734375 0.040625
0 0.19453125 0.0390625 0.053125 0.0375
0 0.18046875 0.07265625 0.0609375 0.0375
0 0.1796875 0.0515625 0.0796875 0.04375
0 0.07109375 0.10625 0.065625 0.0296875
0 0.05078125 0.1203125 0.04375 0.028125
0 0.0203125 0.1046875 0.03125 0.0203125
0 0.0140625 0.13671875 0.028125 0.04375
0 0.01875 0.115625 0.0375 0.04375
0 0.07421875 0.28671875 0.09375 0.0453125
0 0.07890625 0.36015625 0.071875 0.04375
0 0.02734375 0.42421875 0.053125 0.0359375
0 0.0203125 0.4453125 0.040625 0.046875
0 0.0578125 0.384375 0.05625 0.040625
0 0.02265625 0.37734375 0.040625 0.0328125