0 0.06015625 0.30546875 0.10625 0.23125
0 0.04921875 0.58515625 0.0984375 0.434375
0 0.14609375 0.6828125 0.1390625 0.496875
0 0.1140625 0.40546875 0.078125 0.20625
0 0.128125 0.275 0.075 0.19375
0 0.20390625 0.3296875 0.128125 0.259375
0 0.16484375 0.43203125 0.14375 0.2890625
0 0.2609375 0.65546875 0.178125 0.565625
0 0.36640625 0.7515625 0.121875 0.4625
0 0.5 0.75390625 0.146875 0.490625
0 0.709375 0.7421875 0.178125 0.515625
0 0.7921875 0.54765625 0.1046875 0.325
0 0.8953125 0.6828125 0.13125 0.478125
0 0.9671875 0.54609375 0.065625 0.4765625
0 0.18671875 0.1921875 0.075 0.1859375
0 0.23984375 0.24453125 0.1140625 0.225
0 0.29296875 0.26171875 0.071875 0.1796875
0 0.284375 0.16171875 0.08125 0.21875
0 0.33984375 0.18203125 0.0609375 0.178125
0 0.309375 0.40703125 0.08125 0.16875
0 0.3921875 0.41875 0.13125 0.265625
0 0.37421875 0.27578125 0.071875 0.128125
0 0.39921875 0.209375 0.0765625 0.175
0 0.44375 0.1953125 0.053125 0.13125
0 0.43828125 0.115625 0.078125 0.134375
0 0.4921875 0.16015625 0.0625 0.184375
0 0.540625 0.13984375 0.05 0.121875
0 0.47578125 0.3171875 0.071875 0.1875
0 0.50703125 0.453125 0.11875 0.215625
0 0.53828125 0.3859375 0.090625 0.2296875
0 0.54921875 0.23125 0.053125 0.178125
0 0.5890625 0.17109375 0.0734375 0.1625
0 0.60234375 0.33125 0.134375 0.271875
0 0.63359375 0.5 0.13125 0.3375
0 0.67265625 0.3703125 0.1 0.1984375
0 0.6640625 0.24609375 0.06875 0.153125
0 0.64140625 0.15234375 0.075 0.1875
0 0.70703125 0.18125 0.078125 0.209375
0 0.72734375 0.27265625 0.0875 0.21875
0 0.75078125 0.3640625 0.096875 0.28125
0 0.84765625 0.4328125 0.109375 0.25
0 0.84453125 0.315625 0.096875 0.209375
0 0.81796875 0.21640625 0.1125 0.23125
0 0.77421875 0.17734375 0.08125 0.209375
0 0.8984375 0.1875 0.0890625 0.2125
0 0.94140625 0.27890625 0.103125 0.2375
0 0.9171875 0.37265625 0.1140625 0.25625