0 0.05 0.19453125 0.0359375 0.1390625
0 0.11953125 0.11015625 0.0390625 0.1328125
0 0.2515625 0.08046875 0.025 0.13125
0 0.3640625 0.175 0.03125 0.1625
0 0.384375 0.10703125 0.0265625 0.1421875
0 0.4359375 0.065625 0.03125 0.13125
0 0.46015625 0.0703125 0.025 0.140625
0 0.5 0.04375 0.0265625 0.0875
0 0.5296875 0.04375 0.025 0.0875
0 0.6203125 0.184375 0.0265625 0.1375
0 0.73125 0.10234375 0.0265625 0.1640625
0 0.821875 0.25703125 0.03125 0.1734375
0 0.92734375 0.36640625 0.0421875 0.1796875
0 0.96953125 0.22265625 0.0265625 0.1515625
0 0.940625 0.21015625 0.0265625 0.1484375
0 0.971875 0.64453125 0.04375 0.21875
0 0.6703125 0.55390625 0.0375 0.203125
0 0.621875 0.4984375 0.0328125 0.159375
0 0.565625 0.36796875 0.034375 0.1765625
0 0.55078125 0.5265625 0.034375 0.175
0 0.51015625 0.6015625 0.0359375 0.1765625
0 0.5 0.76484375 0.046875 0.19375
0 0.38046875 0.6703125 0.040625 0.2171875
0 0.484375 0.28671875 0.03125 0.1609375
0 0.28515625 0.71640625 0.0390625 0.175
0 0.2984375 0.91484375 0.053125 0.1703125
0 0.01640625 0.76171875 0.0328125 0.190625
0 0.18828125 0.59765625 0.03125 0.1734375
0 0.21328125 0.61953125 0.03125 0.171875
0 0.24921875 0.609375 0.03125 0.146875
0 0.225 0.55859375 0.021875 0.115625
0 0.61875 0.05234375 0.015625 0.084375
0 0.64453125 0.04296875 0.0203125 0.0859375