0 0.96015625 0.6890625 0.065625 0.178125
0 0.984375 0.3734375 0.03125 0.165625
0 0.903125 0.2796875 0.059375 0.15
0 0.96796875 0.17109375 0.0453125 0.1203125
0 0.60078125 0.1921875 0.0375 0.1515625
0 0.58828125 0.49140625 0.046875 0.1609375
0 0.75 0.50859375 0.0296875 0.13125
0 0.76875 0.49453125 0.021875 0.11875
0 0.7859375 0.5109375 0.0265625 0.140625
0 0.809375 0.49296875 0.034375 0.14375
0 0.496875 0.19296875 0.0328125 0.1390625
0 0.465625 0.19375 0.028125 0.1265625
0 0.44296875 0.13125 0.025 0.1125
0 0.47734375 0.0953125 0.025 0.10625
0 0.496875 0.053125 0.021875 0.10625
0 0.52890625 0.05859375 0.028125 0.10625
0 0.4453125 0.04609375 0.021875 0.0921875
0 0.409375 0.03828125 0.0171875 0.075
0 0.38984375 0.03984375 0.021875 0.0796875
0 0.3546875 0.0375 0.025 0.075
0 0.32578125 0.1 0.025 0.121875
0 0.26796875 0.08203125 0.021875 0.125
0 0.1484375 0.096875 0.0296875 0.115625
0 0.12421875 0.09375 0.021875 0.1203125
0 0.0875 0.059375 0.0234375 0.11875
0 0.05390625 0.05625 0.0296875 0.1125
0 0.02890625 0.16796875 0.0296875 0.121875
0 0.028125 0.0796875 0.028125 0.06875
0 0.021875 0.6453125 0.04375 0.184375
0 0.1765625 0.70078125 0.05625 0.1921875
0 0.2296875 0.8796875 0.053125 0.171875
0 0.43046875 0.696875 0.053125 0.1859375
0 0.4984375 0.6203125 0.0484375 0.175
0 0.3109375 0.97109375 0.059375 0.0578125