0 0.79765625 0.94765625 0.246875 0.0578125
0 0.68671875 0.6953125 0.2 0.046875
0 0.9265625 0.61875 0.146875 0.0625
0 0.79140625 0.459375 0.184375 0.046875
0 0.87734375 0.35078125 0.215625 0.0421875
0 0.959375 0.06953125 0.08125 0.0578125
0 0.5796875 0.42734375 0.2109375 0.0421875
0 0.55390625 0.51015625 0.1984375 0.046875
0 0.43125 0.478125 0.203125 0.034375
0 0.31953125 0.40625 0.15625 0.0296875
0 0.3203125 0.3765625 0.1484375 0.0296875
0 0.3421875 0.62734375 0.16875 0.034375
0 0.24609375 0.6109375 0.1515625 0.034375
0 0.17734375 0.50859375 0.159375 0.0296875
0 0.1234375 0.5421875 0.1484375 0.025
0 0.1203125 0.571875 0.159375 0.025
0 0.075 0.621875 0.14375 0.03125
0 0.1140625 0.271875 0.1671875 0.0296875
0 0.43046875 0.146875 0.20625 0.0375
0 0.4265625 0.059375 0.1921875 0.040625
0 0.31875 0.0109375 0.159375 0.021875
0 0.57265625 0.01171875 0.1921875 0.0234375
0 0.24375 0.08828125 0.159375 0.03125
0 0.15390625 0.10390625 0.140625 0.0234375
0 0.134375 0.0796875 0.1046875 0.025
0 0.05703125 0.3171875 0.1125 0.0265625
0 0.06640625 0.35 0.1 0.0125
0 0.0515625 0.41015625 0.103125 0.028125
0 0.103125 0.85234375 0.125 0.04375
0 0.18671875 0.94453125 0.1453125 0.0359375
0 0.5234375 0.6953125 0.153125 0.034375
0 0.6125 0.81171875 0.171875 0.025
0 0.6328125 0.78515625 0.1765625 0.0328125
0 0.62578125 0.75234375 0.1578125 0.03125
0 0.55 0.77578125 0.078125 0.0203125