0 0.61875 0.93359375 0.05625 0.13125
0 0.76640625 0.73359375 0.05625 0.184375
0 0.78515625 0.51875 0.053125 0.1671875
0 0.6125 0.54375 0.046875 0.1609375
0 0.41015625 0.48828125 0.05 0.1578125
0 0.371875 0.69296875 0.05625 0.184375
0 0.04609375 0.82890625 0.0625 0.203125
0 0.15234375 0.48828125 0.046875 0.184375
0 0.253125 0.53671875 0.028125 0.125
0 0.23125 0.50703125 0.021875 0.109375
0 0.21484375 0.54765625 0.028125 0.146875
0 0.19453125 0.52578125 0.03125 0.14375
0 0.31328125 0.31640625 0.0375 0.128125
0 0.30703125 0.22109375 0.03125 0.0796875
0 0.38359375 0.28515625 0.0359375 0.140625
0 0.1984375 0.078125 0.025 0.10625
0 0.11875 0.0953125 0.0359375 0.109375
0 0.06328125 0.17890625 0.034375 0.1140625
0 0.38828125 0.05390625 0.0234375 0.096875
0 0.42890625 0.13359375 0.025 0.1203125
0 0.45625 0.125 0.025 0.125
0 0.47578125 0.1390625 0.025 0.1140625
0 0.496875 0.221875 0.028125 0.1296875
0 0.52890625 0.15703125 0.028125 0.134375
0 0.48125 0.04453125 0.0296875 0.0890625
0 0.58046875 0.08828125 0.028125 0.10625
0 0.61796875 0.1984375 0.025 0.128125
0 0.6375 0.18203125 0.0265625 0.134375
0 0.67734375 0.078125 0.01875 0.075
0 0.69296875 0.053125 0.021875 0.10625
0 0.7328125 0.11328125 0.021875 0.1296875
0 0.8375 0.0671875 0.0203125 0.10625
0 0.8546875 0.06875 0.0171875 0.10625
0 0.7390625 0.0296875 0.025 0.059375
0 0.88671875 0.06875 0.028125 0.128125
0 0.91328125 0.1171875 0.025 0.09375
0 0.89765625 0.19921875 0.0296875 0.1296875
0 0.95234375 0.1953125 0.025 0.134375
0 0.77109375 0.371875 0.0359375 0.165625