0 0.403125 0.28671875 0.0484375 0.2
0 0.496875 0.3859375 0.05 0.20625
0 0.38515625 0.684375 0.0453125 0.196875
0 0.66484375 0.79765625 0.034375 0.16875
0 0.10859375 0.721875 0.0453125 0.16875
0 0.03828125 0.79765625 0.046875 0.1453125
0 0.18671875 0.40703125 0.03125 0.178125
0 0.2109375 0.38046875 0.0328125 0.178125
0 0.23203125 0.41875 0.0234375 0.1328125
0 0.2484375 0.39140625 0.0296875 0.146875
0 0.63515625 0.05859375 0.053125 0.115625
0 0.67265625 0.053125 0.0453125 0.10625
0 0.80859375 0.0515625 0.0515625 0.103125
0 0.953125 0.3484375 0.0546875 0.2140625
0 0.5515625 0.7703125 0.025 0.1421875
0 0.53046875 0.82890625 0.0203125 0.1390625
0 0.5 0.8203125 0.0296875 0.159375
0 0.56328125 0.875 0.028125 0.1390625
0 0.5890625 0.94765625 0.01875 0.084375
0 0.609375 0.95546875 0.021875 0.0875
0 0.64296875 0.95390625 0.025 0.0921875
0 0.67421875 0.9609375 0.021875 0.078125
0 0.73125 0.89921875 0.0203125 0.16875
0 0.76015625 0.9390625 0.0265625 0.121875
0 0.91015625 0.83828125 0.03125 0.1515625
0 0.9328125 0.8375 0.01875 0.1546875
0 0.9484375 0.875 0.021875 0.146875
0 0.97734375 0.87734375 0.021875 0.153125
0 0.9890625 0.79375 0.021875 0.159375
0 0.98828125 0.62578125 0.0234375 0.1421875
0 0.4234375 0.9234375 0.028125 0.121875
0 0.50703125 0.9421875 0.0265625 0.109375