0 0.03984375 0.6890625 0.065625 0.17734375
0 0.015625 0.3734375 0.03046875 0.16640625
0 0.096875 0.2796875 0.059375 0.15
0 0.03203125 0.17109375 0.0453125 0.1203125
0 0.39921875 0.1921875 0.03828125 0.1515625
0 0.41171875 0.49140625 0.046875 0.1609375
0 0.25 0.50859375 0.0296875 0.13046875
0 0.23125 0.49453125 0.02109375 0.11875
0 0.2140625 0.5109375 0.0265625 0.14140625
0 0.190625 0.49296875 0.034375 0.14375
0 0.503125 0.19296875 0.0328125 0.1390625
0 0.534375 0.19375 0.028125 0.1265625
0 0.55703125 0.13125 0.02578125 0.1125
0 0.52265625 0.0953125 0.02421875 0.10625
0 0.503125 0.053125 0.021875 0.10625
0 0.47109375 0.05859375 0.028125 0.10625
0 0.5546875 0.04609375 0.021875 0.0921875
0 0.590625 0.03828125 0.0171875 0.07578125
0 0.61015625 0.03984375 0.02109375 0.0796875
0 0.6453125 0.0375 0.025 0.075
0 0.67421875 0.1 0.02578125 0.12109375
0 0.73203125 0.08203125 0.02265625 0.125
0 0.8515625 0.096875 0.0296875 0.115625
0 0.87578125 0.09375 0.021875 0.1203125
0 0.9125 0.059375 0.0234375 0.11875
0 0.94609375 0.05625 0.0296875 0.1125
0 0.97109375 0.16796875 0.0296875 0.12265625
0 0.971875 0.0796875 0.028125 0.06953125
0 0.978125 0.6453125 0.04375 0.18359375
0 0.8234375 0.70078125 0.05703125 0.1921875
0 0.7703125 0.8796875 0.053125 0.17109375
0 0.56953125 0.696875 0.05390625 0.1859375
0 0.5015625 0.6203125 0.0484375 0.17578125
0 0.6890625 0.97109375 0.05859375 0.0578125