0 0.60625 0.04609375 0.4609375 0.078125
0 0.46875 0.103125 0.334375 0.065625
0 0.1921875 0.04296875 0.353125 0.065625
0 0.68828125 0.21875 0.43125 0.090625
0 0.51640625 0.1703125 0.271875 0.071875
0 0.6625 0.384375 0.4625 0.0875
0 0.534375 0.3109375 0.365625 0.078125
0 0.3890625 0.26171875 0.20625 0.0859375
0 0.2703125 0.21015625 0.2140625 0.084375
0 0.26640625 0.27109375 0.10625 0.078125
0 0.640625 0.5625 0.44375 0.065625
0 0.58203125 0.490625 0.428125 0.084375
0 0.38828125 0.4046875 0.190625 0.0796875
0 0.246875 0.38671875 0.171875 0.0609375
0 0.71015625 0.78046875 0.425 0.090625
0 0.50546875 0.6796875 0.409375 0.06875
0 0.375 0.5484375 0.1453125 0.0765625
0 0.3078125 0.52265625 0.15 0.084375
0 0.23359375 0.43984375 0.253125 0.0671875
0 0.07109375 0.434375 0.1421875 0.06875
0 0.12265625 0.5578125 0.20625 0.0671875
0 0.26796875 0.60546875 0.303125 0.08125
0 0.228125 0.66484375 0.1984375 0.0640625
0 0.64375 0.93671875 0.4515625 0.075
0 0.565625 0.859375 0.390625 0.065625
0 0.375 0.825 0.23125 0.0765625
0 0.35703125 0.7453125 0.296875 0.0828125
0 0.19609375 0.771875 0.1734375 0.0921875
0 0.20859375 0.86875 0.2921875 0.0796875
0 0.15859375 0.96484375 0.1359375 0.06875