0 0.55078125 0.92578125 0.0609375 0.146875
0 0.63125 0.82578125 0.0453125 0.196875
0 0.6796875 0.82578125 0.05 0.1875
0 0.8078125 0.8625 0.0609375 0.203125
0 0.95234375 0.55234375 0.053125 0.1875
0 0.49921875 0.51484375 0.046875 0.1765625
0 0.403125 0.5890625 0.0484375 0.16875
0 0.24921875 0.5078125 0.0296875 0.128125
0 0.23203125 0.4875 0.021875 0.11875
0 0.209375 0.51171875 0.03125 0.140625
0 0.18671875 0.49375 0.03125 0.146875
0 0.38515625 0.2609375 0.0421875 0.1453125
0 0.10703125 0.2265625 0.046875 0.134375
0 0.03515625 0.1734375 0.0421875 0.125
0 0.9875 0.3125 0.025 0.128125
0 0.9875 0.1734375 0.025 0.128125
0 0.97890625 0.103125 0.0265625 0.13125
0 0.94921875 0.1046875 0.021875 0.125
0 0.934375 0.1375 0.0203125 0.128125
0 0.9109375 0.13984375 0.03125 0.1375
0 0.76015625 0.04765625 0.025 0.09375
0 0.7296875 0.07890625 0.0265625 0.121875
0 0.66484375 0.165625 0.03125 0.134375
0 0.67578125 0.034375 0.03125 0.06875
0 0.6421875 0.0359375 0.0234375 0.071875
0 0.61015625 0.04140625 0.0203125 0.0828125
0 0.58828125 0.04453125 0.0203125 0.0765625
0 0.56484375 0.10234375 0.028125 0.121875
0 0.54921875 0.18671875 0.025 0.1171875
0 0.53203125 0.1453125 0.0265625 0.115625
0 0.50078125 0.1515625 0.0296875 0.1375
0 0.50625 0.0515625 0.0265625 0.096875
0 0.42265625 0.0625 0.021875 0.103125