0 0.26796875 0.44140625 0.2 0.05625
0 0.47734375 0.49296875 0.178125 0.05625
0 0.4296875 0.73203125 0.1625 0.04375
0 0.221875 0.92109375 0.2 0.0640625
0 0.45546875 0.9375 0.175 0.053125
0 0.615625 0.92421875 0.16875 0.0421875
0 0.7875 0.73984375 0.1359375 0.0328125
0 0.81015625 0.765625 0.1421875 0.03125
0 0.88515625 0.87578125 0.140625 0.028125
0 0.93046875 0.990625 0.1046875 0.01875
0 0.965625 0.88671875 0.06875 0.0296875
0 0.94375 0.8296875 0.109375 0.025
0 0.915625 0.81015625 0.084375 0.01875
0 0.90703125 0.69375 0.1 0.0296875
0 0.83828125 0.63359375 0.128125 0.0359375
0 0.76875 0.596875 0.13125 0.034375
0 0.85078125 0.571875 0.128125 0.0265625
0 0.865625 0.5453125 0.140625 0.0265625
0 0.8609375 0.51328125 0.13125 0.034375
0 0.69140625 0.459375 0.153125 0.0421875
0 0.66640625 0.37421875 0.14375 0.0375
0 0.76015625 0.36953125 0.090625 0.0328125
0 0.91796875 0.23828125 0.121875 0.040625
0 0.9 0.14453125 0.121875 0.0390625
0 0.44296875 0.2296875 0.15 0.03125
0 0.42734375 0.25546875 0.153125 0.03125
0 0.4640625 0.27265625 0.1109375 0.03125
0 0.43359375 0.3015625 0.134375 0.0375
0 0.4890625 0.184375 0.16875 0.0515625
0 0.8109375 0.07421875 0.1265625 0.0375
0 0.9390625 0.4671875 0.1046875 0.0296875
0 0.95703125 0.57734375 0.0859375 0.03125
0 0.1328125 0.05078125 0.19375 0.0640625