0 0.89609375 0.10078125 0.05625 0.2
0 0.98046875 0.3359375 0.0390625 0.1921875
0 0.80703125 0.3859375 0.0375 0.178125
0 0.784375 0.36640625 0.0328125 0.16875
0 0.75 0.3765625 0.028125 0.140625
0 0.7703125 0.41171875 0.025 0.134375
0 0.68046875 0.4515625 0.040625 0.175
0 0.68359375 0.59140625 0.034375 0.1125
0 0.625 0.52421875 0.034375 0.196875
0 0.6 0.65546875 0.028125 0.171875
0 0.61484375 0.85 0.0375 0.14375
0 0.571875 0.8765625 0.025 0.14375
0 0.53984375 0.87109375 0.021875 0.146875
0 0.515625 0.8890625 0.021875 0.14375
0 0.4859375 0.9421875 0.021875 0.115625
0 0.43359375 0.9765625 0.0453125 0.046875
0 0.76171875 0.97109375 0.034375 0.05625
0 0.7328125 0.98125 0.0234375 0.0375
0 0.8625 0.96328125 0.034375 0.071875
0 0.9265625 0.88046875 0.0375 0.1203125
0 0.94140625 0.80625 0.0296875 0.1359375
0 0.45625 0.053125 0.05 0.10625
0 0.39609375 0.065625 0.0515625 0.13125
0 0.4296875 0.27421875 0.05 0.21875
0 0.1296875 0.06875 0.065625 0.1375
0 0.14453125 0.22578125 0.0515625 0.215625
0 0.10078125 0.4421875 0.04375 0.203125
0 0.37421875 0.584375 0.0375 0.159375
0 0.4625 0.66640625 0.040625 0.1875
0 0.5046875 0.57578125 0.040625 0.1625
0 0.409375 0.77109375 0.0375 0.1453125
0 0.3921875 0.9078125 0.028125 0.140625
0 0.37265625 0.9296875 0.025 0.140625
0 0.334375 0.921875 0.0171875 0.090625
0 0.32890625 0.97890625 0.015625 0.0421875
0 0.2984375 0.940625 0.025 0.11875
0 0.26875 0.88828125 0.0203125 0.159375
0 0.128125 0.88359375 0.021875 0.128125
0 0.11171875 0.88515625 0.025 0.1359375
0 0.090625 0.82734375 0.025 0.146875
0 0.009375 0.7515625 0.01875 0.134375
0 0.06640625 0.696875 0.034375 0.15625
0 0.046875 0.5890625 0.034375 0.178125
0 0.01171875 0.603125 0.0234375 0.159375