0 0.94140625 0.9546875 0.1171875 0.0546875
0 0.7828125 0.63125 0.2125 0.053125
0 0.55703125 0.5890625 0.1875 0.04375
0 0.6109375 0.390625 0.1625 0.046875
0 0.8703125 0.2453125 0.221875 0.059375
0 0.83125 0.01796875 0.2296875 0.0359375
0 0.62578125 0.2125 0.178125 0.0484375
0 0.4515625 0.22265625 0.184375 0.0390625
0 0.5921875 0.84921875 0.203125 0.0453125
0 0.62734375 0.80625 0.171875 0.0296875
0 0.65078125 0.784375 0.1796875 0.0375
0 0.640625 0.74453125 0.1625 0.034375
0 0.6046875 0.76875 0.1359375 0.028125
0 0.3890625 0.68671875 0.153125 0.034375
0 0.278125 0.690625 0.096875 0.025
0 0.32265625 0.61484375 0.175 0.0328125
0 0.28203125 0.50078125 0.15625 0.03125
0 0.20859375 0.9375 0.1421875 0.03125
0 0.1 0.871875 0.1375 0.03125
0 0.08203125 0.7921875 0.134375 0.0359375
0 0.01875 0.80703125 0.0375 0.021875
0 0.02265625 0.90703125 0.0453125 0.021875
0 0.05390625 0.6109375 0.10625 0.0265625
0 0.028125 0.58671875 0.05625 0.0375
0 0.04609375 0.51640625 0.090625 0.0234375
0 0.1609375 0.5203125 0.1375 0.0203125
0 0.146875 0.54375 0.146875 0.025
0 0.15078125 0.5703125 0.1453125 0.025
0 0.2 0.4703125 0.159375 0.028125
0 0.115625 0.41953125 0.128125 0.025
0 0.22578125 0.38046875 0.1515625 0.0265625
0 0.20546875 0.36015625 0.15625 0.025
0 0.09375 0.325 0.0953125 0.01875
0 0.06015625 0.309375 0.1125 0.021875
0 0.13203125 0.26640625 0.1515625 0.028125
0 0.03515625 0.259375 0.0671875 0.025
0 0.07578125 0.16171875 0.1203125 0.0203125
0 0.08046875 0.14453125 0.128125 0.0203125
0 0.08203125 0.11015625 0.1390625 0.028125
0 0.03046875 0.04375 0.059375 0.021875
0 0.1640625 0.00546875 0.115625 0.0109375
0 0.24296875 0.04765625 0.1515625 0.03125
0 0.25625 0.09765625 0.15625 0.03125
0 0.1484375 0.08125 0.1125 0.028125