0 0.93359375 0.88203125 0.0609375 0.2359375
0 0.853125 0.81875 0.06484375 0.1578125
0 0.85859375 0.93046875 0.04140625 0.06015625
0 0.75625 0.92890625 0.0625 0.1421875
0 0.71015625 0.90546875 0.05625 0.14921875
0 0.75859375 0.8390625 0.04453125 0.06328125
0 0.6703125 0.828125 0.05703125 0.21953125
0 0.70078125 0.76796875 0.0421875 0.11796875
0 0.6140625 0.8734375 0.03984375 0.24453125
0 0.82890625 0.63671875 0.03125 0.17734375
0 0.85 0.63125 0.0265625 0.18671875
0 0.98203125 0.59453125 0.0296875 0.17578125
0 0.9515625 0.5625 0.0328125 0.159375
0 0.98359375 0.48984375 0.0328125 0.0625
0 0.878125 0.5328125 0.0296875 0.18359375
0 0.82578125 0.51328125 0.02890625 0.140625
0 0.94375 0.47265625 0.028125 0.10234375
0 0.86484375 0.43984375 0.02265625 0.11953125
0 0.91640625 0.45703125 0.0234375 0.15546875
0 0.77578125 0.503125 0.02421875 0.17265625
0 0.7984375 0.48359375 0.025 0.16171875
0 0.7171875 0.5078125 0.03125 0.16953125
0 0.75078125 0.50390625 0.0234375 0.16796875
0 0.7421875 0.39609375 0.02265625 0.084375
0 0.7078125 0.3765625 0.02265625 0.121875
0 0.81171875 0.3609375 0.0234375 0.13046875
0 0.775 0.32109375 0.021875 0.11953125
0 0.75625 0.33203125 0.02109375 0.11015625
0 0.73046875 0.3265625 0.02265625 0.10703125
0 0.675 0.36328125 0.02421875 0.11015625
0 0.696875 0.3109375 0.02109375 0.0703125
0 0.66640625 0.28046875 0.01796875 0.05546875
0 0.61328125 0.35625 0.0234375 0.0734375
0 0.65 0.36171875 0.025 0.07578125
0 0.665625 0.45390625 0.0234375 0.13203125
0 0.61640625 0.45546875 0.02109375 0.09921875
0 0.64453125 0.42890625 0.02421875 0.09375
0 0.64375 0.4828125 0.02890625 0.06015625
0 0.60234375 0.54375 0.03984375 0.16484375
0 0.684375 0.55390625 0.0375 0.10625
0 0.6453125 0.56328125 0.03359375 0.1421875
0 0.68203125 0.63671875 0.03828125 0.13984375
0 0.62421875 0.66328125 0.03671875 0.16875
0 0.590625 0.80859375 0.034375 0.21640625
0 0.56796875 0.77109375 0.0359375 0.20703125
0 0.52890625 0.7828125 0.04375 0.21484375
0 0.55625 0.6265625 0.046875 0.1265625
0 0.51171875 0.63828125 0.04453125 0.12734375
0 0.46484375 0.7625 0.05078125 0.20546875
0 0.465625 0.9296875 0.0671875 0.13046875
0 0.40390625 0.85859375 0.04453125 0.24140625
0 0.340625 0.85859375 0.04453125 0.25859375
0 0.3796875 0.73046875 0.04921875 0.20625
0 0.33984375 0.6890625 0.03828125 0.14375
0 0.27578125 0.75859375 0.04296875 0.23359375
0 0.18984375 0.81015625 0.04453125 0.23125
0 0.128125 0.81953125 0.04765625 0.259375
0 0.06640625 0.83125 0.04296875 0.22578125
0 0.01875 0.79140625 0.03671875 0.18125
0 0.03984375 0.67578125 0.0359375 0.19765625
0 0.2 0.64921875 0.03359375 0.11484375
0 0.23125 0.6734375 0.03359375 0.2
0 0.26484375 0.62578125 0.0375 0.10234375
0 0.36015625 0.5890625 0.0359375 0.0921875
0 0.315625 0.58984375 0.03359375 0.18046875
0 0.25078125 0.5171875 0.03515625 0.11328125
0 0.1828125 0.590625 0.0375 0.140625
0 0.13046875 0.5734375 0.03203125 0.19375
0 0.15703125 0.5609375 0.0296875 0.196875
0 0.0984375 0.5171875 0.0296875 0.14296875
0 0.03125 0.5140625 0.04140625 0.134375
0 0.0796875 0.64921875 0.03515625 0.16015625
0 0.1015625 0.66484375 0.03203125 0.15625
0 0.56640625 0.52109375 0.034375 0.11015625
0 0.53046875 0.49453125 0.03203125 0.171875
0 0.50078125 0.484375 0.03125 0.13203125
0 0.48359375 0.5359375 0.034375 0.1015625
0 0.4828125 0.61640625 0.0328125 0.11796875
0 0.4421875 0.584375 0.0359375 0.1796875
0 0.459375 0.434375 0.0328125 0.1015625
0 0.415625 0.56640625 0.03359375 0.184375
0 0.3484375 0.528125 0.02734375 0.06953125
0 0.53828125 0.340625 0.025 0.13515625
0 0.5703125 0.35 0.025 0.1421875
0 0.6484375 0.28984375 0.02265625 0.05625
0 0.609375 0.30703125 0.025 0.090625
0 0.49140625 0.34140625 0.0296875 0.1453125
0 0.34921875 0.44609375 0.0359375 0.0984375
0 0.38984375 0.5109375 0.03984375 0.20703125
0 0.2859375 0.41484375 0.03125 0.1625
0 0.3140625 0.40625 0.02265625 0.16015625
0 0.334375 0.40703125 0.02578125 0.13359375
0 0.3609375 0.40234375 0.02734375 0.115625
0 0.38515625 0.37109375 0.03515625 0.08984375
0 0.43984375 0.40234375 0.02265625 0.12265625
0 0.4234375 0.4625 0.0265625 0.0625
0 0.20546875 0.52734375 0.03125 0.0984375
0 0.13671875 0.4 0.03359375 0.09140625
0 0.109375 0.39453125 0.025 0.1015625
0 0.16015625 0.39453125 0.02890625 0.1203125
0 0.1953125 0.3984375 0.025 0.125
0 0.22109375 0.390625 0.025 0.09453125
0 0.24609375 0.39453125 0.028125 0.13359375
0 0.05 0.4328125 0.02578125 0.1671875
0 0.075 0.4078125 0.02421875 0.1421875