0 0.140625 0.84375 0.075 0.3125
0 0.328125 0.80390625 0.0578125 0.328125
0 0.4109375 0.80234375 0.053125 0.3546875
0 0.43671875 0.6828125 0.0515625 0.1625
0 0.57734375 0.81796875 0.0484375 0.3515625
0 0.6453125 0.81328125 0.0375 0.3140625
0 0.73515625 0.93203125 0.0578125 0.1359375
0 0.828125 0.91171875 0.0609375 0.1765625
0 0.91015625 0.903125 0.0546875 0.19375
0 0.98203125 0.9078125 0.0359375 0.159375
0 0.81640625 0.7453125 0.05625 0.2234375
0 0.88515625 0.75859375 0.0546875 0.2078125
0 0.9421875 0.75234375 0.0578125 0.2203125
0 0.928125 0.60625 0.05625 0.1265625
0 0.78515625 0.65703125 0.0421875 0.25625
0 0.74609375 0.64765625 0.04375 0.25
0 0.690625 0.6359375 0.046875 0.309375
0 0.63671875 0.62265625 0.053125 0.165625
0 0.49453125 0.69921875 0.0453125 0.3078125
0 0.5734375 0.58125 0.05 0.140625
0 0.52578125 0.5859375 0.0375 0.203125
0 0.6015625 0.53125 0.034375 0.1734375
0 0.65078125 0.51953125 0.04375 0.159375
0 0.46640625 0.56875 0.0359375 0.1265625
0 0.41875 0.60078125 0.0453125 0.1828125
0 0.3375 0.63203125 0.05625 0.171875
0 0.28828125 0.6453125 0.04375 0.28125
0 0.21875 0.6875 0.0515625 0.325
0 0.0734375 0.6703125 0.0453125 0.31875
0 0.159375 0.59453125 0.040625 0.278125
0 0.01953125 0.6375 0.0390625 0.278125
0 0.17265625 0.4296875 0.0375 0.1125
0 0.1921875 0.4796875 0.0453125 0.175
0 0.1 0.46953125 0.0359375 0.190625
0 0.07890625 0.5015625 0.046875 0.090625
0 0.0359375 0.46171875 0.0421875 0.190625
0 0.39140625 0.5234375 0.040625 0.1671875
0 0.34921875 0.4984375 0.0390625 0.171875
0 0.4671875 0.43046875 0.040625 0.190625
0 0.5265625 0.41171875 0.04375 0.109375
0 0.5328125 0.4765625 0.0484375 0.10625
0 0.58046875 0.31953125 0.03125 0.234375
0 0.63046875 0.34765625 0.040625 0.178125
0 0.6609375 0.39140625 0.0375 0.159375
0 0.7453125 0.43828125 0.034375 0.1703125
0 0.78828125 0.42109375 0.04375 0.159375
0 0.740625 0.52109375 0.0390625 0.1375
0 0.790625 0.5015625 0.05 0.121875
0 0.8765625 0.496875 0.04375 0.178125
0 0.9109375 0.51015625 0.0375 0.140625
0 0.9859375 0.71953125 0.028125 0.2984375
0 0.94921875 0.46796875 0.046875 0.1796875
0 0.9859375 0.43046875 0.028125 0.1546875
0 0.95546875 0.3765625 0.040625 0.09375
0 0.92421875 0.3671875 0.034375 0.153125
0 0.903125 0.3140625 0.034375 0.071875
0 0.85703125 0.4390625 0.034375 0.2171875
0 0.86796875 0.271875 0.028125 0.109375
0 0.8390625 0.3234375 0.028125 0.203125
0 0.80625 0.2890625 0.034375 0.171875
0 0.9828125 0.2390625 0.03125 0.165625
0 0.7203125 0.31953125 0.0328125 0.1625
0 0.78046875 0.265625 0.021875 0.134375
0 0.7546875 0.27890625 0.0375 0.1265625
0 0.6453125 0.26640625 0.03125 0.0984375
0 0.546875 0.28671875 0.03125 0.16875
0 0.48515625 0.33359375 0.040625 0.128125
0 0.41875 0.4140625 0.040625 0.1984375
0 0.33984375 0.3984375 0.040625 0.0890625
0 0.34921875 0.35 0.0390625 0.0828125
0 0.30625 0.37421875 0.0375 0.209375
0 0.25234375 0.37421875 0.0375 0.146875
0 0.21328125 0.3546875 0.040625 0.1421875
0 0.16484375 0.3390625 0.03125 0.1234375
0 0.1984375 0.2859375 0.0328125 0.103125
0 0.16484375 0.2625 0.03125 0.084375
0 0.13359375 0.321875 0.028125 0.1828125
0 0.0953125 0.36171875 0.040625 0.096875
0 0.015625 0.35234375 0.03125 0.134375
0 0.23125 0.4734375 0.03125 0.228125
0 0.0546875 0.29140625 0.0359375 0.190625
0 0.90703125 0.22265625 0.03125 0.134375
0 0.93984375 0.190625 0.0375 0.1625
0 0.975 0.17734375 0.0234375 0.109375
0 0.85625 0.19296875 0.0375 0.1046875
0 0.865625 0.11796875 0.021875 0.1046875
0 0.896875 0.1375 0.0234375 0.13125
0 0.8828125 0.08515625 0.0203125 0.075
0 0.915625 0.09296875 0.0265625 0.115625
0 0.8078125 0.1390625 0.0265625 0.14375
0 0.76015625 0.13828125 0.0265625 0.1203125
0 0.775 0.128125 0.0140625 0.10625
0 0.70390625 0.28125 0.028125 0.159375
0 0.2421875 0.2421875 0.028125 0.09375
0 0.34296875 0.246875 0.0234375 0.115625
0 0.3671875 0.3328125 0.0296875 0.159375
0 0.36875 0.1953125 0.028125 0.128125
0 0.40625 0.23984375 0.0296875 0.2015625
0 0.43828125 0.28671875 0.0375 0.14375
0 0.09140625 0.23828125 0.0328125 0.178125
0 0.1359375 0.2109375 0.03125 0.1203125
0 0.17734375 0.20546875 0.0359375 0.115625
0 0.2 0.16328125 0.034375 0.1375
0 0.22734375 0.21796875 0.025 0.13125
0 0.26875 0.21640625 0.0265625 0.1125
0 0.24765625 0.18203125 0.028125 0.075
0 0.30390625 0.20625 0.03125 0.11875
0 0.3390625 0.1671875 0.028125 0.103125
0 0.02265625 0.196875 0.03125 0.171875
0 0.06328125 0.134375 0.03125 0.125
0 0.10703125 0.1578125 0.034375 0.1203125
0 0.61484375 0.22265625 0.028125 0.15625
0 0.690625 0.21875 0.03125 0.115625
0 0.49453125 0.25546875 0.028125 0.13125
0 0.5109375 0.23828125 0.028125 0.1203125
0 0.44296875 0.21875 0.0328125 0.0953125
0 0.48203125 0.1359375 0.021875 0.11875
0 0.51484375 0.12578125 0.0265625 0.1
0 0.5375 0.1765625 0.03125 0.1171875
0 0.57578125 0.1390625 0.0296875 0.10625
0 0.57890625 0.20234375 0.0359375 0.08125
0 0.7265625 0.1234375 0.028125 0.1515625