0 0.31015625 0.328125 0.6203125 0.1734375
0 0.4296875 0.171875 0.3640625 0.090625
0 0.4046875 0.10078125 0.421875 0.10625
0 0.46484375 0.27109375 0.36875 0.0984375
0 0.3359375 0.54765625 0.503125 0.121875
0 0.3375 0.725 0.675 0.215625
0 0.46328125 0.91875 0.36875 0.0828125
0 0.5109375 0.8171875 0.33125 0.08125
0 0.47734375 0.62734375 0.3078125 0.071875
0 0.4109375 0.38671875 0.43125 0.084375
0 0.48125 0.48984375 0.25625 0.0359375
0 0.52265625 0.459375 0.1875 0.0375
0 0.51796875 0.23125 0.228125 0.046875
0 0.45546875 0.040625 0.35625 0.0796875
0 0.49140625 0.88046875 0.246875 0.0484375