0 0.48515625 0.134375 0.5265625 0.140625
0 0.4671875 0.06171875 0.4125 0.121875
0 0.18359375 0.3203125 0.3671875 0.134375
0 0.1234375 0.175 0.246875 0.15625
0 0.27421875 0.46484375 0.5484375 0.1109375
0 0.36015625 0.54296875 0.4859375 0.1125
0 0.2015625 0.61640625 0.403125 0.0984375
0 0.1359375 0.73046875 0.271875 0.1171875
0 0.24921875 0.80546875 0.496875 0.096875
0 0.17578125 0.953125 0.3515625 0.09375
0 0.49921875 0.69453125 0.5671875 0.1125
0 0.6140625 0.77734375 0.534375 0.1046875
0 0.696875 0.86875 0.478125 0.0953125
0 0.66328125 0.609375 0.45625 0.09375
0 0.6890625 0.49453125 0.3359375 0.09375
0 0.71015625 0.42265625 0.328125 0.1078125
0 0.75390625 0.36953125 0.2875 0.084375
0 0.43359375 0.35390625 0.5046875 0.115625
0 0.66875 0.3328125 0.3328125 0.1
0 0.64765625 0.23125 0.45 0.1421875
0 0.8484375 0.24296875 0.2921875 0.084375
0 0.83984375 0.3 0.26875 0.08125
0 0.77890625 0.1046875 0.3296875 0.1109375
0 0.2015625 0.04609375 0.403125 0.090625
0 0.8625 0.6609375 0.275 0.0640625